[[-0.01289032 -0.07386448 -0.04952237 -0.22331661 -0.06732722  0.0254252
  -0.09480382  0.01464739 -0.03805603 -0.0286983  -0.06685935 -0.03705952
  -0.06377727  0.16718534 -0.03487789  0.08739107 -0.07630497  0.06185721
  -0.01705616  0.0679483   0.09656686  0.15565796 -0.03482385 -0.01002632
   0.20738302 -0.01672053  0.13648301  0.01522567  0.14876826 -0.01802669
  -0.06284875  0.04541314  0.03298516 -0.16671383 -0.00995158  0.07621355
  -0.01354371 -0.10222945  0.16045989  0.0384258  -0.07017197 -0.05081109
  -0.10197206  0.09076954 -0.05155673 -0.07749709  0.12046793 -0.08415617
  -0.05322318 -0.0016049  -0.11896746 -0.03754101  0.25082117 -0.00853395
   0.07489194 -0.03664802 -0.08646111  0.02320062  0.1019453  -0.09528305
   0.09115869 -0.0823529   0.16682401 -0.08689874  0.17402905  0.08198946
  -0.00160306  0.17791063 -0.09039249  0.13375233 -0.06928345  0.03365337
  -0.00174861  0.08714576  0.10054982 -0.08432999  0.00565361 -0.04403488
   0.01942682 -0.06603125  0.01338681  0.01533212 -0.09376036  0.0075578
  -0.06036624 -0.14750122  0.07933503 -0.03335311  0.18606248  0.01785621
   0.03429927  0.12481769  0.04385622 -0.09290354  0.12640145  0.0094282
  -0.08037511 -0.09658258 -0.0842059   0.03517859  0.00815414 -0.04498326
  -0.03491051  0.06984556 -0.0986935  -0.01884834 -0.08937868  0.15534249
   0.04802507  0.14457853 -0.02470929 -0.07602936  0.15462962 -0.05531697
   0.09536775 -0.01183185 -0.05143012 -0.02071037 -0.07397221  0.05135106
   0.06685448  0.03368862  0.03950697 -0.09210045  0.03723554  0.1139215
  -0.08907297 -0.0357906 ]]
[[-0.01289032 -0.07386448 -0.04952237 -0.22331661 -0.06732722  0.0254252
  -0.09480382  0.01464739 -0.03805603 -0.0286983  -0.06685935 -0.03705952
  -0.06377727  0.16718534 -0.03487789  0.08739107 -0.07630497  0.06185721
  -0.01705616  0.0679483   0.09656686  0.15565796 -0.03482385 -0.01002632
   0.20738302 -0.01672053  0.13648301  0.01522567  0.14876826 -0.01802669
  -0.06284875  0.04541314  0.03298516 -0.16671383 -0.00995158  0.07621355
  -0.01354371 -0.10222945  0.16045989  0.0384258  -0.07017197 -0.05081109
  -0.10197206  0.09076954 -0.05155673 -0.07749709  0.12046793 -0.08415617
  -0.05322318 -0.0016049  -0.11896746 -0.03754101  0.25082117 -0.00853395
   0.07489194 -0.03664802 -0.08646111  0.02320062  0.1019453  -0.09528305
   0.09115869 -0.0823529   0.16682401 -0.08689874  0.17402905  0.08198946
  -0.00160306  0.17791063 -0.09039249  0.13375233 -0.06928345  0.03365337
  -0.00174861  0.08714576  0.10054982 -0.08432999  0.00565361 -0.04403488
   0.01942682 -0.06603125  0.01338681  0.01533212 -0.09376036  0.0075578
  -0.06036624 -0.14750122  0.07933503 -0.03335311  0.18606248  0.01785621
   0.03429927  0.12481769  0.04385622 -0.09290354  0.12640145  0.0094282
  -0.08037511 -0.09658258 -0.0842059   0.03517859  0.00815414 -0.04498326
  -0.03491051  0.06984556 -0.0986935  -0.01884834 -0.08937868  0.15534249
   0.04802507  0.14457853 -0.02470929 -0.07602936  0.15462962 -0.05531697
   0.09536775 -0.01183185 -0.05143012 -0.02071037 -0.07397221  0.05135106
   0.06685448  0.03368862  0.03950697 -0.09210045  0.03723554  0.1139215
  -0.08907297 -0.0357906 ]]
[[-0.01289032 -0.07386448 -0.04952237 -0.22331661 -0.06732722  0.0254252
  -0.09480382  0.01464739 -0.03805603 -0.0286983  -0.06685935 -0.03705952
  -0.06377727  0.16718534 -0.03487789  0.08739107 -0.07630497  0.06185721
  -0.01705616  0.0679483   0.09656686  0.15565796 -0.03482385 -0.01002632
   0.20738302 -0.01672053  0.13648301  0.01522567  0.14876826 -0.01802669
  -0.06284875  0.04541314  0.03298516 -0.16671383 -0.00995158  0.07621355
  -0.01354371 -0.10222945  0.16045989  0.0384258  -0.07017197 -0.05081109
  -0.10197206  0.09076954 -0.05155673 -0.07749709  0.12046793 -0.08415617
  -0.05322318 -0.0016049  -0.11896746 -0.03754101  0.25082117 -0.00853395
   0.07489194 -0.03664802 -0.08646111  0.02320062  0.1019453  -0.09528305
   0.09115869 -0.0823529   0.16682401 -0.08689874  0.17402905  0.08198946
  -0.00160306  0.17791063 -0.09039249  0.13375233 -0.06928345  0.03365337
  -0.00174861  0.08714576  0.10054982 -0.08432999  0.00565361 -0.04403488
   0.01942682 -0.06603125  0.01338681  0.01533212 -0.09376036  0.0075578
  -0.06036624 -0.14750122  0.07933503 -0.03335311  0.18606248  0.01785621
   0.03429927  0.12481769  0.04385622 -0.09290354  0.12640145  0.0094282
  -0.08037511 -0.09658258 -0.0842059   0.03517859  0.00815414 -0.04498326
  -0.03491051  0.06984556 -0.0986935  -0.01884834 -0.08937868  0.15534249
   0.04802507  0.14457853 -0.02470929 -0.07602936  0.15462962 -0.05531697
   0.09536775 -0.01183185 -0.05143012 -0.02071037 -0.07397221  0.05135106
   0.06685448  0.03368862  0.03950697 -0.09210045  0.03723554  0.1139215
  -0.08907297 -0.0357906 ]]
[[-0.01289032 -0.07386448 -0.04952237 -0.22331661 -0.06732722  0.0254252
  -0.09480382  0.01464739 -0.03805603 -0.0286983  -0.06685935 -0.03705952
  -0.06377727  0.16718534 -0.03487789  0.08739107 -0.07630497  0.06185721
  -0.01705616  0.0679483   0.09656686  0.15565796 -0.03482385 -0.01002632
   0.20738302 -0.01672053  0.13648301  0.01522567  0.14876826 -0.01802669
  -0.06284875  0.04541314  0.03298516 -0.16671383 -0.00995158  0.07621355
  -0.01354371 -0.10222945  0.16045989  0.0384258  -0.07017197 -0.05081109
  -0.10197206  0.09076954 -0.05155673 -0.07749709  0.12046793 -0.08415617
  -0.05322318 -0.0016049  -0.11896746 -0.03754101  0.25082117 -0.00853395
   0.07489194 -0.03664802 -0.08646111  0.02320062  0.1019453  -0.09528305
   0.09115869 -0.0823529   0.16682401 -0.08689874  0.17402905  0.08198946
  -0.00160306  0.17791063 -0.09039249  0.13375233 -0.06928345  0.03365337
  -0.00174861  0.08714576  0.10054982 -0.08432999  0.00565361 -0.04403488
   0.01942682 -0.06603125  0.01338681  0.01533212 -0.09376036  0.0075578
  -0.06036624 -0.14750122  0.07933503 -0.03335311  0.18606248  0.01785621
   0.03429927  0.12481769  0.04385622 -0.09290354  0.12640145  0.0094282
  -0.08037511 -0.09658258 -0.0842059   0.03517859  0.00815414 -0.04498326
  -0.03491051  0.06984556 -0.0986935  -0.01884834 -0.08937868  0.15534249
   0.04802507  0.14457853 -0.02470929 -0.07602936  0.15462962 -0.05531697
   0.09536775 -0.01183185 -0.05143012 -0.02071037 -0.07397221  0.05135106
   0.06685448  0.03368862  0.03950697 -0.09210045  0.03723554  0.1139215
  -0.08907297 -0.0357906 ]]
[[-0.01289032 -0.07386448 -0.04952237 -0.22331661 -0.06732722  0.0254252
  -0.09480382  0.01464739 -0.03805603 -0.0286983  -0.06685935 -0.03705952
  -0.06377727  0.16718534 -0.03487789  0.08739107 -0.07630497  0.06185721
  -0.01705616  0.0679483   0.09656686  0.15565796 -0.03482385 -0.01002632
   0.20738302 -0.01672053  0.13648301  0.01522567  0.14876826 -0.01802669
  -0.06284875  0.04541314  0.03298516 -0.16671383 -0.00995158  0.07621355
  -0.01354371 -0.10222945  0.16045989  0.0384258  -0.07017197 -0.05081109
  -0.10197206  0.09076954 -0.05155673 -0.07749709  0.12046793 -0.08415617
  -0.05322318 -0.0016049  -0.11896746 -0.03754101  0.25082117 -0.00853395
   0.07489194 -0.03664802 -0.08646111  0.02320062  0.1019453  -0.09528305
   0.09115869 -0.0823529   0.16682401 -0.08689874  0.17402905  0.08198946
  -0.00160306  0.17791063 -0.09039249  0.13375233 -0.06928345  0.03365337
  -0.00174861  0.08714576  0.10054982 -0.08432999  0.00565361 -0.04403488
   0.01942682 -0.06603125  0.01338681  0.01533212 -0.09376036  0.0075578
  -0.06036624 -0.14750122  0.07933503 -0.03335311  0.18606248  0.01785621
   0.03429927  0.12481769  0.04385622 -0.09290354  0.12640145  0.0094282
  -0.08037511 -0.09658258 -0.0842059   0.03517859  0.00815414 -0.04498326
  -0.03491051  0.06984556 -0.0986935  -0.01884834 -0.08937868  0.15534249
   0.04802507  0.14457853 -0.02470929 -0.07602936  0.15462962 -0.05531697
   0.09536775 -0.01183185 -0.05143012 -0.02071037 -0.07397221  0.05135106
   0.06685448  0.03368862  0.03950697 -0.09210045  0.03723554  0.1139215
  -0.08907297 -0.0357906 ]]
[[-0.01289032 -0.07386448 -0.04952237 -0.22331661 -0.06732722  0.0254252
  -0.09480382  0.01464739 -0.03805603 -0.0286983  -0.06685935 -0.03705952
  -0.06377727  0.16718534 -0.03487789  0.08739107 -0.07630497  0.06185721
  -0.01705616  0.0679483   0.09656686  0.15565796 -0.03482385 -0.01002632
   0.20738302 -0.01672053  0.13648301  0.01522567  0.14876826 -0.01802669
  -0.06284875  0.04541314  0.03298516 -0.16671383 -0.00995158  0.07621355
  -0.01354371 -0.10222945  0.16045989  0.0384258  -0.07017197 -0.05081109
  -0.10197206  0.09076954 -0.05155673 -0.07749709  0.12046793 -0.08415617
  -0.05322318 -0.0016049  -0.11896746 -0.03754101  0.25082117 -0.00853395
   0.07489194 -0.03664802 -0.08646111  0.02320062  0.1019453  -0.09528305
   0.09115869 -0.0823529   0.16682401 -0.08689874  0.17402905  0.08198946
  -0.00160306  0.17791063 -0.09039249  0.13375233 -0.06928345  0.03365337
  -0.00174861  0.08714576  0.10054982 -0.08432999  0.00565361 -0.04403488
   0.01942682 -0.06603125  0.01338681  0.01533212 -0.09376036  0.0075578
  -0.06036624 -0.14750122  0.07933503 -0.03335311  0.18606248  0.01785621
   0.03429927  0.12481769  0.04385622 -0.09290354  0.12640145  0.0094282
  -0.08037511 -0.09658258 -0.0842059   0.03517859  0.00815414 -0.04498326
  -0.03491051  0.06984556 -0.0986935  -0.01884834 -0.08937868  0.15534249
   0.04802507  0.14457853 -0.02470929 -0.07602936  0.15462962 -0.05531697
   0.09536775 -0.01183185 -0.05143012 -0.02071037 -0.07397221  0.05135106
   0.06685448  0.03368862  0.03950697 -0.09210045  0.03723554  0.1139215
  -0.08907297 -0.0357906 ]]
[[-0.01289032 -0.07386448 -0.04952237 -0.22331661 -0.06732722  0.0254252
  -0.09480382  0.01464739 -0.03805603 -0.0286983  -0.06685935 -0.03705952
  -0.06377727  0.16718534 -0.03487789  0.08739107 -0.07630497  0.06185721
  -0.01705616  0.0679483   0.09656686  0.15565796 -0.03482385 -0.01002632
   0.20738302 -0.01672053  0.13648301  0.01522567  0.14876826 -0.01802669
  -0.06284875  0.04541314  0.03298516 -0.16671383 -0.00995158  0.07621355
  -0.01354371 -0.10222945  0.16045989  0.0384258  -0.07017197 -0.05081109
  -0.10197206  0.09076954 -0.05155673 -0.07749709  0.12046793 -0.08415617
  -0.05322318 -0.0016049  -0.11896746 -0.03754101  0.25082117 -0.00853395
   0.07489194 -0.03664802 -0.08646111  0.02320062  0.1019453  -0.09528305
   0.09115869 -0.0823529   0.16682401 -0.08689874  0.17402905  0.08198946
  -0.00160306  0.17791063 -0.09039249  0.13375233 -0.06928345  0.03365337
  -0.00174861  0.08714576  0.10054982 -0.08432999  0.00565361 -0.04403488
   0.01942682 -0.06603125  0.01338681  0.01533212 -0.09376036  0.0075578
  -0.06036624 -0.14750122  0.07933503 -0.03335311  0.18606248  0.01785621
   0.03429927  0.12481769  0.04385622 -0.09290354  0.12640145  0.0094282
  -0.08037511 -0.09658258 -0.0842059   0.03517859  0.00815414 -0.04498326
  -0.03491051  0.06984556 -0.0986935  -0.01884834 -0.08937868  0.15534249
   0.04802507  0.14457853 -0.02470929 -0.07602936  0.15462962 -0.05531697
   0.09536775 -0.01183185 -0.05143012 -0.02071037 -0.07397221  0.05135106
   0.06685448  0.03368862  0.03950697 -0.09210045  0.03723554  0.1139215
  -0.08907297 -0.0357906 ]]
[[-0.01289032 -0.07386448 -0.04952237 -0.22331661 -0.06732722  0.0254252
  -0.09480382  0.01464739 -0.03805603 -0.0286983  -0.06685935 -0.03705952
  -0.06377727  0.16718534 -0.03487789  0.08739107 -0.07630497  0.06185721
  -0.01705616  0.0679483   0.09656686  0.15565796 -0.03482385 -0.01002632
   0.20738302 -0.01672053  0.13648301  0.01522567  0.14876826 -0.01802669
  -0.06284875  0.04541314  0.03298516 -0.16671383 -0.00995158  0.07621355
  -0.01354371 -0.10222945  0.16045989  0.0384258  -0.07017197 -0.05081109
  -0.10197206  0.09076954 -0.05155673 -0.07749709  0.12046793 -0.08415617
  -0.05322318 -0.0016049  -0.11896746 -0.03754101  0.25082117 -0.00853395
   0.07489194 -0.03664802 -0.08646111  0.02320062  0.1019453  -0.09528305
   0.09115869 -0.0823529   0.16682401 -0.08689874  0.17402905  0.08198946
  -0.00160306  0.17791063 -0.09039249  0.13375233 -0.06928345  0.03365337
  -0.00174861  0.08714576  0.10054982 -0.08432999  0.00565361 -0.04403488
   0.01942682 -0.06603125  0.01338681  0.01533212 -0.09376036  0.0075578
  -0.06036624 -0.14750122  0.07933503 -0.03335311  0.18606248  0.01785621
   0.03429927  0.12481769  0.04385622 -0.09290354  0.12640145  0.0094282
  -0.08037511 -0.09658258 -0.0842059   0.03517859  0.00815414 -0.04498326
  -0.03491051  0.06984556 -0.0986935  -0.01884834 -0.08937868  0.15534249
   0.04802507  0.14457853 -0.02470929 -0.07602936  0.15462962 -0.05531697
   0.09536775 -0.01183185 -0.05143012 -0.02071037 -0.07397221  0.05135106
   0.06685448  0.03368862  0.03950697 -0.09210045  0.03723554  0.1139215
  -0.08907297 -0.0357906 ]]
[[-0.01289032 -0.07386448 -0.04952237 -0.22331661 -0.06732722  0.0254252
  -0.09480382  0.01464739 -0.03805603 -0.0286983  -0.06685935 -0.03705952
  -0.06377727  0.16718534 -0.03487789  0.08739107 -0.07630497  0.06185721
  -0.01705616  0.0679483   0.09656686  0.15565796 -0.03482385 -0.01002632
   0.20738302 -0.01672053  0.13648301  0.01522567  0.14876826 -0.01802669
  -0.06284875  0.04541314  0.03298516 -0.16671383 -0.00995158  0.07621355
  -0.01354371 -0.10222945  0.16045989  0.0384258  -0.07017197 -0.05081109
  -0.10197206  0.09076954 -0.05155673 -0.07749709  0.12046793 -0.08415617
  -0.05322318 -0.0016049  -0.11896746 -0.03754101  0.25082117 -0.00853395
   0.07489194 -0.03664802 -0.08646111  0.02320062  0.1019453  -0.09528305
   0.09115869 -0.0823529   0.16682401 -0.08689874  0.17402905  0.08198946
  -0.00160306  0.17791063 -0.09039249  0.13375233 -0.06928345  0.03365337
  -0.00174861  0.08714576  0.10054982 -0.08432999  0.00565361 -0.04403488
   0.01942682 -0.06603125  0.01338681  0.01533212 -0.09376036  0.0075578
  -0.06036624 -0.14750122  0.07933503 -0.03335311  0.18606248  0.01785621
   0.03429927  0.12481769  0.04385622 -0.09290354  0.12640145  0.0094282
  -0.08037511 -0.09658258 -0.0842059   0.03517859  0.00815414 -0.04498326
  -0.03491051  0.06984556 -0.0986935  -0.01884834 -0.08937868  0.15534249
   0.04802507  0.14457853 -0.02470929 -0.07602936  0.15462962 -0.05531697
   0.09536775 -0.01183185 -0.05143012 -0.02071037 -0.07397221  0.05135106
   0.06685448  0.03368862  0.03950697 -0.09210045  0.03723554  0.1139215
  -0.08907297 -0.0357906 ]]
[[-0.01289032 -0.07386448 -0.04952237 -0.22331661 -0.06732722  0.0254252
  -0.09480382  0.01464739 -0.03805603 -0.0286983  -0.06685935 -0.03705952
  -0.06377727  0.16718534 -0.03487789  0.08739107 -0.07630497  0.06185721
  -0.01705616  0.0679483   0.09656686  0.15565796 -0.03482385 -0.01002632
   0.20738302 -0.01672053  0.13648301  0.01522567  0.14876826 -0.01802669
  -0.06284875  0.04541314  0.03298516 -0.16671383 -0.00995158  0.07621355
  -0.01354371 -0.10222945  0.16045989  0.0384258  -0.07017197 -0.05081109
  -0.10197206  0.09076954 -0.05155673 -0.07749709  0.12046793 -0.08415617
  -0.05322318 -0.0016049  -0.11896746 -0.03754101  0.25082117 -0.00853395
   0.07489194 -0.03664802 -0.08646111  0.02320062  0.1019453  -0.09528305
   0.09115869 -0.0823529   0.16682401 -0.08689874  0.17402905  0.08198946
  -0.00160306  0.17791063 -0.09039249  0.13375233 -0.06928345  0.03365337
  -0.00174861  0.08714576  0.10054982 -0.08432999  0.00565361 -0.04403488
   0.01942682 -0.06603125  0.01338681  0.01533212 -0.09376036  0.0075578
  -0.06036624 -0.14750122  0.07933503 -0.03335311  0.18606248  0.01785621
   0.03429927  0.12481769  0.04385622 -0.09290354  0.12640145  0.0094282
  -0.08037511 -0.09658258 -0.0842059   0.03517859  0.00815414 -0.04498326
  -0.03491051  0.06984556 -0.0986935  -0.01884834 -0.08937868  0.15534249
   0.04802507  0.14457853 -0.02470929 -0.07602936  0.15462962 -0.05531697
   0.09536775 -0.01183185 -0.05143012 -0.02071037 -0.07397221  0.05135106
   0.06685448  0.03368862  0.03950697 -0.09210045  0.03723554  0.1139215
  -0.08907297 -0.0357906 ]]
[[-0.01289032 -0.07386448 -0.04952237 -0.22331661 -0.06732722  0.0254252
  -0.09480382  0.01464739 -0.03805603 -0.0286983  -0.06685935 -0.03705952
  -0.06377727  0.16718534 -0.03487789  0.08739107 -0.07630497  0.06185721
  -0.01705616  0.0679483   0.09656686  0.15565796 -0.03482385 -0.01002632
   0.20738302 -0.01672053  0.13648301  0.01522567  0.14876826 -0.01802669
  -0.06284875  0.04541314  0.03298516 -0.16671383 -0.00995158  0.07621355
  -0.01354371 -0.10222945  0.16045989  0.0384258  -0.07017197 -0.05081109
  -0.10197206  0.09076954 -0.05155673 -0.07749709  0.12046793 -0.08415617
  -0.05322318 -0.0016049  -0.11896746 -0.03754101  0.25082117 -0.00853395
   0.07489194 -0.03664802 -0.08646111  0.02320062  0.1019453  -0.09528305
   0.09115869 -0.0823529   0.16682401 -0.08689874  0.17402905  0.08198946
  -0.00160306  0.17791063 -0.09039249  0.13375233 -0.06928345  0.03365337
  -0.00174861  0.08714576  0.10054982 -0.08432999  0.00565361 -0.04403488
   0.01942682 -0.06603125  0.01338681  0.01533212 -0.09376036  0.0075578
  -0.06036624 -0.14750122  0.07933503 -0.03335311  0.18606248  0.01785621
   0.03429927  0.12481769  0.04385622 -0.09290354  0.12640145  0.0094282
  -0.08037511 -0.09658258 -0.0842059   0.03517859  0.00815414 -0.04498326
  -0.03491051  0.06984556 -0.0986935  -0.01884834 -0.08937868  0.15534249
   0.04802507  0.14457853 -0.02470929 -0.07602936  0.15462962 -0.05531697
   0.09536775 -0.01183185 -0.05143012 -0.02071037 -0.07397221  0.05135106
   0.06685448  0.03368862  0.03950697 -0.09210045  0.03723554  0.1139215
  -0.08907297 -0.0357906 ]]
[[-0.01289032 -0.07386448 -0.04952237 -0.22331661 -0.06732722  0.0254252
  -0.09480382  0.01464739 -0.03805603 -0.0286983  -0.06685935 -0.03705952
  -0.06377727  0.16718534 -0.03487789  0.08739107 -0.07630497  0.06185721
  -0.01705616  0.0679483   0.09656686  0.15565796 -0.03482385 -0.01002632
   0.20738302 -0.01672053  0.13648301  0.01522567  0.14876826 -0.01802669
  -0.06284875  0.04541314  0.03298516 -0.16671383 -0.00995158  0.07621355
  -0.01354371 -0.10222945  0.16045989  0.0384258  -0.07017197 -0.05081109
  -0.10197206  0.09076954 -0.05155673 -0.07749709  0.12046793 -0.08415617
  -0.05322318 -0.0016049  -0.11896746 -0.03754101  0.25082117 -0.00853395
   0.07489194 -0.03664802 -0.08646111  0.02320062  0.1019453  -0.09528305
   0.09115869 -0.0823529   0.16682401 -0.08689874  0.17402905  0.08198946
  -0.00160306  0.17791063 -0.09039249  0.13375233 -0.06928345  0.03365337
  -0.00174861  0.08714576  0.10054982 -0.08432999  0.00565361 -0.04403488
   0.01942682 -0.06603125  0.01338681  0.01533212 -0.09376036  0.0075578
  -0.06036624 -0.14750122  0.07933503 -0.03335311  0.18606248  0.01785621
   0.03429927  0.12481769  0.04385622 -0.09290354  0.12640145  0.0094282
  -0.08037511 -0.09658258 -0.0842059   0.03517859  0.00815414 -0.04498326
  -0.03491051  0.06984556 -0.0986935  -0.01884834 -0.08937868  0.15534249
   0.04802507  0.14457853 -0.02470929 -0.07602936  0.15462962 -0.05531697
   0.09536775 -0.01183185 -0.05143012 -0.02071037 -0.07397221  0.05135106
   0.06685448  0.03368862  0.03950697 -0.09210045  0.03723554  0.1139215
  -0.08907297 -0.0357906 ]]
[[-0.01289032 -0.07386448 -0.04952237 -0.22331661 -0.06732722  0.0254252
  -0.09480382  0.01464739 -0.03805603 -0.0286983  -0.06685935 -0.03705952
  -0.06377727  0.16718534 -0.03487789  0.08739107 -0.07630497  0.06185721
  -0.01705616  0.0679483   0.09656686  0.15565796 -0.03482385 -0.01002632
   0.20738302 -0.01672053  0.13648301  0.01522567  0.14876826 -0.01802669
  -0.06284875  0.04541314  0.03298516 -0.16671383 -0.00995158  0.07621355
  -0.01354371 -0.10222945  0.16045989  0.0384258  -0.07017197 -0.05081109
  -0.10197206  0.09076954 -0.05155673 -0.07749709  0.12046793 -0.08415617
  -0.05322318 -0.0016049  -0.11896746 -0.03754101  0.25082117 -0.00853395
   0.07489194 -0.03664802 -0.08646111  0.02320062  0.1019453  -0.09528305
   0.09115869 -0.0823529   0.16682401 -0.08689874  0.17402905  0.08198946
  -0.00160306  0.17791063 -0.09039249  0.13375233 -0.06928345  0.03365337
  -0.00174861  0.08714576  0.10054982 -0.08432999  0.00565361 -0.04403488
   0.01942682 -0.06603125  0.01338681  0.01533212 -0.09376036  0.0075578
  -0.06036624 -0.14750122  0.07933503 -0.03335311  0.18606248  0.01785621
   0.03429927  0.12481769  0.04385622 -0.09290354  0.12640145  0.0094282
  -0.08037511 -0.09658258 -0.0842059   0.03517859  0.00815414 -0.04498326
  -0.03491051  0.06984556 -0.0986935  -0.01884834 -0.08937868  0.15534249
   0.04802507  0.14457853 -0.02470929 -0.07602936  0.15462962 -0.05531697
   0.09536775 -0.01183185 -0.05143012 -0.02071037 -0.07397221  0.05135106
   0.06685448  0.03368862  0.03950697 -0.09210045  0.03723554  0.1139215
  -0.08907297 -0.0357906 ]]
