[[ 7.36989975e-02 -8.68169516e-02 -9.20364782e-02 -1.84630290e-01
  -1.01785036e-03  5.01468554e-02 -5.61973006e-02 -2.55273804e-02
   4.99346070e-02  1.12548806e-02 -8.38012323e-02  2.84789111e-02
  -4.01629247e-02  1.61849380e-01 -6.38039783e-02  4.45544571e-02
   2.61557903e-02  5.30195162e-02  3.99641022e-02  1.84414666e-02
   1.64581001e-01  1.50459990e-01  3.80511326e-03  4.93895486e-02
   9.86273289e-02 -8.21738169e-02  1.56641304e-01 -1.51221873e-02
   1.05700217e-01 -4.98456955e-02 -2.66446192e-02 -1.16723571e-02
   1.00164376e-01 -3.41234989e-02  2.00171154e-02 -2.27878965e-03
   9.69901830e-02 -7.95349702e-02  2.23695323e-01 -2.57699322e-02
  -6.69490397e-02 -8.44137277e-03 -6.10419065e-02  1.07220918e-01
  -3.24116908e-02 -7.41158724e-02  1.68372288e-01 -8.93034115e-02
  -2.13403348e-02 -3.64040170e-05 -1.15097560e-01 -3.60863172e-02
   2.67073900e-01 -2.10546628e-02  1.06097460e-01  4.12714258e-02
  -7.52835274e-02 -1.59564316e-02  7.91374817e-02 -9.03642774e-02
   7.01442510e-02 -1.60943605e-02  2.40032285e-01 -1.01313509e-01
   1.57539994e-01  1.34128526e-01  1.16118048e-04  3.39433327e-02
  -9.13218036e-02  2.18465373e-01 -5.84572554e-02 -3.65016311e-02
   3.77543569e-02 -4.66450192e-02  5.45793911e-03 -8.10036510e-02
   5.94565235e-02 -2.70331465e-02  4.10551168e-02 -1.26854554e-01
   1.61674559e-01  6.38944563e-03 -9.19997841e-02 -5.18975556e-02
  -4.87720734e-03 -6.67453483e-02  5.77435493e-02  6.69199526e-02
   1.51476279e-01 -8.51969495e-02 -6.12486191e-02  1.30333334e-01
   8.40150341e-02 -7.78336450e-02  1.40276685e-01  4.05103900e-02
  -2.91238669e-02 -7.36078992e-02 -8.03304091e-02  4.30740677e-02
  -5.91488071e-02 -5.91594949e-02 -2.50253268e-02  1.93783212e-02
  -7.45270923e-02  1.59687959e-02 -5.16008362e-02  1.31385252e-01
  -2.69948933e-02  1.44235432e-01 -8.70962068e-03 -6.65141568e-02
   2.53066093e-01  1.20440004e-02  1.27970383e-01 -4.26180996e-02
   2.99372803e-02  3.50418463e-02 -4.72340956e-02  2.39520874e-02
   1.39523847e-02 -2.64139231e-02  1.18130911e-03 -8.24996978e-02
   1.31591707e-02  6.59790710e-02  4.03442234e-03 -2.69492045e-02]]
[[ 7.36989975e-02 -8.68169516e-02 -9.20364782e-02 -1.84630290e-01
  -1.01785036e-03  5.01468554e-02 -5.61973006e-02 -2.55273804e-02
   4.99346070e-02  1.12548806e-02 -8.38012323e-02  2.84789111e-02
  -4.01629247e-02  1.61849380e-01 -6.38039783e-02  4.45544571e-02
   2.61557903e-02  5.30195162e-02  3.99641022e-02  1.84414666e-02
   1.64581001e-01  1.50459990e-01  3.80511326e-03  4.93895486e-02
   9.86273289e-02 -8.21738169e-02  1.56641304e-01 -1.51221873e-02
   1.05700217e-01 -4.98456955e-02 -2.66446192e-02 -1.16723571e-02
   1.00164376e-01 -3.41234989e-02  2.00171154e-02 -2.27878965e-03
   9.69901830e-02 -7.95349702e-02  2.23695323e-01 -2.57699322e-02
  -6.69490397e-02 -8.44137277e-03 -6.10419065e-02  1.07220918e-01
  -3.24116908e-02 -7.41158724e-02  1.68372288e-01 -8.93034115e-02
  -2.13403348e-02 -3.64040170e-05 -1.15097560e-01 -3.60863172e-02
   2.67073900e-01 -2.10546628e-02  1.06097460e-01  4.12714258e-02
  -7.52835274e-02 -1.59564316e-02  7.91374817e-02 -9.03642774e-02
   7.01442510e-02 -1.60943605e-02  2.40032285e-01 -1.01313509e-01
   1.57539994e-01  1.34128526e-01  1.16118048e-04  3.39433327e-02
  -9.13218036e-02  2.18465373e-01 -5.84572554e-02 -3.65016311e-02
   3.77543569e-02 -4.66450192e-02  5.45793911e-03 -8.10036510e-02
   5.94565235e-02 -2.70331465e-02  4.10551168e-02 -1.26854554e-01
   1.61674559e-01  6.38944563e-03 -9.19997841e-02 -5.18975556e-02
  -4.87720734e-03 -6.67453483e-02  5.77435493e-02  6.69199526e-02
   1.51476279e-01 -8.51969495e-02 -6.12486191e-02  1.30333334e-01
   8.40150341e-02 -7.78336450e-02  1.40276685e-01  4.05103900e-02
  -2.91238669e-02 -7.36078992e-02 -8.03304091e-02  4.30740677e-02
  -5.91488071e-02 -5.91594949e-02 -2.50253268e-02  1.93783212e-02
  -7.45270923e-02  1.59687959e-02 -5.16008362e-02  1.31385252e-01
  -2.69948933e-02  1.44235432e-01 -8.70962068e-03 -6.65141568e-02
   2.53066093e-01  1.20440004e-02  1.27970383e-01 -4.26180996e-02
   2.99372803e-02  3.50418463e-02 -4.72340956e-02  2.39520874e-02
   1.39523847e-02 -2.64139231e-02  1.18130911e-03 -8.24996978e-02
   1.31591707e-02  6.59790710e-02  4.03442234e-03 -2.69492045e-02]]
[[ 7.36989975e-02 -8.68169516e-02 -9.20364782e-02 -1.84630290e-01
  -1.01785036e-03  5.01468554e-02 -5.61973006e-02 -2.55273804e-02
   4.99346070e-02  1.12548806e-02 -8.38012323e-02  2.84789111e-02
  -4.01629247e-02  1.61849380e-01 -6.38039783e-02  4.45544571e-02
   2.61557903e-02  5.30195162e-02  3.99641022e-02  1.84414666e-02
   1.64581001e-01  1.50459990e-01  3.80511326e-03  4.93895486e-02
   9.86273289e-02 -8.21738169e-02  1.56641304e-01 -1.51221873e-02
   1.05700217e-01 -4.98456955e-02 -2.66446192e-02 -1.16723571e-02
   1.00164376e-01 -3.41234989e-02  2.00171154e-02 -2.27878965e-03
   9.69901830e-02 -7.95349702e-02  2.23695323e-01 -2.57699322e-02
  -6.69490397e-02 -8.44137277e-03 -6.10419065e-02  1.07220918e-01
  -3.24116908e-02 -7.41158724e-02  1.68372288e-01 -8.93034115e-02
  -2.13403348e-02 -3.64040170e-05 -1.15097560e-01 -3.60863172e-02
   2.67073900e-01 -2.10546628e-02  1.06097460e-01  4.12714258e-02
  -7.52835274e-02 -1.59564316e-02  7.91374817e-02 -9.03642774e-02
   7.01442510e-02 -1.60943605e-02  2.40032285e-01 -1.01313509e-01
   1.57539994e-01  1.34128526e-01  1.16118048e-04  3.39433327e-02
  -9.13218036e-02  2.18465373e-01 -5.84572554e-02 -3.65016311e-02
   3.77543569e-02 -4.66450192e-02  5.45793911e-03 -8.10036510e-02
   5.94565235e-02 -2.70331465e-02  4.10551168e-02 -1.26854554e-01
   1.61674559e-01  6.38944563e-03 -9.19997841e-02 -5.18975556e-02
  -4.87720734e-03 -6.67453483e-02  5.77435493e-02  6.69199526e-02
   1.51476279e-01 -8.51969495e-02 -6.12486191e-02  1.30333334e-01
   8.40150341e-02 -7.78336450e-02  1.40276685e-01  4.05103900e-02
  -2.91238669e-02 -7.36078992e-02 -8.03304091e-02  4.30740677e-02
  -5.91488071e-02 -5.91594949e-02 -2.50253268e-02  1.93783212e-02
  -7.45270923e-02  1.59687959e-02 -5.16008362e-02  1.31385252e-01
  -2.69948933e-02  1.44235432e-01 -8.70962068e-03 -6.65141568e-02
   2.53066093e-01  1.20440004e-02  1.27970383e-01 -4.26180996e-02
   2.99372803e-02  3.50418463e-02 -4.72340956e-02  2.39520874e-02
   1.39523847e-02 -2.64139231e-02  1.18130911e-03 -8.24996978e-02
   1.31591707e-02  6.59790710e-02  4.03442234e-03 -2.69492045e-02]]
[[ 7.36989975e-02 -8.68169516e-02 -9.20364782e-02 -1.84630290e-01
  -1.01785036e-03  5.01468554e-02 -5.61973006e-02 -2.55273804e-02
   4.99346070e-02  1.12548806e-02 -8.38012323e-02  2.84789111e-02
  -4.01629247e-02  1.61849380e-01 -6.38039783e-02  4.45544571e-02
   2.61557903e-02  5.30195162e-02  3.99641022e-02  1.84414666e-02
   1.64581001e-01  1.50459990e-01  3.80511326e-03  4.93895486e-02
   9.86273289e-02 -8.21738169e-02  1.56641304e-01 -1.51221873e-02
   1.05700217e-01 -4.98456955e-02 -2.66446192e-02 -1.16723571e-02
   1.00164376e-01 -3.41234989e-02  2.00171154e-02 -2.27878965e-03
   9.69901830e-02 -7.95349702e-02  2.23695323e-01 -2.57699322e-02
  -6.69490397e-02 -8.44137277e-03 -6.10419065e-02  1.07220918e-01
  -3.24116908e-02 -7.41158724e-02  1.68372288e-01 -8.93034115e-02
  -2.13403348e-02 -3.64040170e-05 -1.15097560e-01 -3.60863172e-02
   2.67073900e-01 -2.10546628e-02  1.06097460e-01  4.12714258e-02
  -7.52835274e-02 -1.59564316e-02  7.91374817e-02 -9.03642774e-02
   7.01442510e-02 -1.60943605e-02  2.40032285e-01 -1.01313509e-01
   1.57539994e-01  1.34128526e-01  1.16118048e-04  3.39433327e-02
  -9.13218036e-02  2.18465373e-01 -5.84572554e-02 -3.65016311e-02
   3.77543569e-02 -4.66450192e-02  5.45793911e-03 -8.10036510e-02
   5.94565235e-02 -2.70331465e-02  4.10551168e-02 -1.26854554e-01
   1.61674559e-01  6.38944563e-03 -9.19997841e-02 -5.18975556e-02
  -4.87720734e-03 -6.67453483e-02  5.77435493e-02  6.69199526e-02
   1.51476279e-01 -8.51969495e-02 -6.12486191e-02  1.30333334e-01
   8.40150341e-02 -7.78336450e-02  1.40276685e-01  4.05103900e-02
  -2.91238669e-02 -7.36078992e-02 -8.03304091e-02  4.30740677e-02
  -5.91488071e-02 -5.91594949e-02 -2.50253268e-02  1.93783212e-02
  -7.45270923e-02  1.59687959e-02 -5.16008362e-02  1.31385252e-01
  -2.69948933e-02  1.44235432e-01 -8.70962068e-03 -6.65141568e-02
   2.53066093e-01  1.20440004e-02  1.27970383e-01 -4.26180996e-02
   2.99372803e-02  3.50418463e-02 -4.72340956e-02  2.39520874e-02
   1.39523847e-02 -2.64139231e-02  1.18130911e-03 -8.24996978e-02
   1.31591707e-02  6.59790710e-02  4.03442234e-03 -2.69492045e-02]]
[[ 7.36989975e-02 -8.68169516e-02 -9.20364782e-02 -1.84630290e-01
  -1.01785036e-03  5.01468554e-02 -5.61973006e-02 -2.55273804e-02
   4.99346070e-02  1.12548806e-02 -8.38012323e-02  2.84789111e-02
  -4.01629247e-02  1.61849380e-01 -6.38039783e-02  4.45544571e-02
   2.61557903e-02  5.30195162e-02  3.99641022e-02  1.84414666e-02
   1.64581001e-01  1.50459990e-01  3.80511326e-03  4.93895486e-02
   9.86273289e-02 -8.21738169e-02  1.56641304e-01 -1.51221873e-02
   1.05700217e-01 -4.98456955e-02 -2.66446192e-02 -1.16723571e-02
   1.00164376e-01 -3.41234989e-02  2.00171154e-02 -2.27878965e-03
   9.69901830e-02 -7.95349702e-02  2.23695323e-01 -2.57699322e-02
  -6.69490397e-02 -8.44137277e-03 -6.10419065e-02  1.07220918e-01
  -3.24116908e-02 -7.41158724e-02  1.68372288e-01 -8.93034115e-02
  -2.13403348e-02 -3.64040170e-05 -1.15097560e-01 -3.60863172e-02
   2.67073900e-01 -2.10546628e-02  1.06097460e-01  4.12714258e-02
  -7.52835274e-02 -1.59564316e-02  7.91374817e-02 -9.03642774e-02
   7.01442510e-02 -1.60943605e-02  2.40032285e-01 -1.01313509e-01
   1.57539994e-01  1.34128526e-01  1.16118048e-04  3.39433327e-02
  -9.13218036e-02  2.18465373e-01 -5.84572554e-02 -3.65016311e-02
   3.77543569e-02 -4.66450192e-02  5.45793911e-03 -8.10036510e-02
   5.94565235e-02 -2.70331465e-02  4.10551168e-02 -1.26854554e-01
   1.61674559e-01  6.38944563e-03 -9.19997841e-02 -5.18975556e-02
  -4.87720734e-03 -6.67453483e-02  5.77435493e-02  6.69199526e-02
   1.51476279e-01 -8.51969495e-02 -6.12486191e-02  1.30333334e-01
   8.40150341e-02 -7.78336450e-02  1.40276685e-01  4.05103900e-02
  -2.91238669e-02 -7.36078992e-02 -8.03304091e-02  4.30740677e-02
  -5.91488071e-02 -5.91594949e-02 -2.50253268e-02  1.93783212e-02
  -7.45270923e-02  1.59687959e-02 -5.16008362e-02  1.31385252e-01
  -2.69948933e-02  1.44235432e-01 -8.70962068e-03 -6.65141568e-02
   2.53066093e-01  1.20440004e-02  1.27970383e-01 -4.26180996e-02
   2.99372803e-02  3.50418463e-02 -4.72340956e-02  2.39520874e-02
   1.39523847e-02 -2.64139231e-02  1.18130911e-03 -8.24996978e-02
   1.31591707e-02  6.59790710e-02  4.03442234e-03 -2.69492045e-02]]
[[ 7.36989975e-02 -8.68169516e-02 -9.20364782e-02 -1.84630290e-01
  -1.01785036e-03  5.01468554e-02 -5.61973006e-02 -2.55273804e-02
   4.99346070e-02  1.12548806e-02 -8.38012323e-02  2.84789111e-02
  -4.01629247e-02  1.61849380e-01 -6.38039783e-02  4.45544571e-02
   2.61557903e-02  5.30195162e-02  3.99641022e-02  1.84414666e-02
   1.64581001e-01  1.50459990e-01  3.80511326e-03  4.93895486e-02
   9.86273289e-02 -8.21738169e-02  1.56641304e-01 -1.51221873e-02
   1.05700217e-01 -4.98456955e-02 -2.66446192e-02 -1.16723571e-02
   1.00164376e-01 -3.41234989e-02  2.00171154e-02 -2.27878965e-03
   9.69901830e-02 -7.95349702e-02  2.23695323e-01 -2.57699322e-02
  -6.69490397e-02 -8.44137277e-03 -6.10419065e-02  1.07220918e-01
  -3.24116908e-02 -7.41158724e-02  1.68372288e-01 -8.93034115e-02
  -2.13403348e-02 -3.64040170e-05 -1.15097560e-01 -3.60863172e-02
   2.67073900e-01 -2.10546628e-02  1.06097460e-01  4.12714258e-02
  -7.52835274e-02 -1.59564316e-02  7.91374817e-02 -9.03642774e-02
   7.01442510e-02 -1.60943605e-02  2.40032285e-01 -1.01313509e-01
   1.57539994e-01  1.34128526e-01  1.16118048e-04  3.39433327e-02
  -9.13218036e-02  2.18465373e-01 -5.84572554e-02 -3.65016311e-02
   3.77543569e-02 -4.66450192e-02  5.45793911e-03 -8.10036510e-02
   5.94565235e-02 -2.70331465e-02  4.10551168e-02 -1.26854554e-01
   1.61674559e-01  6.38944563e-03 -9.19997841e-02 -5.18975556e-02
  -4.87720734e-03 -6.67453483e-02  5.77435493e-02  6.69199526e-02
   1.51476279e-01 -8.51969495e-02 -6.12486191e-02  1.30333334e-01
   8.40150341e-02 -7.78336450e-02  1.40276685e-01  4.05103900e-02
  -2.91238669e-02 -7.36078992e-02 -8.03304091e-02  4.30740677e-02
  -5.91488071e-02 -5.91594949e-02 -2.50253268e-02  1.93783212e-02
  -7.45270923e-02  1.59687959e-02 -5.16008362e-02  1.31385252e-01
  -2.69948933e-02  1.44235432e-01 -8.70962068e-03 -6.65141568e-02
   2.53066093e-01  1.20440004e-02  1.27970383e-01 -4.26180996e-02
   2.99372803e-02  3.50418463e-02 -4.72340956e-02  2.39520874e-02
   1.39523847e-02 -2.64139231e-02  1.18130911e-03 -8.24996978e-02
   1.31591707e-02  6.59790710e-02  4.03442234e-03 -2.69492045e-02]]
[[ 7.36989975e-02 -8.68169516e-02 -9.20364782e-02 -1.84630290e-01
  -1.01785036e-03  5.01468554e-02 -5.61973006e-02 -2.55273804e-02
   4.99346070e-02  1.12548806e-02 -8.38012323e-02  2.84789111e-02
  -4.01629247e-02  1.61849380e-01 -6.38039783e-02  4.45544571e-02
   2.61557903e-02  5.30195162e-02  3.99641022e-02  1.84414666e-02
   1.64581001e-01  1.50459990e-01  3.80511326e-03  4.93895486e-02
   9.86273289e-02 -8.21738169e-02  1.56641304e-01 -1.51221873e-02
   1.05700217e-01 -4.98456955e-02 -2.66446192e-02 -1.16723571e-02
   1.00164376e-01 -3.41234989e-02  2.00171154e-02 -2.27878965e-03
   9.69901830e-02 -7.95349702e-02  2.23695323e-01 -2.57699322e-02
  -6.69490397e-02 -8.44137277e-03 -6.10419065e-02  1.07220918e-01
  -3.24116908e-02 -7.41158724e-02  1.68372288e-01 -8.93034115e-02
  -2.13403348e-02 -3.64040170e-05 -1.15097560e-01 -3.60863172e-02
   2.67073900e-01 -2.10546628e-02  1.06097460e-01  4.12714258e-02
  -7.52835274e-02 -1.59564316e-02  7.91374817e-02 -9.03642774e-02
   7.01442510e-02 -1.60943605e-02  2.40032285e-01 -1.01313509e-01
   1.57539994e-01  1.34128526e-01  1.16118048e-04  3.39433327e-02
  -9.13218036e-02  2.18465373e-01 -5.84572554e-02 -3.65016311e-02
   3.77543569e-02 -4.66450192e-02  5.45793911e-03 -8.10036510e-02
   5.94565235e-02 -2.70331465e-02  4.10551168e-02 -1.26854554e-01
   1.61674559e-01  6.38944563e-03 -9.19997841e-02 -5.18975556e-02
  -4.87720734e-03 -6.67453483e-02  5.77435493e-02  6.69199526e-02
   1.51476279e-01 -8.51969495e-02 -6.12486191e-02  1.30333334e-01
   8.40150341e-02 -7.78336450e-02  1.40276685e-01  4.05103900e-02
  -2.91238669e-02 -7.36078992e-02 -8.03304091e-02  4.30740677e-02
  -5.91488071e-02 -5.91594949e-02 -2.50253268e-02  1.93783212e-02
  -7.45270923e-02  1.59687959e-02 -5.16008362e-02  1.31385252e-01
  -2.69948933e-02  1.44235432e-01 -8.70962068e-03 -6.65141568e-02
   2.53066093e-01  1.20440004e-02  1.27970383e-01 -4.26180996e-02
   2.99372803e-02  3.50418463e-02 -4.72340956e-02  2.39520874e-02
   1.39523847e-02 -2.64139231e-02  1.18130911e-03 -8.24996978e-02
   1.31591707e-02  6.59790710e-02  4.03442234e-03 -2.69492045e-02]]
[[ 7.36989975e-02 -8.68169516e-02 -9.20364782e-02 -1.84630290e-01
  -1.01785036e-03  5.01468554e-02 -5.61973006e-02 -2.55273804e-02
   4.99346070e-02  1.12548806e-02 -8.38012323e-02  2.84789111e-02
  -4.01629247e-02  1.61849380e-01 -6.38039783e-02  4.45544571e-02
   2.61557903e-02  5.30195162e-02  3.99641022e-02  1.84414666e-02
   1.64581001e-01  1.50459990e-01  3.80511326e-03  4.93895486e-02
   9.86273289e-02 -8.21738169e-02  1.56641304e-01 -1.51221873e-02
   1.05700217e-01 -4.98456955e-02 -2.66446192e-02 -1.16723571e-02
   1.00164376e-01 -3.41234989e-02  2.00171154e-02 -2.27878965e-03
   9.69901830e-02 -7.95349702e-02  2.23695323e-01 -2.57699322e-02
  -6.69490397e-02 -8.44137277e-03 -6.10419065e-02  1.07220918e-01
  -3.24116908e-02 -7.41158724e-02  1.68372288e-01 -8.93034115e-02
  -2.13403348e-02 -3.64040170e-05 -1.15097560e-01 -3.60863172e-02
   2.67073900e-01 -2.10546628e-02  1.06097460e-01  4.12714258e-02
  -7.52835274e-02 -1.59564316e-02  7.91374817e-02 -9.03642774e-02
   7.01442510e-02 -1.60943605e-02  2.40032285e-01 -1.01313509e-01
   1.57539994e-01  1.34128526e-01  1.16118048e-04  3.39433327e-02
  -9.13218036e-02  2.18465373e-01 -5.84572554e-02 -3.65016311e-02
   3.77543569e-02 -4.66450192e-02  5.45793911e-03 -8.10036510e-02
   5.94565235e-02 -2.70331465e-02  4.10551168e-02 -1.26854554e-01
   1.61674559e-01  6.38944563e-03 -9.19997841e-02 -5.18975556e-02
  -4.87720734e-03 -6.67453483e-02  5.77435493e-02  6.69199526e-02
   1.51476279e-01 -8.51969495e-02 -6.12486191e-02  1.30333334e-01
   8.40150341e-02 -7.78336450e-02  1.40276685e-01  4.05103900e-02
  -2.91238669e-02 -7.36078992e-02 -8.03304091e-02  4.30740677e-02
  -5.91488071e-02 -5.91594949e-02 -2.50253268e-02  1.93783212e-02
  -7.45270923e-02  1.59687959e-02 -5.16008362e-02  1.31385252e-01
  -2.69948933e-02  1.44235432e-01 -8.70962068e-03 -6.65141568e-02
   2.53066093e-01  1.20440004e-02  1.27970383e-01 -4.26180996e-02
   2.99372803e-02  3.50418463e-02 -4.72340956e-02  2.39520874e-02
   1.39523847e-02 -2.64139231e-02  1.18130911e-03 -8.24996978e-02
   1.31591707e-02  6.59790710e-02  4.03442234e-03 -2.69492045e-02]]
[[ 7.36989975e-02 -8.68169516e-02 -9.20364782e-02 -1.84630290e-01
  -1.01785036e-03  5.01468554e-02 -5.61973006e-02 -2.55273804e-02
   4.99346070e-02  1.12548806e-02 -8.38012323e-02  2.84789111e-02
  -4.01629247e-02  1.61849380e-01 -6.38039783e-02  4.45544571e-02
   2.61557903e-02  5.30195162e-02  3.99641022e-02  1.84414666e-02
   1.64581001e-01  1.50459990e-01  3.80511326e-03  4.93895486e-02
   9.86273289e-02 -8.21738169e-02  1.56641304e-01 -1.51221873e-02
   1.05700217e-01 -4.98456955e-02 -2.66446192e-02 -1.16723571e-02
   1.00164376e-01 -3.41234989e-02  2.00171154e-02 -2.27878965e-03
   9.69901830e-02 -7.95349702e-02  2.23695323e-01 -2.57699322e-02
  -6.69490397e-02 -8.44137277e-03 -6.10419065e-02  1.07220918e-01
  -3.24116908e-02 -7.41158724e-02  1.68372288e-01 -8.93034115e-02
  -2.13403348e-02 -3.64040170e-05 -1.15097560e-01 -3.60863172e-02
   2.67073900e-01 -2.10546628e-02  1.06097460e-01  4.12714258e-02
  -7.52835274e-02 -1.59564316e-02  7.91374817e-02 -9.03642774e-02
   7.01442510e-02 -1.60943605e-02  2.40032285e-01 -1.01313509e-01
   1.57539994e-01  1.34128526e-01  1.16118048e-04  3.39433327e-02
  -9.13218036e-02  2.18465373e-01 -5.84572554e-02 -3.65016311e-02
   3.77543569e-02 -4.66450192e-02  5.45793911e-03 -8.10036510e-02
   5.94565235e-02 -2.70331465e-02  4.10551168e-02 -1.26854554e-01
   1.61674559e-01  6.38944563e-03 -9.19997841e-02 -5.18975556e-02
  -4.87720734e-03 -6.67453483e-02  5.77435493e-02  6.69199526e-02
   1.51476279e-01 -8.51969495e-02 -6.12486191e-02  1.30333334e-01
   8.40150341e-02 -7.78336450e-02  1.40276685e-01  4.05103900e-02
  -2.91238669e-02 -7.36078992e-02 -8.03304091e-02  4.30740677e-02
  -5.91488071e-02 -5.91594949e-02 -2.50253268e-02  1.93783212e-02
  -7.45270923e-02  1.59687959e-02 -5.16008362e-02  1.31385252e-01
  -2.69948933e-02  1.44235432e-01 -8.70962068e-03 -6.65141568e-02
   2.53066093e-01  1.20440004e-02  1.27970383e-01 -4.26180996e-02
   2.99372803e-02  3.50418463e-02 -4.72340956e-02  2.39520874e-02
   1.39523847e-02 -2.64139231e-02  1.18130911e-03 -8.24996978e-02
   1.31591707e-02  6.59790710e-02  4.03442234e-03 -2.69492045e-02]]
[[ 7.36989975e-02 -8.68169516e-02 -9.20364782e-02 -1.84630290e-01
  -1.01785036e-03  5.01468554e-02 -5.61973006e-02 -2.55273804e-02
   4.99346070e-02  1.12548806e-02 -8.38012323e-02  2.84789111e-02
  -4.01629247e-02  1.61849380e-01 -6.38039783e-02  4.45544571e-02
   2.61557903e-02  5.30195162e-02  3.99641022e-02  1.84414666e-02
   1.64581001e-01  1.50459990e-01  3.80511326e-03  4.93895486e-02
   9.86273289e-02 -8.21738169e-02  1.56641304e-01 -1.51221873e-02
   1.05700217e-01 -4.98456955e-02 -2.66446192e-02 -1.16723571e-02
   1.00164376e-01 -3.41234989e-02  2.00171154e-02 -2.27878965e-03
   9.69901830e-02 -7.95349702e-02  2.23695323e-01 -2.57699322e-02
  -6.69490397e-02 -8.44137277e-03 -6.10419065e-02  1.07220918e-01
  -3.24116908e-02 -7.41158724e-02  1.68372288e-01 -8.93034115e-02
  -2.13403348e-02 -3.64040170e-05 -1.15097560e-01 -3.60863172e-02
   2.67073900e-01 -2.10546628e-02  1.06097460e-01  4.12714258e-02
  -7.52835274e-02 -1.59564316e-02  7.91374817e-02 -9.03642774e-02
   7.01442510e-02 -1.60943605e-02  2.40032285e-01 -1.01313509e-01
   1.57539994e-01  1.34128526e-01  1.16118048e-04  3.39433327e-02
  -9.13218036e-02  2.18465373e-01 -5.84572554e-02 -3.65016311e-02
   3.77543569e-02 -4.66450192e-02  5.45793911e-03 -8.10036510e-02
   5.94565235e-02 -2.70331465e-02  4.10551168e-02 -1.26854554e-01
   1.61674559e-01  6.38944563e-03 -9.19997841e-02 -5.18975556e-02
  -4.87720734e-03 -6.67453483e-02  5.77435493e-02  6.69199526e-02
   1.51476279e-01 -8.51969495e-02 -6.12486191e-02  1.30333334e-01
   8.40150341e-02 -7.78336450e-02  1.40276685e-01  4.05103900e-02
  -2.91238669e-02 -7.36078992e-02 -8.03304091e-02  4.30740677e-02
  -5.91488071e-02 -5.91594949e-02 -2.50253268e-02  1.93783212e-02
  -7.45270923e-02  1.59687959e-02 -5.16008362e-02  1.31385252e-01
  -2.69948933e-02  1.44235432e-01 -8.70962068e-03 -6.65141568e-02
   2.53066093e-01  1.20440004e-02  1.27970383e-01 -4.26180996e-02
   2.99372803e-02  3.50418463e-02 -4.72340956e-02  2.39520874e-02
   1.39523847e-02 -2.64139231e-02  1.18130911e-03 -8.24996978e-02
   1.31591707e-02  6.59790710e-02  4.03442234e-03 -2.69492045e-02]]
[[ 7.36989975e-02 -8.68169516e-02 -9.20364782e-02 -1.84630290e-01
  -1.01785036e-03  5.01468554e-02 -5.61973006e-02 -2.55273804e-02
   4.99346070e-02  1.12548806e-02 -8.38012323e-02  2.84789111e-02
  -4.01629247e-02  1.61849380e-01 -6.38039783e-02  4.45544571e-02
   2.61557903e-02  5.30195162e-02  3.99641022e-02  1.84414666e-02
   1.64581001e-01  1.50459990e-01  3.80511326e-03  4.93895486e-02
   9.86273289e-02 -8.21738169e-02  1.56641304e-01 -1.51221873e-02
   1.05700217e-01 -4.98456955e-02 -2.66446192e-02 -1.16723571e-02
   1.00164376e-01 -3.41234989e-02  2.00171154e-02 -2.27878965e-03
   9.69901830e-02 -7.95349702e-02  2.23695323e-01 -2.57699322e-02
  -6.69490397e-02 -8.44137277e-03 -6.10419065e-02  1.07220918e-01
  -3.24116908e-02 -7.41158724e-02  1.68372288e-01 -8.93034115e-02
  -2.13403348e-02 -3.64040170e-05 -1.15097560e-01 -3.60863172e-02
   2.67073900e-01 -2.10546628e-02  1.06097460e-01  4.12714258e-02
  -7.52835274e-02 -1.59564316e-02  7.91374817e-02 -9.03642774e-02
   7.01442510e-02 -1.60943605e-02  2.40032285e-01 -1.01313509e-01
   1.57539994e-01  1.34128526e-01  1.16118048e-04  3.39433327e-02
  -9.13218036e-02  2.18465373e-01 -5.84572554e-02 -3.65016311e-02
   3.77543569e-02 -4.66450192e-02  5.45793911e-03 -8.10036510e-02
   5.94565235e-02 -2.70331465e-02  4.10551168e-02 -1.26854554e-01
   1.61674559e-01  6.38944563e-03 -9.19997841e-02 -5.18975556e-02
  -4.87720734e-03 -6.67453483e-02  5.77435493e-02  6.69199526e-02
   1.51476279e-01 -8.51969495e-02 -6.12486191e-02  1.30333334e-01
   8.40150341e-02 -7.78336450e-02  1.40276685e-01  4.05103900e-02
  -2.91238669e-02 -7.36078992e-02 -8.03304091e-02  4.30740677e-02
  -5.91488071e-02 -5.91594949e-02 -2.50253268e-02  1.93783212e-02
  -7.45270923e-02  1.59687959e-02 -5.16008362e-02  1.31385252e-01
  -2.69948933e-02  1.44235432e-01 -8.70962068e-03 -6.65141568e-02
   2.53066093e-01  1.20440004e-02  1.27970383e-01 -4.26180996e-02
   2.99372803e-02  3.50418463e-02 -4.72340956e-02  2.39520874e-02
   1.39523847e-02 -2.64139231e-02  1.18130911e-03 -8.24996978e-02
   1.31591707e-02  6.59790710e-02  4.03442234e-03 -2.69492045e-02]]
[[ 7.36989975e-02 -8.68169516e-02 -9.20364782e-02 -1.84630290e-01
  -1.01785036e-03  5.01468554e-02 -5.61973006e-02 -2.55273804e-02
   4.99346070e-02  1.12548806e-02 -8.38012323e-02  2.84789111e-02
  -4.01629247e-02  1.61849380e-01 -6.38039783e-02  4.45544571e-02
   2.61557903e-02  5.30195162e-02  3.99641022e-02  1.84414666e-02
   1.64581001e-01  1.50459990e-01  3.80511326e-03  4.93895486e-02
   9.86273289e-02 -8.21738169e-02  1.56641304e-01 -1.51221873e-02
   1.05700217e-01 -4.98456955e-02 -2.66446192e-02 -1.16723571e-02
   1.00164376e-01 -3.41234989e-02  2.00171154e-02 -2.27878965e-03
   9.69901830e-02 -7.95349702e-02  2.23695323e-01 -2.57699322e-02
  -6.69490397e-02 -8.44137277e-03 -6.10419065e-02  1.07220918e-01
  -3.24116908e-02 -7.41158724e-02  1.68372288e-01 -8.93034115e-02
  -2.13403348e-02 -3.64040170e-05 -1.15097560e-01 -3.60863172e-02
   2.67073900e-01 -2.10546628e-02  1.06097460e-01  4.12714258e-02
  -7.52835274e-02 -1.59564316e-02  7.91374817e-02 -9.03642774e-02
   7.01442510e-02 -1.60943605e-02  2.40032285e-01 -1.01313509e-01
   1.57539994e-01  1.34128526e-01  1.16118048e-04  3.39433327e-02
  -9.13218036e-02  2.18465373e-01 -5.84572554e-02 -3.65016311e-02
   3.77543569e-02 -4.66450192e-02  5.45793911e-03 -8.10036510e-02
   5.94565235e-02 -2.70331465e-02  4.10551168e-02 -1.26854554e-01
   1.61674559e-01  6.38944563e-03 -9.19997841e-02 -5.18975556e-02
  -4.87720734e-03 -6.67453483e-02  5.77435493e-02  6.69199526e-02
   1.51476279e-01 -8.51969495e-02 -6.12486191e-02  1.30333334e-01
   8.40150341e-02 -7.78336450e-02  1.40276685e-01  4.05103900e-02
  -2.91238669e-02 -7.36078992e-02 -8.03304091e-02  4.30740677e-02
  -5.91488071e-02 -5.91594949e-02 -2.50253268e-02  1.93783212e-02
  -7.45270923e-02  1.59687959e-02 -5.16008362e-02  1.31385252e-01
  -2.69948933e-02  1.44235432e-01 -8.70962068e-03 -6.65141568e-02
   2.53066093e-01  1.20440004e-02  1.27970383e-01 -4.26180996e-02
   2.99372803e-02  3.50418463e-02 -4.72340956e-02  2.39520874e-02
   1.39523847e-02 -2.64139231e-02  1.18130911e-03 -8.24996978e-02
   1.31591707e-02  6.59790710e-02  4.03442234e-03 -2.69492045e-02]]
[[ 7.36989975e-02 -8.68169516e-02 -9.20364782e-02 -1.84630290e-01
  -1.01785036e-03  5.01468554e-02 -5.61973006e-02 -2.55273804e-02
   4.99346070e-02  1.12548806e-02 -8.38012323e-02  2.84789111e-02
  -4.01629247e-02  1.61849380e-01 -6.38039783e-02  4.45544571e-02
   2.61557903e-02  5.30195162e-02  3.99641022e-02  1.84414666e-02
   1.64581001e-01  1.50459990e-01  3.80511326e-03  4.93895486e-02
   9.86273289e-02 -8.21738169e-02  1.56641304e-01 -1.51221873e-02
   1.05700217e-01 -4.98456955e-02 -2.66446192e-02 -1.16723571e-02
   1.00164376e-01 -3.41234989e-02  2.00171154e-02 -2.27878965e-03
   9.69901830e-02 -7.95349702e-02  2.23695323e-01 -2.57699322e-02
  -6.69490397e-02 -8.44137277e-03 -6.10419065e-02  1.07220918e-01
  -3.24116908e-02 -7.41158724e-02  1.68372288e-01 -8.93034115e-02
  -2.13403348e-02 -3.64040170e-05 -1.15097560e-01 -3.60863172e-02
   2.67073900e-01 -2.10546628e-02  1.06097460e-01  4.12714258e-02
  -7.52835274e-02 -1.59564316e-02  7.91374817e-02 -9.03642774e-02
   7.01442510e-02 -1.60943605e-02  2.40032285e-01 -1.01313509e-01
   1.57539994e-01  1.34128526e-01  1.16118048e-04  3.39433327e-02
  -9.13218036e-02  2.18465373e-01 -5.84572554e-02 -3.65016311e-02
   3.77543569e-02 -4.66450192e-02  5.45793911e-03 -8.10036510e-02
   5.94565235e-02 -2.70331465e-02  4.10551168e-02 -1.26854554e-01
   1.61674559e-01  6.38944563e-03 -9.19997841e-02 -5.18975556e-02
  -4.87720734e-03 -6.67453483e-02  5.77435493e-02  6.69199526e-02
   1.51476279e-01 -8.51969495e-02 -6.12486191e-02  1.30333334e-01
   8.40150341e-02 -7.78336450e-02  1.40276685e-01  4.05103900e-02
  -2.91238669e-02 -7.36078992e-02 -8.03304091e-02  4.30740677e-02
  -5.91488071e-02 -5.91594949e-02 -2.50253268e-02  1.93783212e-02
  -7.45270923e-02  1.59687959e-02 -5.16008362e-02  1.31385252e-01
  -2.69948933e-02  1.44235432e-01 -8.70962068e-03 -6.65141568e-02
   2.53066093e-01  1.20440004e-02  1.27970383e-01 -4.26180996e-02
   2.99372803e-02  3.50418463e-02 -4.72340956e-02  2.39520874e-02
   1.39523847e-02 -2.64139231e-02  1.18130911e-03 -8.24996978e-02
   1.31591707e-02  6.59790710e-02  4.03442234e-03 -2.69492045e-02]]
[[ 7.36989975e-02 -8.68169516e-02 -9.20364782e-02 -1.84630290e-01
  -1.01785036e-03  5.01468554e-02 -5.61973006e-02 -2.55273804e-02
   4.99346070e-02  1.12548806e-02 -8.38012323e-02  2.84789111e-02
  -4.01629247e-02  1.61849380e-01 -6.38039783e-02  4.45544571e-02
   2.61557903e-02  5.30195162e-02  3.99641022e-02  1.84414666e-02
   1.64581001e-01  1.50459990e-01  3.80511326e-03  4.93895486e-02
   9.86273289e-02 -8.21738169e-02  1.56641304e-01 -1.51221873e-02
   1.05700217e-01 -4.98456955e-02 -2.66446192e-02 -1.16723571e-02
   1.00164376e-01 -3.41234989e-02  2.00171154e-02 -2.27878965e-03
   9.69901830e-02 -7.95349702e-02  2.23695323e-01 -2.57699322e-02
  -6.69490397e-02 -8.44137277e-03 -6.10419065e-02  1.07220918e-01
  -3.24116908e-02 -7.41158724e-02  1.68372288e-01 -8.93034115e-02
  -2.13403348e-02 -3.64040170e-05 -1.15097560e-01 -3.60863172e-02
   2.67073900e-01 -2.10546628e-02  1.06097460e-01  4.12714258e-02
  -7.52835274e-02 -1.59564316e-02  7.91374817e-02 -9.03642774e-02
   7.01442510e-02 -1.60943605e-02  2.40032285e-01 -1.01313509e-01
   1.57539994e-01  1.34128526e-01  1.16118048e-04  3.39433327e-02
  -9.13218036e-02  2.18465373e-01 -5.84572554e-02 -3.65016311e-02
   3.77543569e-02 -4.66450192e-02  5.45793911e-03 -8.10036510e-02
   5.94565235e-02 -2.70331465e-02  4.10551168e-02 -1.26854554e-01
   1.61674559e-01  6.38944563e-03 -9.19997841e-02 -5.18975556e-02
  -4.87720734e-03 -6.67453483e-02  5.77435493e-02  6.69199526e-02
   1.51476279e-01 -8.51969495e-02 -6.12486191e-02  1.30333334e-01
   8.40150341e-02 -7.78336450e-02  1.40276685e-01  4.05103900e-02
  -2.91238669e-02 -7.36078992e-02 -8.03304091e-02  4.30740677e-02
  -5.91488071e-02 -5.91594949e-02 -2.50253268e-02  1.93783212e-02
  -7.45270923e-02  1.59687959e-02 -5.16008362e-02  1.31385252e-01
  -2.69948933e-02  1.44235432e-01 -8.70962068e-03 -6.65141568e-02
   2.53066093e-01  1.20440004e-02  1.27970383e-01 -4.26180996e-02
   2.99372803e-02  3.50418463e-02 -4.72340956e-02  2.39520874e-02
   1.39523847e-02 -2.64139231e-02  1.18130911e-03 -8.24996978e-02
   1.31591707e-02  6.59790710e-02  4.03442234e-03 -2.69492045e-02]]
