[[ 1.08600698e-01 -6.56273514e-02 -6.83561116e-02 -1.99767396e-01
  -3.63756754e-02  2.74364296e-02 -7.52415657e-02 -2.61875372e-02
  -8.21132585e-02 -1.19755380e-02 -9.09975246e-02 -3.28937965e-03
  -9.47926790e-02  1.22917324e-01 -1.49069037e-02  1.59385547e-01
  -8.09714347e-02  8.94509703e-02 -3.07102799e-02  1.08217597e-01
   5.34371920e-02  1.77641481e-01 -8.50634053e-02  2.79998798e-02
   1.27183199e-01 -7.11777955e-02  1.49062470e-01  5.25351763e-02
   1.84347749e-01 -6.73044026e-02 -3.98862772e-02  2.77509391e-02
   7.70969763e-02 -4.52385470e-02 -6.21688843e-04  3.76540087e-02
   4.96520028e-02 -8.21494311e-02  2.10124820e-01 -4.32052538e-02
  -4.45794240e-02 -5.89263253e-02 -9.00362656e-02 -1.18385092e-03
  -1.08753359e-02 -7.75788203e-02  1.67247474e-01 -8.48904252e-02
  -5.49135283e-02  4.44573052e-02 -1.13388874e-01 -2.31141392e-02
   2.25346446e-01 -4.58375514e-02  9.32643786e-02 -1.12381158e-02
  -8.71524662e-02 -3.03928800e-06  9.73747000e-02 -8.57146680e-02
   8.75088125e-02 -4.47536260e-02  2.19395667e-01 -8.74237120e-02
   1.54378951e-01  1.90013275e-01  6.57773763e-02  1.76776037e-01
  -9.31584835e-02  1.32747173e-01 -6.03809990e-02  2.72566397e-02
   7.79250413e-02  1.45734651e-02  1.05503835e-01 -7.73329064e-02
  -8.81525129e-03 -2.93858945e-02  9.01112258e-02 -9.75396484e-02
  -1.80873461e-02  4.59260009e-02 -8.34553540e-02 -2.19339672e-02
  -4.49410938e-02 -1.30132511e-01 -2.46888343e-02 -1.86759178e-02
   1.07199602e-01  7.48768672e-02  2.64827386e-02  3.24640088e-02
   7.30576292e-02 -5.87364025e-02  1.82777256e-01 -5.83602749e-02
  -7.67611489e-02 -8.63839015e-02 -8.18039179e-02  4.06842381e-02
  -8.57435819e-03 -7.86496326e-03 -3.59760597e-02  7.13018253e-02
  -8.65751356e-02  3.32879722e-02 -7.09855035e-02  1.34620205e-01
   5.75401857e-02  1.04255557e-01 -7.03615099e-02 -7.02480525e-02
   1.53731540e-01 -6.31043389e-02  8.58419240e-02 -3.37519459e-02
  -4.30888198e-02 -4.41720383e-03 -6.79548085e-02  1.17434748e-01
   2.56537274e-02 -3.87443369e-03 -1.25220232e-02 -7.82578662e-02
   5.17039374e-02 -4.35153255e-03 -6.96213022e-02 -4.90955338e-02]]
[[ 1.08600698e-01 -6.56273514e-02 -6.83561116e-02 -1.99767396e-01
  -3.63756754e-02  2.74364296e-02 -7.52415657e-02 -2.61875372e-02
  -8.21132585e-02 -1.19755380e-02 -9.09975246e-02 -3.28937965e-03
  -9.47926790e-02  1.22917324e-01 -1.49069037e-02  1.59385547e-01
  -8.09714347e-02  8.94509703e-02 -3.07102799e-02  1.08217597e-01
   5.34371920e-02  1.77641481e-01 -8.50634053e-02  2.79998798e-02
   1.27183199e-01 -7.11777955e-02  1.49062470e-01  5.25351763e-02
   1.84347749e-01 -6.73044026e-02 -3.98862772e-02  2.77509391e-02
   7.70969763e-02 -4.52385470e-02 -6.21688843e-04  3.76540087e-02
   4.96520028e-02 -8.21494311e-02  2.10124820e-01 -4.32052538e-02
  -4.45794240e-02 -5.89263253e-02 -9.00362656e-02 -1.18385092e-03
  -1.08753359e-02 -7.75788203e-02  1.67247474e-01 -8.48904252e-02
  -5.49135283e-02  4.44573052e-02 -1.13388874e-01 -2.31141392e-02
   2.25346446e-01 -4.58375514e-02  9.32643786e-02 -1.12381158e-02
  -8.71524662e-02 -3.03928800e-06  9.73747000e-02 -8.57146680e-02
   8.75088125e-02 -4.47536260e-02  2.19395667e-01 -8.74237120e-02
   1.54378951e-01  1.90013275e-01  6.57773763e-02  1.76776037e-01
  -9.31584835e-02  1.32747173e-01 -6.03809990e-02  2.72566397e-02
   7.79250413e-02  1.45734651e-02  1.05503835e-01 -7.73329064e-02
  -8.81525129e-03 -2.93858945e-02  9.01112258e-02 -9.75396484e-02
  -1.80873461e-02  4.59260009e-02 -8.34553540e-02 -2.19339672e-02
  -4.49410938e-02 -1.30132511e-01 -2.46888343e-02 -1.86759178e-02
   1.07199602e-01  7.48768672e-02  2.64827386e-02  3.24640088e-02
   7.30576292e-02 -5.87364025e-02  1.82777256e-01 -5.83602749e-02
  -7.67611489e-02 -8.63839015e-02 -8.18039179e-02  4.06842381e-02
  -8.57435819e-03 -7.86496326e-03 -3.59760597e-02  7.13018253e-02
  -8.65751356e-02  3.32879722e-02 -7.09855035e-02  1.34620205e-01
   5.75401857e-02  1.04255557e-01 -7.03615099e-02 -7.02480525e-02
   1.53731540e-01 -6.31043389e-02  8.58419240e-02 -3.37519459e-02
  -4.30888198e-02 -4.41720383e-03 -6.79548085e-02  1.17434748e-01
   2.56537274e-02 -3.87443369e-03 -1.25220232e-02 -7.82578662e-02
   5.17039374e-02 -4.35153255e-03 -6.96213022e-02 -4.90955338e-02]]
[[ 1.08600698e-01 -6.56273514e-02 -6.83561116e-02 -1.99767396e-01
  -3.63756754e-02  2.74364296e-02 -7.52415657e-02 -2.61875372e-02
  -8.21132585e-02 -1.19755380e-02 -9.09975246e-02 -3.28937965e-03
  -9.47926790e-02  1.22917324e-01 -1.49069037e-02  1.59385547e-01
  -8.09714347e-02  8.94509703e-02 -3.07102799e-02  1.08217597e-01
   5.34371920e-02  1.77641481e-01 -8.50634053e-02  2.79998798e-02
   1.27183199e-01 -7.11777955e-02  1.49062470e-01  5.25351763e-02
   1.84347749e-01 -6.73044026e-02 -3.98862772e-02  2.77509391e-02
   7.70969763e-02 -4.52385470e-02 -6.21688843e-04  3.76540087e-02
   4.96520028e-02 -8.21494311e-02  2.10124820e-01 -4.32052538e-02
  -4.45794240e-02 -5.89263253e-02 -9.00362656e-02 -1.18385092e-03
  -1.08753359e-02 -7.75788203e-02  1.67247474e-01 -8.48904252e-02
  -5.49135283e-02  4.44573052e-02 -1.13388874e-01 -2.31141392e-02
   2.25346446e-01 -4.58375514e-02  9.32643786e-02 -1.12381158e-02
  -8.71524662e-02 -3.03928800e-06  9.73747000e-02 -8.57146680e-02
   8.75088125e-02 -4.47536260e-02  2.19395667e-01 -8.74237120e-02
   1.54378951e-01  1.90013275e-01  6.57773763e-02  1.76776037e-01
  -9.31584835e-02  1.32747173e-01 -6.03809990e-02  2.72566397e-02
   7.79250413e-02  1.45734651e-02  1.05503835e-01 -7.73329064e-02
  -8.81525129e-03 -2.93858945e-02  9.01112258e-02 -9.75396484e-02
  -1.80873461e-02  4.59260009e-02 -8.34553540e-02 -2.19339672e-02
  -4.49410938e-02 -1.30132511e-01 -2.46888343e-02 -1.86759178e-02
   1.07199602e-01  7.48768672e-02  2.64827386e-02  3.24640088e-02
   7.30576292e-02 -5.87364025e-02  1.82777256e-01 -5.83602749e-02
  -7.67611489e-02 -8.63839015e-02 -8.18039179e-02  4.06842381e-02
  -8.57435819e-03 -7.86496326e-03 -3.59760597e-02  7.13018253e-02
  -8.65751356e-02  3.32879722e-02 -7.09855035e-02  1.34620205e-01
   5.75401857e-02  1.04255557e-01 -7.03615099e-02 -7.02480525e-02
   1.53731540e-01 -6.31043389e-02  8.58419240e-02 -3.37519459e-02
  -4.30888198e-02 -4.41720383e-03 -6.79548085e-02  1.17434748e-01
   2.56537274e-02 -3.87443369e-03 -1.25220232e-02 -7.82578662e-02
   5.17039374e-02 -4.35153255e-03 -6.96213022e-02 -4.90955338e-02]]
[[ 1.08600698e-01 -6.56273514e-02 -6.83561116e-02 -1.99767396e-01
  -3.63756754e-02  2.74364296e-02 -7.52415657e-02 -2.61875372e-02
  -8.21132585e-02 -1.19755380e-02 -9.09975246e-02 -3.28937965e-03
  -9.47926790e-02  1.22917324e-01 -1.49069037e-02  1.59385547e-01
  -8.09714347e-02  8.94509703e-02 -3.07102799e-02  1.08217597e-01
   5.34371920e-02  1.77641481e-01 -8.50634053e-02  2.79998798e-02
   1.27183199e-01 -7.11777955e-02  1.49062470e-01  5.25351763e-02
   1.84347749e-01 -6.73044026e-02 -3.98862772e-02  2.77509391e-02
   7.70969763e-02 -4.52385470e-02 -6.21688843e-04  3.76540087e-02
   4.96520028e-02 -8.21494311e-02  2.10124820e-01 -4.32052538e-02
  -4.45794240e-02 -5.89263253e-02 -9.00362656e-02 -1.18385092e-03
  -1.08753359e-02 -7.75788203e-02  1.67247474e-01 -8.48904252e-02
  -5.49135283e-02  4.44573052e-02 -1.13388874e-01 -2.31141392e-02
   2.25346446e-01 -4.58375514e-02  9.32643786e-02 -1.12381158e-02
  -8.71524662e-02 -3.03928800e-06  9.73747000e-02 -8.57146680e-02
   8.75088125e-02 -4.47536260e-02  2.19395667e-01 -8.74237120e-02
   1.54378951e-01  1.90013275e-01  6.57773763e-02  1.76776037e-01
  -9.31584835e-02  1.32747173e-01 -6.03809990e-02  2.72566397e-02
   7.79250413e-02  1.45734651e-02  1.05503835e-01 -7.73329064e-02
  -8.81525129e-03 -2.93858945e-02  9.01112258e-02 -9.75396484e-02
  -1.80873461e-02  4.59260009e-02 -8.34553540e-02 -2.19339672e-02
  -4.49410938e-02 -1.30132511e-01 -2.46888343e-02 -1.86759178e-02
   1.07199602e-01  7.48768672e-02  2.64827386e-02  3.24640088e-02
   7.30576292e-02 -5.87364025e-02  1.82777256e-01 -5.83602749e-02
  -7.67611489e-02 -8.63839015e-02 -8.18039179e-02  4.06842381e-02
  -8.57435819e-03 -7.86496326e-03 -3.59760597e-02  7.13018253e-02
  -8.65751356e-02  3.32879722e-02 -7.09855035e-02  1.34620205e-01
   5.75401857e-02  1.04255557e-01 -7.03615099e-02 -7.02480525e-02
   1.53731540e-01 -6.31043389e-02  8.58419240e-02 -3.37519459e-02
  -4.30888198e-02 -4.41720383e-03 -6.79548085e-02  1.17434748e-01
   2.56537274e-02 -3.87443369e-03 -1.25220232e-02 -7.82578662e-02
   5.17039374e-02 -4.35153255e-03 -6.96213022e-02 -4.90955338e-02]]
[[ 1.08600698e-01 -6.56273514e-02 -6.83561116e-02 -1.99767396e-01
  -3.63756754e-02  2.74364296e-02 -7.52415657e-02 -2.61875372e-02
  -8.21132585e-02 -1.19755380e-02 -9.09975246e-02 -3.28937965e-03
  -9.47926790e-02  1.22917324e-01 -1.49069037e-02  1.59385547e-01
  -8.09714347e-02  8.94509703e-02 -3.07102799e-02  1.08217597e-01
   5.34371920e-02  1.77641481e-01 -8.50634053e-02  2.79998798e-02
   1.27183199e-01 -7.11777955e-02  1.49062470e-01  5.25351763e-02
   1.84347749e-01 -6.73044026e-02 -3.98862772e-02  2.77509391e-02
   7.70969763e-02 -4.52385470e-02 -6.21688843e-04  3.76540087e-02
   4.96520028e-02 -8.21494311e-02  2.10124820e-01 -4.32052538e-02
  -4.45794240e-02 -5.89263253e-02 -9.00362656e-02 -1.18385092e-03
  -1.08753359e-02 -7.75788203e-02  1.67247474e-01 -8.48904252e-02
  -5.49135283e-02  4.44573052e-02 -1.13388874e-01 -2.31141392e-02
   2.25346446e-01 -4.58375514e-02  9.32643786e-02 -1.12381158e-02
  -8.71524662e-02 -3.03928800e-06  9.73747000e-02 -8.57146680e-02
   8.75088125e-02 -4.47536260e-02  2.19395667e-01 -8.74237120e-02
   1.54378951e-01  1.90013275e-01  6.57773763e-02  1.76776037e-01
  -9.31584835e-02  1.32747173e-01 -6.03809990e-02  2.72566397e-02
   7.79250413e-02  1.45734651e-02  1.05503835e-01 -7.73329064e-02
  -8.81525129e-03 -2.93858945e-02  9.01112258e-02 -9.75396484e-02
  -1.80873461e-02  4.59260009e-02 -8.34553540e-02 -2.19339672e-02
  -4.49410938e-02 -1.30132511e-01 -2.46888343e-02 -1.86759178e-02
   1.07199602e-01  7.48768672e-02  2.64827386e-02  3.24640088e-02
   7.30576292e-02 -5.87364025e-02  1.82777256e-01 -5.83602749e-02
  -7.67611489e-02 -8.63839015e-02 -8.18039179e-02  4.06842381e-02
  -8.57435819e-03 -7.86496326e-03 -3.59760597e-02  7.13018253e-02
  -8.65751356e-02  3.32879722e-02 -7.09855035e-02  1.34620205e-01
   5.75401857e-02  1.04255557e-01 -7.03615099e-02 -7.02480525e-02
   1.53731540e-01 -6.31043389e-02  8.58419240e-02 -3.37519459e-02
  -4.30888198e-02 -4.41720383e-03 -6.79548085e-02  1.17434748e-01
   2.56537274e-02 -3.87443369e-03 -1.25220232e-02 -7.82578662e-02
   5.17039374e-02 -4.35153255e-03 -6.96213022e-02 -4.90955338e-02]]
[[ 1.08600698e-01 -6.56273514e-02 -6.83561116e-02 -1.99767396e-01
  -3.63756754e-02  2.74364296e-02 -7.52415657e-02 -2.61875372e-02
  -8.21132585e-02 -1.19755380e-02 -9.09975246e-02 -3.28937965e-03
  -9.47926790e-02  1.22917324e-01 -1.49069037e-02  1.59385547e-01
  -8.09714347e-02  8.94509703e-02 -3.07102799e-02  1.08217597e-01
   5.34371920e-02  1.77641481e-01 -8.50634053e-02  2.79998798e-02
   1.27183199e-01 -7.11777955e-02  1.49062470e-01  5.25351763e-02
   1.84347749e-01 -6.73044026e-02 -3.98862772e-02  2.77509391e-02
   7.70969763e-02 -4.52385470e-02 -6.21688843e-04  3.76540087e-02
   4.96520028e-02 -8.21494311e-02  2.10124820e-01 -4.32052538e-02
  -4.45794240e-02 -5.89263253e-02 -9.00362656e-02 -1.18385092e-03
  -1.08753359e-02 -7.75788203e-02  1.67247474e-01 -8.48904252e-02
  -5.49135283e-02  4.44573052e-02 -1.13388874e-01 -2.31141392e-02
   2.25346446e-01 -4.58375514e-02  9.32643786e-02 -1.12381158e-02
  -8.71524662e-02 -3.03928800e-06  9.73747000e-02 -8.57146680e-02
   8.75088125e-02 -4.47536260e-02  2.19395667e-01 -8.74237120e-02
   1.54378951e-01  1.90013275e-01  6.57773763e-02  1.76776037e-01
  -9.31584835e-02  1.32747173e-01 -6.03809990e-02  2.72566397e-02
   7.79250413e-02  1.45734651e-02  1.05503835e-01 -7.73329064e-02
  -8.81525129e-03 -2.93858945e-02  9.01112258e-02 -9.75396484e-02
  -1.80873461e-02  4.59260009e-02 -8.34553540e-02 -2.19339672e-02
  -4.49410938e-02 -1.30132511e-01 -2.46888343e-02 -1.86759178e-02
   1.07199602e-01  7.48768672e-02  2.64827386e-02  3.24640088e-02
   7.30576292e-02 -5.87364025e-02  1.82777256e-01 -5.83602749e-02
  -7.67611489e-02 -8.63839015e-02 -8.18039179e-02  4.06842381e-02
  -8.57435819e-03 -7.86496326e-03 -3.59760597e-02  7.13018253e-02
  -8.65751356e-02  3.32879722e-02 -7.09855035e-02  1.34620205e-01
   5.75401857e-02  1.04255557e-01 -7.03615099e-02 -7.02480525e-02
   1.53731540e-01 -6.31043389e-02  8.58419240e-02 -3.37519459e-02
  -4.30888198e-02 -4.41720383e-03 -6.79548085e-02  1.17434748e-01
   2.56537274e-02 -3.87443369e-03 -1.25220232e-02 -7.82578662e-02
   5.17039374e-02 -4.35153255e-03 -6.96213022e-02 -4.90955338e-02]]
[[ 1.08600698e-01 -6.56273514e-02 -6.83561116e-02 -1.99767396e-01
  -3.63756754e-02  2.74364296e-02 -7.52415657e-02 -2.61875372e-02
  -8.21132585e-02 -1.19755380e-02 -9.09975246e-02 -3.28937965e-03
  -9.47926790e-02  1.22917324e-01 -1.49069037e-02  1.59385547e-01
  -8.09714347e-02  8.94509703e-02 -3.07102799e-02  1.08217597e-01
   5.34371920e-02  1.77641481e-01 -8.50634053e-02  2.79998798e-02
   1.27183199e-01 -7.11777955e-02  1.49062470e-01  5.25351763e-02
   1.84347749e-01 -6.73044026e-02 -3.98862772e-02  2.77509391e-02
   7.70969763e-02 -4.52385470e-02 -6.21688843e-04  3.76540087e-02
   4.96520028e-02 -8.21494311e-02  2.10124820e-01 -4.32052538e-02
  -4.45794240e-02 -5.89263253e-02 -9.00362656e-02 -1.18385092e-03
  -1.08753359e-02 -7.75788203e-02  1.67247474e-01 -8.48904252e-02
  -5.49135283e-02  4.44573052e-02 -1.13388874e-01 -2.31141392e-02
   2.25346446e-01 -4.58375514e-02  9.32643786e-02 -1.12381158e-02
  -8.71524662e-02 -3.03928800e-06  9.73747000e-02 -8.57146680e-02
   8.75088125e-02 -4.47536260e-02  2.19395667e-01 -8.74237120e-02
   1.54378951e-01  1.90013275e-01  6.57773763e-02  1.76776037e-01
  -9.31584835e-02  1.32747173e-01 -6.03809990e-02  2.72566397e-02
   7.79250413e-02  1.45734651e-02  1.05503835e-01 -7.73329064e-02
  -8.81525129e-03 -2.93858945e-02  9.01112258e-02 -9.75396484e-02
  -1.80873461e-02  4.59260009e-02 -8.34553540e-02 -2.19339672e-02
  -4.49410938e-02 -1.30132511e-01 -2.46888343e-02 -1.86759178e-02
   1.07199602e-01  7.48768672e-02  2.64827386e-02  3.24640088e-02
   7.30576292e-02 -5.87364025e-02  1.82777256e-01 -5.83602749e-02
  -7.67611489e-02 -8.63839015e-02 -8.18039179e-02  4.06842381e-02
  -8.57435819e-03 -7.86496326e-03 -3.59760597e-02  7.13018253e-02
  -8.65751356e-02  3.32879722e-02 -7.09855035e-02  1.34620205e-01
   5.75401857e-02  1.04255557e-01 -7.03615099e-02 -7.02480525e-02
   1.53731540e-01 -6.31043389e-02  8.58419240e-02 -3.37519459e-02
  -4.30888198e-02 -4.41720383e-03 -6.79548085e-02  1.17434748e-01
   2.56537274e-02 -3.87443369e-03 -1.25220232e-02 -7.82578662e-02
   5.17039374e-02 -4.35153255e-03 -6.96213022e-02 -4.90955338e-02]]
[[ 1.08600698e-01 -6.56273514e-02 -6.83561116e-02 -1.99767396e-01
  -3.63756754e-02  2.74364296e-02 -7.52415657e-02 -2.61875372e-02
  -8.21132585e-02 -1.19755380e-02 -9.09975246e-02 -3.28937965e-03
  -9.47926790e-02  1.22917324e-01 -1.49069037e-02  1.59385547e-01
  -8.09714347e-02  8.94509703e-02 -3.07102799e-02  1.08217597e-01
   5.34371920e-02  1.77641481e-01 -8.50634053e-02  2.79998798e-02
   1.27183199e-01 -7.11777955e-02  1.49062470e-01  5.25351763e-02
   1.84347749e-01 -6.73044026e-02 -3.98862772e-02  2.77509391e-02
   7.70969763e-02 -4.52385470e-02 -6.21688843e-04  3.76540087e-02
   4.96520028e-02 -8.21494311e-02  2.10124820e-01 -4.32052538e-02
  -4.45794240e-02 -5.89263253e-02 -9.00362656e-02 -1.18385092e-03
  -1.08753359e-02 -7.75788203e-02  1.67247474e-01 -8.48904252e-02
  -5.49135283e-02  4.44573052e-02 -1.13388874e-01 -2.31141392e-02
   2.25346446e-01 -4.58375514e-02  9.32643786e-02 -1.12381158e-02
  -8.71524662e-02 -3.03928800e-06  9.73747000e-02 -8.57146680e-02
   8.75088125e-02 -4.47536260e-02  2.19395667e-01 -8.74237120e-02
   1.54378951e-01  1.90013275e-01  6.57773763e-02  1.76776037e-01
  -9.31584835e-02  1.32747173e-01 -6.03809990e-02  2.72566397e-02
   7.79250413e-02  1.45734651e-02  1.05503835e-01 -7.73329064e-02
  -8.81525129e-03 -2.93858945e-02  9.01112258e-02 -9.75396484e-02
  -1.80873461e-02  4.59260009e-02 -8.34553540e-02 -2.19339672e-02
  -4.49410938e-02 -1.30132511e-01 -2.46888343e-02 -1.86759178e-02
   1.07199602e-01  7.48768672e-02  2.64827386e-02  3.24640088e-02
   7.30576292e-02 -5.87364025e-02  1.82777256e-01 -5.83602749e-02
  -7.67611489e-02 -8.63839015e-02 -8.18039179e-02  4.06842381e-02
  -8.57435819e-03 -7.86496326e-03 -3.59760597e-02  7.13018253e-02
  -8.65751356e-02  3.32879722e-02 -7.09855035e-02  1.34620205e-01
   5.75401857e-02  1.04255557e-01 -7.03615099e-02 -7.02480525e-02
   1.53731540e-01 -6.31043389e-02  8.58419240e-02 -3.37519459e-02
  -4.30888198e-02 -4.41720383e-03 -6.79548085e-02  1.17434748e-01
   2.56537274e-02 -3.87443369e-03 -1.25220232e-02 -7.82578662e-02
   5.17039374e-02 -4.35153255e-03 -6.96213022e-02 -4.90955338e-02]]
