[[ 0.06282427 -0.07000902 -0.05328028 -0.1922612  -0.05677579  0.04686284
  -0.08967421  0.00534843 -0.06724646 -0.03039249 -0.07011504 -0.00082616
  -0.10425217  0.18054181 -0.05510882  0.14011833 -0.07551401  0.04535552
  -0.02713017  0.10572935  0.08447662  0.14584944 -0.0671818   0.01127349
   0.13965574 -0.05272957  0.1525004  -0.02117493  0.15852268 -0.05295952
  -0.04643871  0.0316186   0.0424079  -0.11230875 -0.04705387  0.04462026
   0.00508803 -0.08560969  0.171858   -0.01587667 -0.04708143 -0.06422174
  -0.09624984  0.00567613 -0.04022331 -0.09458695  0.1493046  -0.09141903
  -0.04363947  0.02215406 -0.11728185 -0.03201393  0.25066346 -0.04126801
   0.07952943 -0.0158459  -0.08064564 -0.00180438  0.08456442 -0.08662181
   0.06275544 -0.06491838  0.21673654 -0.08472265  0.21467972  0.15721302
   0.01896934  0.1985031  -0.09845056  0.11605341 -0.06100734  0.02405627
   0.02676243  0.05789713  0.04923503 -0.09730029  0.00391921 -0.04240429
   0.06036529 -0.09285275  0.00897277  0.09245379 -0.08567432  0.01949789
  -0.06325982 -0.12296328  0.02103393 -0.05301298  0.16243139  0.05210355
   0.04633684  0.08593179  0.01136146 -0.0728059   0.1514284  -0.0344575
  -0.07876793 -0.09843645 -0.08051763  0.00602338 -0.01008732 -0.03350452
  -0.04979349  0.03537308 -0.08846305  0.00533685 -0.09450926  0.14244506
   0.0887763   0.12137301 -0.06008274 -0.07678667  0.1141869  -0.05349675
   0.09674755  0.03254306 -0.04186919 -0.00840585 -0.07672856  0.09828958
   0.11464009  0.00943965 -0.02389596 -0.08517613  0.02431981  0.05680147
  -0.07931506 -0.02841186]]
[[ 0.06282427 -0.07000902 -0.05328028 -0.1922612  -0.05677579  0.04686284
  -0.08967421  0.00534843 -0.06724646 -0.03039249 -0.07011504 -0.00082616
  -0.10425217  0.18054181 -0.05510882  0.14011833 -0.07551401  0.04535552
  -0.02713017  0.10572935  0.08447662  0.14584944 -0.0671818   0.01127349
   0.13965574 -0.05272957  0.1525004  -0.02117493  0.15852268 -0.05295952
  -0.04643871  0.0316186   0.0424079  -0.11230875 -0.04705387  0.04462026
   0.00508803 -0.08560969  0.171858   -0.01587667 -0.04708143 -0.06422174
  -0.09624984  0.00567613 -0.04022331 -0.09458695  0.1493046  -0.09141903
  -0.04363947  0.02215406 -0.11728185 -0.03201393  0.25066346 -0.04126801
   0.07952943 -0.0158459  -0.08064564 -0.00180438  0.08456442 -0.08662181
   0.06275544 -0.06491838  0.21673654 -0.08472265  0.21467972  0.15721302
   0.01896934  0.1985031  -0.09845056  0.11605341 -0.06100734  0.02405627
   0.02676243  0.05789713  0.04923503 -0.09730029  0.00391921 -0.04240429
   0.06036529 -0.09285275  0.00897277  0.09245379 -0.08567432  0.01949789
  -0.06325982 -0.12296328  0.02103393 -0.05301298  0.16243139  0.05210355
   0.04633684  0.08593179  0.01136146 -0.0728059   0.1514284  -0.0344575
  -0.07876793 -0.09843645 -0.08051763  0.00602338 -0.01008732 -0.03350452
  -0.04979349  0.03537308 -0.08846305  0.00533685 -0.09450926  0.14244506
   0.0887763   0.12137301 -0.06008274 -0.07678667  0.1141869  -0.05349675
   0.09674755  0.03254306 -0.04186919 -0.00840585 -0.07672856  0.09828958
   0.11464009  0.00943965 -0.02389596 -0.08517613  0.02431981  0.05680147
  -0.07931506 -0.02841186]]
[[ 0.06282427 -0.07000902 -0.05328028 -0.1922612  -0.05677579  0.04686284
  -0.08967421  0.00534843 -0.06724646 -0.03039249 -0.07011504 -0.00082616
  -0.10425217  0.18054181 -0.05510882  0.14011833 -0.07551401  0.04535552
  -0.02713017  0.10572935  0.08447662  0.14584944 -0.0671818   0.01127349
   0.13965574 -0.05272957  0.1525004  -0.02117493  0.15852268 -0.05295952
  -0.04643871  0.0316186   0.0424079  -0.11230875 -0.04705387  0.04462026
   0.00508803 -0.08560969  0.171858   -0.01587667 -0.04708143 -0.06422174
  -0.09624984  0.00567613 -0.04022331 -0.09458695  0.1493046  -0.09141903
  -0.04363947  0.02215406 -0.11728185 -0.03201393  0.25066346 -0.04126801
   0.07952943 -0.0158459  -0.08064564 -0.00180438  0.08456442 -0.08662181
   0.06275544 -0.06491838  0.21673654 -0.08472265  0.21467972  0.15721302
   0.01896934  0.1985031  -0.09845056  0.11605341 -0.06100734  0.02405627
   0.02676243  0.05789713  0.04923503 -0.09730029  0.00391921 -0.04240429
   0.06036529 -0.09285275  0.00897277  0.09245379 -0.08567432  0.01949789
  -0.06325982 -0.12296328  0.02103393 -0.05301298  0.16243139  0.05210355
   0.04633684  0.08593179  0.01136146 -0.0728059   0.1514284  -0.0344575
  -0.07876793 -0.09843645 -0.08051763  0.00602338 -0.01008732 -0.03350452
  -0.04979349  0.03537308 -0.08846305  0.00533685 -0.09450926  0.14244506
   0.0887763   0.12137301 -0.06008274 -0.07678667  0.1141869  -0.05349675
   0.09674755  0.03254306 -0.04186919 -0.00840585 -0.07672856  0.09828958
   0.11464009  0.00943965 -0.02389596 -0.08517613  0.02431981  0.05680147
  -0.07931506 -0.02841186]]
[[ 0.06282427 -0.07000902 -0.05328028 -0.1922612  -0.05677579  0.04686284
  -0.08967421  0.00534843 -0.06724646 -0.03039249 -0.07011504 -0.00082616
  -0.10425217  0.18054181 -0.05510882  0.14011833 -0.07551401  0.04535552
  -0.02713017  0.10572935  0.08447662  0.14584944 -0.0671818   0.01127349
   0.13965574 -0.05272957  0.1525004  -0.02117493  0.15852268 -0.05295952
  -0.04643871  0.0316186   0.0424079  -0.11230875 -0.04705387  0.04462026
   0.00508803 -0.08560969  0.171858   -0.01587667 -0.04708143 -0.06422174
  -0.09624984  0.00567613 -0.04022331 -0.09458695  0.1493046  -0.09141903
  -0.04363947  0.02215406 -0.11728185 -0.03201393  0.25066346 -0.04126801
   0.07952943 -0.0158459  -0.08064564 -0.00180438  0.08456442 -0.08662181
   0.06275544 -0.06491838  0.21673654 -0.08472265  0.21467972  0.15721302
   0.01896934  0.1985031  -0.09845056  0.11605341 -0.06100734  0.02405627
   0.02676243  0.05789713  0.04923503 -0.09730029  0.00391921 -0.04240429
   0.06036529 -0.09285275  0.00897277  0.09245379 -0.08567432  0.01949789
  -0.06325982 -0.12296328  0.02103393 -0.05301298  0.16243139  0.05210355
   0.04633684  0.08593179  0.01136146 -0.0728059   0.1514284  -0.0344575
  -0.07876793 -0.09843645 -0.08051763  0.00602338 -0.01008732 -0.03350452
  -0.04979349  0.03537308 -0.08846305  0.00533685 -0.09450926  0.14244506
   0.0887763   0.12137301 -0.06008274 -0.07678667  0.1141869  -0.05349675
   0.09674755  0.03254306 -0.04186919 -0.00840585 -0.07672856  0.09828958
   0.11464009  0.00943965 -0.02389596 -0.08517613  0.02431981  0.05680147
  -0.07931506 -0.02841186]]
[[ 0.06282427 -0.07000902 -0.05328028 -0.1922612  -0.05677579  0.04686284
  -0.08967421  0.00534843 -0.06724646 -0.03039249 -0.07011504 -0.00082616
  -0.10425217  0.18054181 -0.05510882  0.14011833 -0.07551401  0.04535552
  -0.02713017  0.10572935  0.08447662  0.14584944 -0.0671818   0.01127349
   0.13965574 -0.05272957  0.1525004  -0.02117493  0.15852268 -0.05295952
  -0.04643871  0.0316186   0.0424079  -0.11230875 -0.04705387  0.04462026
   0.00508803 -0.08560969  0.171858   -0.01587667 -0.04708143 -0.06422174
  -0.09624984  0.00567613 -0.04022331 -0.09458695  0.1493046  -0.09141903
  -0.04363947  0.02215406 -0.11728185 -0.03201393  0.25066346 -0.04126801
   0.07952943 -0.0158459  -0.08064564 -0.00180438  0.08456442 -0.08662181
   0.06275544 -0.06491838  0.21673654 -0.08472265  0.21467972  0.15721302
   0.01896934  0.1985031  -0.09845056  0.11605341 -0.06100734  0.02405627
   0.02676243  0.05789713  0.04923503 -0.09730029  0.00391921 -0.04240429
   0.06036529 -0.09285275  0.00897277  0.09245379 -0.08567432  0.01949789
  -0.06325982 -0.12296328  0.02103393 -0.05301298  0.16243139  0.05210355
   0.04633684  0.08593179  0.01136146 -0.0728059   0.1514284  -0.0344575
  -0.07876793 -0.09843645 -0.08051763  0.00602338 -0.01008732 -0.03350452
  -0.04979349  0.03537308 -0.08846305  0.00533685 -0.09450926  0.14244506
   0.0887763   0.12137301 -0.06008274 -0.07678667  0.1141869  -0.05349675
   0.09674755  0.03254306 -0.04186919 -0.00840585 -0.07672856  0.09828958
   0.11464009  0.00943965 -0.02389596 -0.08517613  0.02431981  0.05680147
  -0.07931506 -0.02841186]]
[[ 0.06282427 -0.07000902 -0.05328028 -0.1922612  -0.05677579  0.04686284
  -0.08967421  0.00534843 -0.06724646 -0.03039249 -0.07011504 -0.00082616
  -0.10425217  0.18054181 -0.05510882  0.14011833 -0.07551401  0.04535552
  -0.02713017  0.10572935  0.08447662  0.14584944 -0.0671818   0.01127349
   0.13965574 -0.05272957  0.1525004  -0.02117493  0.15852268 -0.05295952
  -0.04643871  0.0316186   0.0424079  -0.11230875 -0.04705387  0.04462026
   0.00508803 -0.08560969  0.171858   -0.01587667 -0.04708143 -0.06422174
  -0.09624984  0.00567613 -0.04022331 -0.09458695  0.1493046  -0.09141903
  -0.04363947  0.02215406 -0.11728185 -0.03201393  0.25066346 -0.04126801
   0.07952943 -0.0158459  -0.08064564 -0.00180438  0.08456442 -0.08662181
   0.06275544 -0.06491838  0.21673654 -0.08472265  0.21467972  0.15721302
   0.01896934  0.1985031  -0.09845056  0.11605341 -0.06100734  0.02405627
   0.02676243  0.05789713  0.04923503 -0.09730029  0.00391921 -0.04240429
   0.06036529 -0.09285275  0.00897277  0.09245379 -0.08567432  0.01949789
  -0.06325982 -0.12296328  0.02103393 -0.05301298  0.16243139  0.05210355
   0.04633684  0.08593179  0.01136146 -0.0728059   0.1514284  -0.0344575
  -0.07876793 -0.09843645 -0.08051763  0.00602338 -0.01008732 -0.03350452
  -0.04979349  0.03537308 -0.08846305  0.00533685 -0.09450926  0.14244506
   0.0887763   0.12137301 -0.06008274 -0.07678667  0.1141869  -0.05349675
   0.09674755  0.03254306 -0.04186919 -0.00840585 -0.07672856  0.09828958
   0.11464009  0.00943965 -0.02389596 -0.08517613  0.02431981  0.05680147
  -0.07931506 -0.02841186]]
[[ 0.06282427 -0.07000902 -0.05328028 -0.1922612  -0.05677579  0.04686284
  -0.08967421  0.00534843 -0.06724646 -0.03039249 -0.07011504 -0.00082616
  -0.10425217  0.18054181 -0.05510882  0.14011833 -0.07551401  0.04535552
  -0.02713017  0.10572935  0.08447662  0.14584944 -0.0671818   0.01127349
   0.13965574 -0.05272957  0.1525004  -0.02117493  0.15852268 -0.05295952
  -0.04643871  0.0316186   0.0424079  -0.11230875 -0.04705387  0.04462026
   0.00508803 -0.08560969  0.171858   -0.01587667 -0.04708143 -0.06422174
  -0.09624984  0.00567613 -0.04022331 -0.09458695  0.1493046  -0.09141903
  -0.04363947  0.02215406 -0.11728185 -0.03201393  0.25066346 -0.04126801
   0.07952943 -0.0158459  -0.08064564 -0.00180438  0.08456442 -0.08662181
   0.06275544 -0.06491838  0.21673654 -0.08472265  0.21467972  0.15721302
   0.01896934  0.1985031  -0.09845056  0.11605341 -0.06100734  0.02405627
   0.02676243  0.05789713  0.04923503 -0.09730029  0.00391921 -0.04240429
   0.06036529 -0.09285275  0.00897277  0.09245379 -0.08567432  0.01949789
  -0.06325982 -0.12296328  0.02103393 -0.05301298  0.16243139  0.05210355
   0.04633684  0.08593179  0.01136146 -0.0728059   0.1514284  -0.0344575
  -0.07876793 -0.09843645 -0.08051763  0.00602338 -0.01008732 -0.03350452
  -0.04979349  0.03537308 -0.08846305  0.00533685 -0.09450926  0.14244506
   0.0887763   0.12137301 -0.06008274 -0.07678667  0.1141869  -0.05349675
   0.09674755  0.03254306 -0.04186919 -0.00840585 -0.07672856  0.09828958
   0.11464009  0.00943965 -0.02389596 -0.08517613  0.02431981  0.05680147
  -0.07931506 -0.02841186]]
[[ 0.06282427 -0.07000902 -0.05328028 -0.1922612  -0.05677579  0.04686284
  -0.08967421  0.00534843 -0.06724646 -0.03039249 -0.07011504 -0.00082616
  -0.10425217  0.18054181 -0.05510882  0.14011833 -0.07551401  0.04535552
  -0.02713017  0.10572935  0.08447662  0.14584944 -0.0671818   0.01127349
   0.13965574 -0.05272957  0.1525004  -0.02117493  0.15852268 -0.05295952
  -0.04643871  0.0316186   0.0424079  -0.11230875 -0.04705387  0.04462026
   0.00508803 -0.08560969  0.171858   -0.01587667 -0.04708143 -0.06422174
  -0.09624984  0.00567613 -0.04022331 -0.09458695  0.1493046  -0.09141903
  -0.04363947  0.02215406 -0.11728185 -0.03201393  0.25066346 -0.04126801
   0.07952943 -0.0158459  -0.08064564 -0.00180438  0.08456442 -0.08662181
   0.06275544 -0.06491838  0.21673654 -0.08472265  0.21467972  0.15721302
   0.01896934  0.1985031  -0.09845056  0.11605341 -0.06100734  0.02405627
   0.02676243  0.05789713  0.04923503 -0.09730029  0.00391921 -0.04240429
   0.06036529 -0.09285275  0.00897277  0.09245379 -0.08567432  0.01949789
  -0.06325982 -0.12296328  0.02103393 -0.05301298  0.16243139  0.05210355
   0.04633684  0.08593179  0.01136146 -0.0728059   0.1514284  -0.0344575
  -0.07876793 -0.09843645 -0.08051763  0.00602338 -0.01008732 -0.03350452
  -0.04979349  0.03537308 -0.08846305  0.00533685 -0.09450926  0.14244506
   0.0887763   0.12137301 -0.06008274 -0.07678667  0.1141869  -0.05349675
   0.09674755  0.03254306 -0.04186919 -0.00840585 -0.07672856  0.09828958
   0.11464009  0.00943965 -0.02389596 -0.08517613  0.02431981  0.05680147
  -0.07931506 -0.02841186]]
[[ 0.06282427 -0.07000902 -0.05328028 -0.1922612  -0.05677579  0.04686284
  -0.08967421  0.00534843 -0.06724646 -0.03039249 -0.07011504 -0.00082616
  -0.10425217  0.18054181 -0.05510882  0.14011833 -0.07551401  0.04535552
  -0.02713017  0.10572935  0.08447662  0.14584944 -0.0671818   0.01127349
   0.13965574 -0.05272957  0.1525004  -0.02117493  0.15852268 -0.05295952
  -0.04643871  0.0316186   0.0424079  -0.11230875 -0.04705387  0.04462026
   0.00508803 -0.08560969  0.171858   -0.01587667 -0.04708143 -0.06422174
  -0.09624984  0.00567613 -0.04022331 -0.09458695  0.1493046  -0.09141903
  -0.04363947  0.02215406 -0.11728185 -0.03201393  0.25066346 -0.04126801
   0.07952943 -0.0158459  -0.08064564 -0.00180438  0.08456442 -0.08662181
   0.06275544 -0.06491838  0.21673654 -0.08472265  0.21467972  0.15721302
   0.01896934  0.1985031  -0.09845056  0.11605341 -0.06100734  0.02405627
   0.02676243  0.05789713  0.04923503 -0.09730029  0.00391921 -0.04240429
   0.06036529 -0.09285275  0.00897277  0.09245379 -0.08567432  0.01949789
  -0.06325982 -0.12296328  0.02103393 -0.05301298  0.16243139  0.05210355
   0.04633684  0.08593179  0.01136146 -0.0728059   0.1514284  -0.0344575
  -0.07876793 -0.09843645 -0.08051763  0.00602338 -0.01008732 -0.03350452
  -0.04979349  0.03537308 -0.08846305  0.00533685 -0.09450926  0.14244506
   0.0887763   0.12137301 -0.06008274 -0.07678667  0.1141869  -0.05349675
   0.09674755  0.03254306 -0.04186919 -0.00840585 -0.07672856  0.09828958
   0.11464009  0.00943965 -0.02389596 -0.08517613  0.02431981  0.05680147
  -0.07931506 -0.02841186]]
[[ 0.06282427 -0.07000902 -0.05328028 -0.1922612  -0.05677579  0.04686284
  -0.08967421  0.00534843 -0.06724646 -0.03039249 -0.07011504 -0.00082616
  -0.10425217  0.18054181 -0.05510882  0.14011833 -0.07551401  0.04535552
  -0.02713017  0.10572935  0.08447662  0.14584944 -0.0671818   0.01127349
   0.13965574 -0.05272957  0.1525004  -0.02117493  0.15852268 -0.05295952
  -0.04643871  0.0316186   0.0424079  -0.11230875 -0.04705387  0.04462026
   0.00508803 -0.08560969  0.171858   -0.01587667 -0.04708143 -0.06422174
  -0.09624984  0.00567613 -0.04022331 -0.09458695  0.1493046  -0.09141903
  -0.04363947  0.02215406 -0.11728185 -0.03201393  0.25066346 -0.04126801
   0.07952943 -0.0158459  -0.08064564 -0.00180438  0.08456442 -0.08662181
   0.06275544 -0.06491838  0.21673654 -0.08472265  0.21467972  0.15721302
   0.01896934  0.1985031  -0.09845056  0.11605341 -0.06100734  0.02405627
   0.02676243  0.05789713  0.04923503 -0.09730029  0.00391921 -0.04240429
   0.06036529 -0.09285275  0.00897277  0.09245379 -0.08567432  0.01949789
  -0.06325982 -0.12296328  0.02103393 -0.05301298  0.16243139  0.05210355
   0.04633684  0.08593179  0.01136146 -0.0728059   0.1514284  -0.0344575
  -0.07876793 -0.09843645 -0.08051763  0.00602338 -0.01008732 -0.03350452
  -0.04979349  0.03537308 -0.08846305  0.00533685 -0.09450926  0.14244506
   0.0887763   0.12137301 -0.06008274 -0.07678667  0.1141869  -0.05349675
   0.09674755  0.03254306 -0.04186919 -0.00840585 -0.07672856  0.09828958
   0.11464009  0.00943965 -0.02389596 -0.08517613  0.02431981  0.05680147
  -0.07931506 -0.02841186]]
[[ 0.06282427 -0.07000902 -0.05328028 -0.1922612  -0.05677579  0.04686284
  -0.08967421  0.00534843 -0.06724646 -0.03039249 -0.07011504 -0.00082616
  -0.10425217  0.18054181 -0.05510882  0.14011833 -0.07551401  0.04535552
  -0.02713017  0.10572935  0.08447662  0.14584944 -0.0671818   0.01127349
   0.13965574 -0.05272957  0.1525004  -0.02117493  0.15852268 -0.05295952
  -0.04643871  0.0316186   0.0424079  -0.11230875 -0.04705387  0.04462026
   0.00508803 -0.08560969  0.171858   -0.01587667 -0.04708143 -0.06422174
  -0.09624984  0.00567613 -0.04022331 -0.09458695  0.1493046  -0.09141903
  -0.04363947  0.02215406 -0.11728185 -0.03201393  0.25066346 -0.04126801
   0.07952943 -0.0158459  -0.08064564 -0.00180438  0.08456442 -0.08662181
   0.06275544 -0.06491838  0.21673654 -0.08472265  0.21467972  0.15721302
   0.01896934  0.1985031  -0.09845056  0.11605341 -0.06100734  0.02405627
   0.02676243  0.05789713  0.04923503 -0.09730029  0.00391921 -0.04240429
   0.06036529 -0.09285275  0.00897277  0.09245379 -0.08567432  0.01949789
  -0.06325982 -0.12296328  0.02103393 -0.05301298  0.16243139  0.05210355
   0.04633684  0.08593179  0.01136146 -0.0728059   0.1514284  -0.0344575
  -0.07876793 -0.09843645 -0.08051763  0.00602338 -0.01008732 -0.03350452
  -0.04979349  0.03537308 -0.08846305  0.00533685 -0.09450926  0.14244506
   0.0887763   0.12137301 -0.06008274 -0.07678667  0.1141869  -0.05349675
   0.09674755  0.03254306 -0.04186919 -0.00840585 -0.07672856  0.09828958
   0.11464009  0.00943965 -0.02389596 -0.08517613  0.02431981  0.05680147
  -0.07931506 -0.02841186]]
[[ 0.06282427 -0.07000902 -0.05328028 -0.1922612  -0.05677579  0.04686284
  -0.08967421  0.00534843 -0.06724646 -0.03039249 -0.07011504 -0.00082616
  -0.10425217  0.18054181 -0.05510882  0.14011833 -0.07551401  0.04535552
  -0.02713017  0.10572935  0.08447662  0.14584944 -0.0671818   0.01127349
   0.13965574 -0.05272957  0.1525004  -0.02117493  0.15852268 -0.05295952
  -0.04643871  0.0316186   0.0424079  -0.11230875 -0.04705387  0.04462026
   0.00508803 -0.08560969  0.171858   -0.01587667 -0.04708143 -0.06422174
  -0.09624984  0.00567613 -0.04022331 -0.09458695  0.1493046  -0.09141903
  -0.04363947  0.02215406 -0.11728185 -0.03201393  0.25066346 -0.04126801
   0.07952943 -0.0158459  -0.08064564 -0.00180438  0.08456442 -0.08662181
   0.06275544 -0.06491838  0.21673654 -0.08472265  0.21467972  0.15721302
   0.01896934  0.1985031  -0.09845056  0.11605341 -0.06100734  0.02405627
   0.02676243  0.05789713  0.04923503 -0.09730029  0.00391921 -0.04240429
   0.06036529 -0.09285275  0.00897277  0.09245379 -0.08567432  0.01949789
  -0.06325982 -0.12296328  0.02103393 -0.05301298  0.16243139  0.05210355
   0.04633684  0.08593179  0.01136146 -0.0728059   0.1514284  -0.0344575
  -0.07876793 -0.09843645 -0.08051763  0.00602338 -0.01008732 -0.03350452
  -0.04979349  0.03537308 -0.08846305  0.00533685 -0.09450926  0.14244506
   0.0887763   0.12137301 -0.06008274 -0.07678667  0.1141869  -0.05349675
   0.09674755  0.03254306 -0.04186919 -0.00840585 -0.07672856  0.09828958
   0.11464009  0.00943965 -0.02389596 -0.08517613  0.02431981  0.05680147
  -0.07931506 -0.02841186]]
