[[-0.00851206 -0.06332909 -0.05608553 -0.22539508 -0.08343551  0.02477814
  -0.09285457  0.03092359 -0.01074551 -0.02691477 -0.06447047 -0.04796606
  -0.04784665  0.17501388 -0.04493245  0.07395478 -0.0669497   0.06591938
  -0.01028787  0.02894362  0.12604703  0.17433986 -0.0160855  -0.00670866
   0.20453236 -0.0504414   0.12295746 -0.00112459  0.12739864 -0.00818127
  -0.05876178  0.05431234  0.03515415 -0.16848248 -0.00178306  0.09890618
  -0.00762472 -0.09998133  0.1797558   0.05110675 -0.0790697  -0.03397737
  -0.10638963  0.10251789 -0.0558126  -0.07670402  0.13690999 -0.07586162
  -0.02561222 -0.00675906 -0.12355218 -0.04192321  0.26839316  0.00557827
   0.09927832 -0.01901879 -0.0905063   0.03745462  0.1130208  -0.09624689
   0.08246969 -0.07903041  0.14179124 -0.08846338  0.13555996  0.07321654
  -0.00905423  0.10672987 -0.08868049  0.15580292 -0.06993514 -0.01198096
  -0.00976839  0.02771148  0.1089051  -0.07963807  0.0368442  -0.03926641
   0.00475437 -0.06084681  0.05757424  0.00388197 -0.09646683 -0.0104072
  -0.05120971 -0.15933892  0.03736849 -0.01606212  0.19074106 -0.01425242
   0.03666328  0.13729878  0.04431211 -0.09310999  0.1172808   0.02047377
  -0.08208974 -0.09362068 -0.09024477  0.05443522 -0.01600893 -0.04243054
  -0.01734071  0.0348146  -0.0996367  -0.0383543  -0.08869781  0.15209164
   0.0210676   0.14325403 -0.02894672 -0.07668608  0.18582289 -0.06718657
   0.11424916 -0.02239973 -0.03044184 -0.00955174 -0.06810985  0.00977364
   0.07390735  0.00755029  0.04087266 -0.09620516  0.035224    0.11213382
  -0.08034129 -0.03767791]]
[[-0.00851206 -0.06332909 -0.05608553 -0.22539508 -0.08343551  0.02477814
  -0.09285457  0.03092359 -0.01074551 -0.02691477 -0.06447047 -0.04796606
  -0.04784665  0.17501388 -0.04493245  0.07395478 -0.0669497   0.06591938
  -0.01028787  0.02894362  0.12604703  0.17433986 -0.0160855  -0.00670866
   0.20453236 -0.0504414   0.12295746 -0.00112459  0.12739864 -0.00818127
  -0.05876178  0.05431234  0.03515415 -0.16848248 -0.00178306  0.09890618
  -0.00762472 -0.09998133  0.1797558   0.05110675 -0.0790697  -0.03397737
  -0.10638963  0.10251789 -0.0558126  -0.07670402  0.13690999 -0.07586162
  -0.02561222 -0.00675906 -0.12355218 -0.04192321  0.26839316  0.00557827
   0.09927832 -0.01901879 -0.0905063   0.03745462  0.1130208  -0.09624689
   0.08246969 -0.07903041  0.14179124 -0.08846338  0.13555996  0.07321654
  -0.00905423  0.10672987 -0.08868049  0.15580292 -0.06993514 -0.01198096
  -0.00976839  0.02771148  0.1089051  -0.07963807  0.0368442  -0.03926641
   0.00475437 -0.06084681  0.05757424  0.00388197 -0.09646683 -0.0104072
  -0.05120971 -0.15933892  0.03736849 -0.01606212  0.19074106 -0.01425242
   0.03666328  0.13729878  0.04431211 -0.09310999  0.1172808   0.02047377
  -0.08208974 -0.09362068 -0.09024477  0.05443522 -0.01600893 -0.04243054
  -0.01734071  0.0348146  -0.0996367  -0.0383543  -0.08869781  0.15209164
   0.0210676   0.14325403 -0.02894672 -0.07668608  0.18582289 -0.06718657
   0.11424916 -0.02239973 -0.03044184 -0.00955174 -0.06810985  0.00977364
   0.07390735  0.00755029  0.04087266 -0.09620516  0.035224    0.11213382
  -0.08034129 -0.03767791]]
[[-0.00851206 -0.06332909 -0.05608553 -0.22539508 -0.08343551  0.02477814
  -0.09285457  0.03092359 -0.01074551 -0.02691477 -0.06447047 -0.04796606
  -0.04784665  0.17501388 -0.04493245  0.07395478 -0.0669497   0.06591938
  -0.01028787  0.02894362  0.12604703  0.17433986 -0.0160855  -0.00670866
   0.20453236 -0.0504414   0.12295746 -0.00112459  0.12739864 -0.00818127
  -0.05876178  0.05431234  0.03515415 -0.16848248 -0.00178306  0.09890618
  -0.00762472 -0.09998133  0.1797558   0.05110675 -0.0790697  -0.03397737
  -0.10638963  0.10251789 -0.0558126  -0.07670402  0.13690999 -0.07586162
  -0.02561222 -0.00675906 -0.12355218 -0.04192321  0.26839316  0.00557827
   0.09927832 -0.01901879 -0.0905063   0.03745462  0.1130208  -0.09624689
   0.08246969 -0.07903041  0.14179124 -0.08846338  0.13555996  0.07321654
  -0.00905423  0.10672987 -0.08868049  0.15580292 -0.06993514 -0.01198096
  -0.00976839  0.02771148  0.1089051  -0.07963807  0.0368442  -0.03926641
   0.00475437 -0.06084681  0.05757424  0.00388197 -0.09646683 -0.0104072
  -0.05120971 -0.15933892  0.03736849 -0.01606212  0.19074106 -0.01425242
   0.03666328  0.13729878  0.04431211 -0.09310999  0.1172808   0.02047377
  -0.08208974 -0.09362068 -0.09024477  0.05443522 -0.01600893 -0.04243054
  -0.01734071  0.0348146  -0.0996367  -0.0383543  -0.08869781  0.15209164
   0.0210676   0.14325403 -0.02894672 -0.07668608  0.18582289 -0.06718657
   0.11424916 -0.02239973 -0.03044184 -0.00955174 -0.06810985  0.00977364
   0.07390735  0.00755029  0.04087266 -0.09620516  0.035224    0.11213382
  -0.08034129 -0.03767791]]
[[-0.00851206 -0.06332909 -0.05608553 -0.22539508 -0.08343551  0.02477814
  -0.09285457  0.03092359 -0.01074551 -0.02691477 -0.06447047 -0.04796606
  -0.04784665  0.17501388 -0.04493245  0.07395478 -0.0669497   0.06591938
  -0.01028787  0.02894362  0.12604703  0.17433986 -0.0160855  -0.00670866
   0.20453236 -0.0504414   0.12295746 -0.00112459  0.12739864 -0.00818127
  -0.05876178  0.05431234  0.03515415 -0.16848248 -0.00178306  0.09890618
  -0.00762472 -0.09998133  0.1797558   0.05110675 -0.0790697  -0.03397737
  -0.10638963  0.10251789 -0.0558126  -0.07670402  0.13690999 -0.07586162
  -0.02561222 -0.00675906 -0.12355218 -0.04192321  0.26839316  0.00557827
   0.09927832 -0.01901879 -0.0905063   0.03745462  0.1130208  -0.09624689
   0.08246969 -0.07903041  0.14179124 -0.08846338  0.13555996  0.07321654
  -0.00905423  0.10672987 -0.08868049  0.15580292 -0.06993514 -0.01198096
  -0.00976839  0.02771148  0.1089051  -0.07963807  0.0368442  -0.03926641
   0.00475437 -0.06084681  0.05757424  0.00388197 -0.09646683 -0.0104072
  -0.05120971 -0.15933892  0.03736849 -0.01606212  0.19074106 -0.01425242
   0.03666328  0.13729878  0.04431211 -0.09310999  0.1172808   0.02047377
  -0.08208974 -0.09362068 -0.09024477  0.05443522 -0.01600893 -0.04243054
  -0.01734071  0.0348146  -0.0996367  -0.0383543  -0.08869781  0.15209164
   0.0210676   0.14325403 -0.02894672 -0.07668608  0.18582289 -0.06718657
   0.11424916 -0.02239973 -0.03044184 -0.00955174 -0.06810985  0.00977364
   0.07390735  0.00755029  0.04087266 -0.09620516  0.035224    0.11213382
  -0.08034129 -0.03767791]]
[[-0.00851206 -0.06332909 -0.05608553 -0.22539508 -0.08343551  0.02477814
  -0.09285457  0.03092359 -0.01074551 -0.02691477 -0.06447047 -0.04796606
  -0.04784665  0.17501388 -0.04493245  0.07395478 -0.0669497   0.06591938
  -0.01028787  0.02894362  0.12604703  0.17433986 -0.0160855  -0.00670866
   0.20453236 -0.0504414   0.12295746 -0.00112459  0.12739864 -0.00818127
  -0.05876178  0.05431234  0.03515415 -0.16848248 -0.00178306  0.09890618
  -0.00762472 -0.09998133  0.1797558   0.05110675 -0.0790697  -0.03397737
  -0.10638963  0.10251789 -0.0558126  -0.07670402  0.13690999 -0.07586162
  -0.02561222 -0.00675906 -0.12355218 -0.04192321  0.26839316  0.00557827
   0.09927832 -0.01901879 -0.0905063   0.03745462  0.1130208  -0.09624689
   0.08246969 -0.07903041  0.14179124 -0.08846338  0.13555996  0.07321654
  -0.00905423  0.10672987 -0.08868049  0.15580292 -0.06993514 -0.01198096
  -0.00976839  0.02771148  0.1089051  -0.07963807  0.0368442  -0.03926641
   0.00475437 -0.06084681  0.05757424  0.00388197 -0.09646683 -0.0104072
  -0.05120971 -0.15933892  0.03736849 -0.01606212  0.19074106 -0.01425242
   0.03666328  0.13729878  0.04431211 -0.09310999  0.1172808   0.02047377
  -0.08208974 -0.09362068 -0.09024477  0.05443522 -0.01600893 -0.04243054
  -0.01734071  0.0348146  -0.0996367  -0.0383543  -0.08869781  0.15209164
   0.0210676   0.14325403 -0.02894672 -0.07668608  0.18582289 -0.06718657
   0.11424916 -0.02239973 -0.03044184 -0.00955174 -0.06810985  0.00977364
   0.07390735  0.00755029  0.04087266 -0.09620516  0.035224    0.11213382
  -0.08034129 -0.03767791]]
[[-0.00851206 -0.06332909 -0.05608553 -0.22539508 -0.08343551  0.02477814
  -0.09285457  0.03092359 -0.01074551 -0.02691477 -0.06447047 -0.04796606
  -0.04784665  0.17501388 -0.04493245  0.07395478 -0.0669497   0.06591938
  -0.01028787  0.02894362  0.12604703  0.17433986 -0.0160855  -0.00670866
   0.20453236 -0.0504414   0.12295746 -0.00112459  0.12739864 -0.00818127
  -0.05876178  0.05431234  0.03515415 -0.16848248 -0.00178306  0.09890618
  -0.00762472 -0.09998133  0.1797558   0.05110675 -0.0790697  -0.03397737
  -0.10638963  0.10251789 -0.0558126  -0.07670402  0.13690999 -0.07586162
  -0.02561222 -0.00675906 -0.12355218 -0.04192321  0.26839316  0.00557827
   0.09927832 -0.01901879 -0.0905063   0.03745462  0.1130208  -0.09624689
   0.08246969 -0.07903041  0.14179124 -0.08846338  0.13555996  0.07321654
  -0.00905423  0.10672987 -0.08868049  0.15580292 -0.06993514 -0.01198096
  -0.00976839  0.02771148  0.1089051  -0.07963807  0.0368442  -0.03926641
   0.00475437 -0.06084681  0.05757424  0.00388197 -0.09646683 -0.0104072
  -0.05120971 -0.15933892  0.03736849 -0.01606212  0.19074106 -0.01425242
   0.03666328  0.13729878  0.04431211 -0.09310999  0.1172808   0.02047377
  -0.08208974 -0.09362068 -0.09024477  0.05443522 -0.01600893 -0.04243054
  -0.01734071  0.0348146  -0.0996367  -0.0383543  -0.08869781  0.15209164
   0.0210676   0.14325403 -0.02894672 -0.07668608  0.18582289 -0.06718657
   0.11424916 -0.02239973 -0.03044184 -0.00955174 -0.06810985  0.00977364
   0.07390735  0.00755029  0.04087266 -0.09620516  0.035224    0.11213382
  -0.08034129 -0.03767791]]
[[-0.00851206 -0.06332909 -0.05608553 -0.22539508 -0.08343551  0.02477814
  -0.09285457  0.03092359 -0.01074551 -0.02691477 -0.06447047 -0.04796606
  -0.04784665  0.17501388 -0.04493245  0.07395478 -0.0669497   0.06591938
  -0.01028787  0.02894362  0.12604703  0.17433986 -0.0160855  -0.00670866
   0.20453236 -0.0504414   0.12295746 -0.00112459  0.12739864 -0.00818127
  -0.05876178  0.05431234  0.03515415 -0.16848248 -0.00178306  0.09890618
  -0.00762472 -0.09998133  0.1797558   0.05110675 -0.0790697  -0.03397737
  -0.10638963  0.10251789 -0.0558126  -0.07670402  0.13690999 -0.07586162
  -0.02561222 -0.00675906 -0.12355218 -0.04192321  0.26839316  0.00557827
   0.09927832 -0.01901879 -0.0905063   0.03745462  0.1130208  -0.09624689
   0.08246969 -0.07903041  0.14179124 -0.08846338  0.13555996  0.07321654
  -0.00905423  0.10672987 -0.08868049  0.15580292 -0.06993514 -0.01198096
  -0.00976839  0.02771148  0.1089051  -0.07963807  0.0368442  -0.03926641
   0.00475437 -0.06084681  0.05757424  0.00388197 -0.09646683 -0.0104072
  -0.05120971 -0.15933892  0.03736849 -0.01606212  0.19074106 -0.01425242
   0.03666328  0.13729878  0.04431211 -0.09310999  0.1172808   0.02047377
  -0.08208974 -0.09362068 -0.09024477  0.05443522 -0.01600893 -0.04243054
  -0.01734071  0.0348146  -0.0996367  -0.0383543  -0.08869781  0.15209164
   0.0210676   0.14325403 -0.02894672 -0.07668608  0.18582289 -0.06718657
   0.11424916 -0.02239973 -0.03044184 -0.00955174 -0.06810985  0.00977364
   0.07390735  0.00755029  0.04087266 -0.09620516  0.035224    0.11213382
  -0.08034129 -0.03767791]]
[[-0.00851206 -0.06332909 -0.05608553 -0.22539508 -0.08343551  0.02477814
  -0.09285457  0.03092359 -0.01074551 -0.02691477 -0.06447047 -0.04796606
  -0.04784665  0.17501388 -0.04493245  0.07395478 -0.0669497   0.06591938
  -0.01028787  0.02894362  0.12604703  0.17433986 -0.0160855  -0.00670866
   0.20453236 -0.0504414   0.12295746 -0.00112459  0.12739864 -0.00818127
  -0.05876178  0.05431234  0.03515415 -0.16848248 -0.00178306  0.09890618
  -0.00762472 -0.09998133  0.1797558   0.05110675 -0.0790697  -0.03397737
  -0.10638963  0.10251789 -0.0558126  -0.07670402  0.13690999 -0.07586162
  -0.02561222 -0.00675906 -0.12355218 -0.04192321  0.26839316  0.00557827
   0.09927832 -0.01901879 -0.0905063   0.03745462  0.1130208  -0.09624689
   0.08246969 -0.07903041  0.14179124 -0.08846338  0.13555996  0.07321654
  -0.00905423  0.10672987 -0.08868049  0.15580292 -0.06993514 -0.01198096
  -0.00976839  0.02771148  0.1089051  -0.07963807  0.0368442  -0.03926641
   0.00475437 -0.06084681  0.05757424  0.00388197 -0.09646683 -0.0104072
  -0.05120971 -0.15933892  0.03736849 -0.01606212  0.19074106 -0.01425242
   0.03666328  0.13729878  0.04431211 -0.09310999  0.1172808   0.02047377
  -0.08208974 -0.09362068 -0.09024477  0.05443522 -0.01600893 -0.04243054
  -0.01734071  0.0348146  -0.0996367  -0.0383543  -0.08869781  0.15209164
   0.0210676   0.14325403 -0.02894672 -0.07668608  0.18582289 -0.06718657
   0.11424916 -0.02239973 -0.03044184 -0.00955174 -0.06810985  0.00977364
   0.07390735  0.00755029  0.04087266 -0.09620516  0.035224    0.11213382
  -0.08034129 -0.03767791]]
[[-0.00851206 -0.06332909 -0.05608553 -0.22539508 -0.08343551  0.02477814
  -0.09285457  0.03092359 -0.01074551 -0.02691477 -0.06447047 -0.04796606
  -0.04784665  0.17501388 -0.04493245  0.07395478 -0.0669497   0.06591938
  -0.01028787  0.02894362  0.12604703  0.17433986 -0.0160855  -0.00670866
   0.20453236 -0.0504414   0.12295746 -0.00112459  0.12739864 -0.00818127
  -0.05876178  0.05431234  0.03515415 -0.16848248 -0.00178306  0.09890618
  -0.00762472 -0.09998133  0.1797558   0.05110675 -0.0790697  -0.03397737
  -0.10638963  0.10251789 -0.0558126  -0.07670402  0.13690999 -0.07586162
  -0.02561222 -0.00675906 -0.12355218 -0.04192321  0.26839316  0.00557827
   0.09927832 -0.01901879 -0.0905063   0.03745462  0.1130208  -0.09624689
   0.08246969 -0.07903041  0.14179124 -0.08846338  0.13555996  0.07321654
  -0.00905423  0.10672987 -0.08868049  0.15580292 -0.06993514 -0.01198096
  -0.00976839  0.02771148  0.1089051  -0.07963807  0.0368442  -0.03926641
   0.00475437 -0.06084681  0.05757424  0.00388197 -0.09646683 -0.0104072
  -0.05120971 -0.15933892  0.03736849 -0.01606212  0.19074106 -0.01425242
   0.03666328  0.13729878  0.04431211 -0.09310999  0.1172808   0.02047377
  -0.08208974 -0.09362068 -0.09024477  0.05443522 -0.01600893 -0.04243054
  -0.01734071  0.0348146  -0.0996367  -0.0383543  -0.08869781  0.15209164
   0.0210676   0.14325403 -0.02894672 -0.07668608  0.18582289 -0.06718657
   0.11424916 -0.02239973 -0.03044184 -0.00955174 -0.06810985  0.00977364
   0.07390735  0.00755029  0.04087266 -0.09620516  0.035224    0.11213382
  -0.08034129 -0.03767791]]
[[-0.00851206 -0.06332909 -0.05608553 -0.22539508 -0.08343551  0.02477814
  -0.09285457  0.03092359 -0.01074551 -0.02691477 -0.06447047 -0.04796606
  -0.04784665  0.17501388 -0.04493245  0.07395478 -0.0669497   0.06591938
  -0.01028787  0.02894362  0.12604703  0.17433986 -0.0160855  -0.00670866
   0.20453236 -0.0504414   0.12295746 -0.00112459  0.12739864 -0.00818127
  -0.05876178  0.05431234  0.03515415 -0.16848248 -0.00178306  0.09890618
  -0.00762472 -0.09998133  0.1797558   0.05110675 -0.0790697  -0.03397737
  -0.10638963  0.10251789 -0.0558126  -0.07670402  0.13690999 -0.07586162
  -0.02561222 -0.00675906 -0.12355218 -0.04192321  0.26839316  0.00557827
   0.09927832 -0.01901879 -0.0905063   0.03745462  0.1130208  -0.09624689
   0.08246969 -0.07903041  0.14179124 -0.08846338  0.13555996  0.07321654
  -0.00905423  0.10672987 -0.08868049  0.15580292 -0.06993514 -0.01198096
  -0.00976839  0.02771148  0.1089051  -0.07963807  0.0368442  -0.03926641
   0.00475437 -0.06084681  0.05757424  0.00388197 -0.09646683 -0.0104072
  -0.05120971 -0.15933892  0.03736849 -0.01606212  0.19074106 -0.01425242
   0.03666328  0.13729878  0.04431211 -0.09310999  0.1172808   0.02047377
  -0.08208974 -0.09362068 -0.09024477  0.05443522 -0.01600893 -0.04243054
  -0.01734071  0.0348146  -0.0996367  -0.0383543  -0.08869781  0.15209164
   0.0210676   0.14325403 -0.02894672 -0.07668608  0.18582289 -0.06718657
   0.11424916 -0.02239973 -0.03044184 -0.00955174 -0.06810985  0.00977364
   0.07390735  0.00755029  0.04087266 -0.09620516  0.035224    0.11213382
  -0.08034129 -0.03767791]]
[[-0.00851206 -0.06332909 -0.05608553 -0.22539508 -0.08343551  0.02477814
  -0.09285457  0.03092359 -0.01074551 -0.02691477 -0.06447047 -0.04796606
  -0.04784665  0.17501388 -0.04493245  0.07395478 -0.0669497   0.06591938
  -0.01028787  0.02894362  0.12604703  0.17433986 -0.0160855  -0.00670866
   0.20453236 -0.0504414   0.12295746 -0.00112459  0.12739864 -0.00818127
  -0.05876178  0.05431234  0.03515415 -0.16848248 -0.00178306  0.09890618
  -0.00762472 -0.09998133  0.1797558   0.05110675 -0.0790697  -0.03397737
  -0.10638963  0.10251789 -0.0558126  -0.07670402  0.13690999 -0.07586162
  -0.02561222 -0.00675906 -0.12355218 -0.04192321  0.26839316  0.00557827
   0.09927832 -0.01901879 -0.0905063   0.03745462  0.1130208  -0.09624689
   0.08246969 -0.07903041  0.14179124 -0.08846338  0.13555996  0.07321654
  -0.00905423  0.10672987 -0.08868049  0.15580292 -0.06993514 -0.01198096
  -0.00976839  0.02771148  0.1089051  -0.07963807  0.0368442  -0.03926641
   0.00475437 -0.06084681  0.05757424  0.00388197 -0.09646683 -0.0104072
  -0.05120971 -0.15933892  0.03736849 -0.01606212  0.19074106 -0.01425242
   0.03666328  0.13729878  0.04431211 -0.09310999  0.1172808   0.02047377
  -0.08208974 -0.09362068 -0.09024477  0.05443522 -0.01600893 -0.04243054
  -0.01734071  0.0348146  -0.0996367  -0.0383543  -0.08869781  0.15209164
   0.0210676   0.14325403 -0.02894672 -0.07668608  0.18582289 -0.06718657
   0.11424916 -0.02239973 -0.03044184 -0.00955174 -0.06810985  0.00977364
   0.07390735  0.00755029  0.04087266 -0.09620516  0.035224    0.11213382
  -0.08034129 -0.03767791]]
[[-0.00851206 -0.06332909 -0.05608553 -0.22539508 -0.08343551  0.02477814
  -0.09285457  0.03092359 -0.01074551 -0.02691477 -0.06447047 -0.04796606
  -0.04784665  0.17501388 -0.04493245  0.07395478 -0.0669497   0.06591938
  -0.01028787  0.02894362  0.12604703  0.17433986 -0.0160855  -0.00670866
   0.20453236 -0.0504414   0.12295746 -0.00112459  0.12739864 -0.00818127
  -0.05876178  0.05431234  0.03515415 -0.16848248 -0.00178306  0.09890618
  -0.00762472 -0.09998133  0.1797558   0.05110675 -0.0790697  -0.03397737
  -0.10638963  0.10251789 -0.0558126  -0.07670402  0.13690999 -0.07586162
  -0.02561222 -0.00675906 -0.12355218 -0.04192321  0.26839316  0.00557827
   0.09927832 -0.01901879 -0.0905063   0.03745462  0.1130208  -0.09624689
   0.08246969 -0.07903041  0.14179124 -0.08846338  0.13555996  0.07321654
  -0.00905423  0.10672987 -0.08868049  0.15580292 -0.06993514 -0.01198096
  -0.00976839  0.02771148  0.1089051  -0.07963807  0.0368442  -0.03926641
   0.00475437 -0.06084681  0.05757424  0.00388197 -0.09646683 -0.0104072
  -0.05120971 -0.15933892  0.03736849 -0.01606212  0.19074106 -0.01425242
   0.03666328  0.13729878  0.04431211 -0.09310999  0.1172808   0.02047377
  -0.08208974 -0.09362068 -0.09024477  0.05443522 -0.01600893 -0.04243054
  -0.01734071  0.0348146  -0.0996367  -0.0383543  -0.08869781  0.15209164
   0.0210676   0.14325403 -0.02894672 -0.07668608  0.18582289 -0.06718657
   0.11424916 -0.02239973 -0.03044184 -0.00955174 -0.06810985  0.00977364
   0.07390735  0.00755029  0.04087266 -0.09620516  0.035224    0.11213382
  -0.08034129 -0.03767791]]
[[-0.00851206 -0.06332909 -0.05608553 -0.22539508 -0.08343551  0.02477814
  -0.09285457  0.03092359 -0.01074551 -0.02691477 -0.06447047 -0.04796606
  -0.04784665  0.17501388 -0.04493245  0.07395478 -0.0669497   0.06591938
  -0.01028787  0.02894362  0.12604703  0.17433986 -0.0160855  -0.00670866
   0.20453236 -0.0504414   0.12295746 -0.00112459  0.12739864 -0.00818127
  -0.05876178  0.05431234  0.03515415 -0.16848248 -0.00178306  0.09890618
  -0.00762472 -0.09998133  0.1797558   0.05110675 -0.0790697  -0.03397737
  -0.10638963  0.10251789 -0.0558126  -0.07670402  0.13690999 -0.07586162
  -0.02561222 -0.00675906 -0.12355218 -0.04192321  0.26839316  0.00557827
   0.09927832 -0.01901879 -0.0905063   0.03745462  0.1130208  -0.09624689
   0.08246969 -0.07903041  0.14179124 -0.08846338  0.13555996  0.07321654
  -0.00905423  0.10672987 -0.08868049  0.15580292 -0.06993514 -0.01198096
  -0.00976839  0.02771148  0.1089051  -0.07963807  0.0368442  -0.03926641
   0.00475437 -0.06084681  0.05757424  0.00388197 -0.09646683 -0.0104072
  -0.05120971 -0.15933892  0.03736849 -0.01606212  0.19074106 -0.01425242
   0.03666328  0.13729878  0.04431211 -0.09310999  0.1172808   0.02047377
  -0.08208974 -0.09362068 -0.09024477  0.05443522 -0.01600893 -0.04243054
  -0.01734071  0.0348146  -0.0996367  -0.0383543  -0.08869781  0.15209164
   0.0210676   0.14325403 -0.02894672 -0.07668608  0.18582289 -0.06718657
   0.11424916 -0.02239973 -0.03044184 -0.00955174 -0.06810985  0.00977364
   0.07390735  0.00755029  0.04087266 -0.09620516  0.035224    0.11213382
  -0.08034129 -0.03767791]]
