[[ 0.11554576 -0.08228585 -0.09043433 -0.21102731 -0.04470742  0.02638047
  -0.08363491  0.01592618 -0.06122051 -0.02356421 -0.08746032 -0.0005592
  -0.10493852  0.14579405 -0.02663216  0.1263501  -0.08518911  0.06023025
  -0.04334535  0.08202381  0.07974419  0.18536185 -0.03939792 -0.02393615
   0.13084255 -0.07003107  0.14085849  0.03770271  0.13349263 -0.06161448
  -0.0549778   0.0100997   0.03092745 -0.06604651 -0.00823925  0.05106728
   0.01045175 -0.08901479  0.19395517 -0.0360765  -0.056378   -0.05801199
  -0.09145261  0.02393395 -0.02985577 -0.07801345  0.18411098 -0.08723472
  -0.05723407  0.0125747  -0.11925471 -0.0375632   0.23727933 -0.05094685
   0.09184845 -0.02437526 -0.1025515  -0.0051876   0.08053666 -0.08751758
   0.07660574 -0.06504735  0.22745335 -0.08974013  0.19175598  0.15926114
   0.04420655  0.16431932 -0.09518279  0.12064911 -0.05440656  0.03771574
   0.08591045  0.05919621  0.08995073 -0.08324225  0.02289089 -0.03777733
   0.09562408 -0.099969   -0.01872067  0.01578883 -0.08654596 -0.01745173
  -0.06567943 -0.13393436 -0.0033189   0.00542555  0.17145024  0.00786462
   0.01621689  0.06547403  0.08168905 -0.06308363  0.17960143 -0.05217521
  -0.07131612 -0.09340635 -0.08873077  0.01521058 -0.00995717 -0.0155365
  -0.0336575   0.09308724 -0.07919673 -0.00092179 -0.08156656  0.12522861
   0.04156284  0.1314929  -0.0729977  -0.06810552  0.13388672 -0.04861943
   0.09012952 -0.02389585 -0.03576811 -0.02724675 -0.07010441  0.06791819
   0.05814277  0.00817491 -0.00503087 -0.08106282  0.02534213  0.02477062
  -0.07607246 -0.04253707]]
[[ 0.11554576 -0.08228585 -0.09043433 -0.21102731 -0.04470742  0.02638047
  -0.08363491  0.01592618 -0.06122051 -0.02356421 -0.08746032 -0.0005592
  -0.10493852  0.14579405 -0.02663216  0.1263501  -0.08518911  0.06023025
  -0.04334535  0.08202381  0.07974419  0.18536185 -0.03939792 -0.02393615
   0.13084255 -0.07003107  0.14085849  0.03770271  0.13349263 -0.06161448
  -0.0549778   0.0100997   0.03092745 -0.06604651 -0.00823925  0.05106728
   0.01045175 -0.08901479  0.19395517 -0.0360765  -0.056378   -0.05801199
  -0.09145261  0.02393395 -0.02985577 -0.07801345  0.18411098 -0.08723472
  -0.05723407  0.0125747  -0.11925471 -0.0375632   0.23727933 -0.05094685
   0.09184845 -0.02437526 -0.1025515  -0.0051876   0.08053666 -0.08751758
   0.07660574 -0.06504735  0.22745335 -0.08974013  0.19175598  0.15926114
   0.04420655  0.16431932 -0.09518279  0.12064911 -0.05440656  0.03771574
   0.08591045  0.05919621  0.08995073 -0.08324225  0.02289089 -0.03777733
   0.09562408 -0.099969   -0.01872067  0.01578883 -0.08654596 -0.01745173
  -0.06567943 -0.13393436 -0.0033189   0.00542555  0.17145024  0.00786462
   0.01621689  0.06547403  0.08168905 -0.06308363  0.17960143 -0.05217521
  -0.07131612 -0.09340635 -0.08873077  0.01521058 -0.00995717 -0.0155365
  -0.0336575   0.09308724 -0.07919673 -0.00092179 -0.08156656  0.12522861
   0.04156284  0.1314929  -0.0729977  -0.06810552  0.13388672 -0.04861943
   0.09012952 -0.02389585 -0.03576811 -0.02724675 -0.07010441  0.06791819
   0.05814277  0.00817491 -0.00503087 -0.08106282  0.02534213  0.02477062
  -0.07607246 -0.04253707]]
[[ 0.11554576 -0.08228585 -0.09043433 -0.21102731 -0.04470742  0.02638047
  -0.08363491  0.01592618 -0.06122051 -0.02356421 -0.08746032 -0.0005592
  -0.10493852  0.14579405 -0.02663216  0.1263501  -0.08518911  0.06023025
  -0.04334535  0.08202381  0.07974419  0.18536185 -0.03939792 -0.02393615
   0.13084255 -0.07003107  0.14085849  0.03770271  0.13349263 -0.06161448
  -0.0549778   0.0100997   0.03092745 -0.06604651 -0.00823925  0.05106728
   0.01045175 -0.08901479  0.19395517 -0.0360765  -0.056378   -0.05801199
  -0.09145261  0.02393395 -0.02985577 -0.07801345  0.18411098 -0.08723472
  -0.05723407  0.0125747  -0.11925471 -0.0375632   0.23727933 -0.05094685
   0.09184845 -0.02437526 -0.1025515  -0.0051876   0.08053666 -0.08751758
   0.07660574 -0.06504735  0.22745335 -0.08974013  0.19175598  0.15926114
   0.04420655  0.16431932 -0.09518279  0.12064911 -0.05440656  0.03771574
   0.08591045  0.05919621  0.08995073 -0.08324225  0.02289089 -0.03777733
   0.09562408 -0.099969   -0.01872067  0.01578883 -0.08654596 -0.01745173
  -0.06567943 -0.13393436 -0.0033189   0.00542555  0.17145024  0.00786462
   0.01621689  0.06547403  0.08168905 -0.06308363  0.17960143 -0.05217521
  -0.07131612 -0.09340635 -0.08873077  0.01521058 -0.00995717 -0.0155365
  -0.0336575   0.09308724 -0.07919673 -0.00092179 -0.08156656  0.12522861
   0.04156284  0.1314929  -0.0729977  -0.06810552  0.13388672 -0.04861943
   0.09012952 -0.02389585 -0.03576811 -0.02724675 -0.07010441  0.06791819
   0.05814277  0.00817491 -0.00503087 -0.08106282  0.02534213  0.02477062
  -0.07607246 -0.04253707]]
[[ 0.11554576 -0.08228585 -0.09043433 -0.21102731 -0.04470742  0.02638047
  -0.08363491  0.01592618 -0.06122051 -0.02356421 -0.08746032 -0.0005592
  -0.10493852  0.14579405 -0.02663216  0.1263501  -0.08518911  0.06023025
  -0.04334535  0.08202381  0.07974419  0.18536185 -0.03939792 -0.02393615
   0.13084255 -0.07003107  0.14085849  0.03770271  0.13349263 -0.06161448
  -0.0549778   0.0100997   0.03092745 -0.06604651 -0.00823925  0.05106728
   0.01045175 -0.08901479  0.19395517 -0.0360765  -0.056378   -0.05801199
  -0.09145261  0.02393395 -0.02985577 -0.07801345  0.18411098 -0.08723472
  -0.05723407  0.0125747  -0.11925471 -0.0375632   0.23727933 -0.05094685
   0.09184845 -0.02437526 -0.1025515  -0.0051876   0.08053666 -0.08751758
   0.07660574 -0.06504735  0.22745335 -0.08974013  0.19175598  0.15926114
   0.04420655  0.16431932 -0.09518279  0.12064911 -0.05440656  0.03771574
   0.08591045  0.05919621  0.08995073 -0.08324225  0.02289089 -0.03777733
   0.09562408 -0.099969   -0.01872067  0.01578883 -0.08654596 -0.01745173
  -0.06567943 -0.13393436 -0.0033189   0.00542555  0.17145024  0.00786462
   0.01621689  0.06547403  0.08168905 -0.06308363  0.17960143 -0.05217521
  -0.07131612 -0.09340635 -0.08873077  0.01521058 -0.00995717 -0.0155365
  -0.0336575   0.09308724 -0.07919673 -0.00092179 -0.08156656  0.12522861
   0.04156284  0.1314929  -0.0729977  -0.06810552  0.13388672 -0.04861943
   0.09012952 -0.02389585 -0.03576811 -0.02724675 -0.07010441  0.06791819
   0.05814277  0.00817491 -0.00503087 -0.08106282  0.02534213  0.02477062
  -0.07607246 -0.04253707]]
[[ 0.11554576 -0.08228585 -0.09043433 -0.21102731 -0.04470742  0.02638047
  -0.08363491  0.01592618 -0.06122051 -0.02356421 -0.08746032 -0.0005592
  -0.10493852  0.14579405 -0.02663216  0.1263501  -0.08518911  0.06023025
  -0.04334535  0.08202381  0.07974419  0.18536185 -0.03939792 -0.02393615
   0.13084255 -0.07003107  0.14085849  0.03770271  0.13349263 -0.06161448
  -0.0549778   0.0100997   0.03092745 -0.06604651 -0.00823925  0.05106728
   0.01045175 -0.08901479  0.19395517 -0.0360765  -0.056378   -0.05801199
  -0.09145261  0.02393395 -0.02985577 -0.07801345  0.18411098 -0.08723472
  -0.05723407  0.0125747  -0.11925471 -0.0375632   0.23727933 -0.05094685
   0.09184845 -0.02437526 -0.1025515  -0.0051876   0.08053666 -0.08751758
   0.07660574 -0.06504735  0.22745335 -0.08974013  0.19175598  0.15926114
   0.04420655  0.16431932 -0.09518279  0.12064911 -0.05440656  0.03771574
   0.08591045  0.05919621  0.08995073 -0.08324225  0.02289089 -0.03777733
   0.09562408 -0.099969   -0.01872067  0.01578883 -0.08654596 -0.01745173
  -0.06567943 -0.13393436 -0.0033189   0.00542555  0.17145024  0.00786462
   0.01621689  0.06547403  0.08168905 -0.06308363  0.17960143 -0.05217521
  -0.07131612 -0.09340635 -0.08873077  0.01521058 -0.00995717 -0.0155365
  -0.0336575   0.09308724 -0.07919673 -0.00092179 -0.08156656  0.12522861
   0.04156284  0.1314929  -0.0729977  -0.06810552  0.13388672 -0.04861943
   0.09012952 -0.02389585 -0.03576811 -0.02724675 -0.07010441  0.06791819
   0.05814277  0.00817491 -0.00503087 -0.08106282  0.02534213  0.02477062
  -0.07607246 -0.04253707]]
[[ 0.11554576 -0.08228585 -0.09043433 -0.21102731 -0.04470742  0.02638047
  -0.08363491  0.01592618 -0.06122051 -0.02356421 -0.08746032 -0.0005592
  -0.10493852  0.14579405 -0.02663216  0.1263501  -0.08518911  0.06023025
  -0.04334535  0.08202381  0.07974419  0.18536185 -0.03939792 -0.02393615
   0.13084255 -0.07003107  0.14085849  0.03770271  0.13349263 -0.06161448
  -0.0549778   0.0100997   0.03092745 -0.06604651 -0.00823925  0.05106728
   0.01045175 -0.08901479  0.19395517 -0.0360765  -0.056378   -0.05801199
  -0.09145261  0.02393395 -0.02985577 -0.07801345  0.18411098 -0.08723472
  -0.05723407  0.0125747  -0.11925471 -0.0375632   0.23727933 -0.05094685
   0.09184845 -0.02437526 -0.1025515  -0.0051876   0.08053666 -0.08751758
   0.07660574 -0.06504735  0.22745335 -0.08974013  0.19175598  0.15926114
   0.04420655  0.16431932 -0.09518279  0.12064911 -0.05440656  0.03771574
   0.08591045  0.05919621  0.08995073 -0.08324225  0.02289089 -0.03777733
   0.09562408 -0.099969   -0.01872067  0.01578883 -0.08654596 -0.01745173
  -0.06567943 -0.13393436 -0.0033189   0.00542555  0.17145024  0.00786462
   0.01621689  0.06547403  0.08168905 -0.06308363  0.17960143 -0.05217521
  -0.07131612 -0.09340635 -0.08873077  0.01521058 -0.00995717 -0.0155365
  -0.0336575   0.09308724 -0.07919673 -0.00092179 -0.08156656  0.12522861
   0.04156284  0.1314929  -0.0729977  -0.06810552  0.13388672 -0.04861943
   0.09012952 -0.02389585 -0.03576811 -0.02724675 -0.07010441  0.06791819
   0.05814277  0.00817491 -0.00503087 -0.08106282  0.02534213  0.02477062
  -0.07607246 -0.04253707]]
[[ 0.11554576 -0.08228585 -0.09043433 -0.21102731 -0.04470742  0.02638047
  -0.08363491  0.01592618 -0.06122051 -0.02356421 -0.08746032 -0.0005592
  -0.10493852  0.14579405 -0.02663216  0.1263501  -0.08518911  0.06023025
  -0.04334535  0.08202381  0.07974419  0.18536185 -0.03939792 -0.02393615
   0.13084255 -0.07003107  0.14085849  0.03770271  0.13349263 -0.06161448
  -0.0549778   0.0100997   0.03092745 -0.06604651 -0.00823925  0.05106728
   0.01045175 -0.08901479  0.19395517 -0.0360765  -0.056378   -0.05801199
  -0.09145261  0.02393395 -0.02985577 -0.07801345  0.18411098 -0.08723472
  -0.05723407  0.0125747  -0.11925471 -0.0375632   0.23727933 -0.05094685
   0.09184845 -0.02437526 -0.1025515  -0.0051876   0.08053666 -0.08751758
   0.07660574 -0.06504735  0.22745335 -0.08974013  0.19175598  0.15926114
   0.04420655  0.16431932 -0.09518279  0.12064911 -0.05440656  0.03771574
   0.08591045  0.05919621  0.08995073 -0.08324225  0.02289089 -0.03777733
   0.09562408 -0.099969   -0.01872067  0.01578883 -0.08654596 -0.01745173
  -0.06567943 -0.13393436 -0.0033189   0.00542555  0.17145024  0.00786462
   0.01621689  0.06547403  0.08168905 -0.06308363  0.17960143 -0.05217521
  -0.07131612 -0.09340635 -0.08873077  0.01521058 -0.00995717 -0.0155365
  -0.0336575   0.09308724 -0.07919673 -0.00092179 -0.08156656  0.12522861
   0.04156284  0.1314929  -0.0729977  -0.06810552  0.13388672 -0.04861943
   0.09012952 -0.02389585 -0.03576811 -0.02724675 -0.07010441  0.06791819
   0.05814277  0.00817491 -0.00503087 -0.08106282  0.02534213  0.02477062
  -0.07607246 -0.04253707]]
[[ 0.11554576 -0.08228585 -0.09043433 -0.21102731 -0.04470742  0.02638047
  -0.08363491  0.01592618 -0.06122051 -0.02356421 -0.08746032 -0.0005592
  -0.10493852  0.14579405 -0.02663216  0.1263501  -0.08518911  0.06023025
  -0.04334535  0.08202381  0.07974419  0.18536185 -0.03939792 -0.02393615
   0.13084255 -0.07003107  0.14085849  0.03770271  0.13349263 -0.06161448
  -0.0549778   0.0100997   0.03092745 -0.06604651 -0.00823925  0.05106728
   0.01045175 -0.08901479  0.19395517 -0.0360765  -0.056378   -0.05801199
  -0.09145261  0.02393395 -0.02985577 -0.07801345  0.18411098 -0.08723472
  -0.05723407  0.0125747  -0.11925471 -0.0375632   0.23727933 -0.05094685
   0.09184845 -0.02437526 -0.1025515  -0.0051876   0.08053666 -0.08751758
   0.07660574 -0.06504735  0.22745335 -0.08974013  0.19175598  0.15926114
   0.04420655  0.16431932 -0.09518279  0.12064911 -0.05440656  0.03771574
   0.08591045  0.05919621  0.08995073 -0.08324225  0.02289089 -0.03777733
   0.09562408 -0.099969   -0.01872067  0.01578883 -0.08654596 -0.01745173
  -0.06567943 -0.13393436 -0.0033189   0.00542555  0.17145024  0.00786462
   0.01621689  0.06547403  0.08168905 -0.06308363  0.17960143 -0.05217521
  -0.07131612 -0.09340635 -0.08873077  0.01521058 -0.00995717 -0.0155365
  -0.0336575   0.09308724 -0.07919673 -0.00092179 -0.08156656  0.12522861
   0.04156284  0.1314929  -0.0729977  -0.06810552  0.13388672 -0.04861943
   0.09012952 -0.02389585 -0.03576811 -0.02724675 -0.07010441  0.06791819
   0.05814277  0.00817491 -0.00503087 -0.08106282  0.02534213  0.02477062
  -0.07607246 -0.04253707]]
[[ 0.11554576 -0.08228585 -0.09043433 -0.21102731 -0.04470742  0.02638047
  -0.08363491  0.01592618 -0.06122051 -0.02356421 -0.08746032 -0.0005592
  -0.10493852  0.14579405 -0.02663216  0.1263501  -0.08518911  0.06023025
  -0.04334535  0.08202381  0.07974419  0.18536185 -0.03939792 -0.02393615
   0.13084255 -0.07003107  0.14085849  0.03770271  0.13349263 -0.06161448
  -0.0549778   0.0100997   0.03092745 -0.06604651 -0.00823925  0.05106728
   0.01045175 -0.08901479  0.19395517 -0.0360765  -0.056378   -0.05801199
  -0.09145261  0.02393395 -0.02985577 -0.07801345  0.18411098 -0.08723472
  -0.05723407  0.0125747  -0.11925471 -0.0375632   0.23727933 -0.05094685
   0.09184845 -0.02437526 -0.1025515  -0.0051876   0.08053666 -0.08751758
   0.07660574 -0.06504735  0.22745335 -0.08974013  0.19175598  0.15926114
   0.04420655  0.16431932 -0.09518279  0.12064911 -0.05440656  0.03771574
   0.08591045  0.05919621  0.08995073 -0.08324225  0.02289089 -0.03777733
   0.09562408 -0.099969   -0.01872067  0.01578883 -0.08654596 -0.01745173
  -0.06567943 -0.13393436 -0.0033189   0.00542555  0.17145024  0.00786462
   0.01621689  0.06547403  0.08168905 -0.06308363  0.17960143 -0.05217521
  -0.07131612 -0.09340635 -0.08873077  0.01521058 -0.00995717 -0.0155365
  -0.0336575   0.09308724 -0.07919673 -0.00092179 -0.08156656  0.12522861
   0.04156284  0.1314929  -0.0729977  -0.06810552  0.13388672 -0.04861943
   0.09012952 -0.02389585 -0.03576811 -0.02724675 -0.07010441  0.06791819
   0.05814277  0.00817491 -0.00503087 -0.08106282  0.02534213  0.02477062
  -0.07607246 -0.04253707]]
[[ 0.11554576 -0.08228585 -0.09043433 -0.21102731 -0.04470742  0.02638047
  -0.08363491  0.01592618 -0.06122051 -0.02356421 -0.08746032 -0.0005592
  -0.10493852  0.14579405 -0.02663216  0.1263501  -0.08518911  0.06023025
  -0.04334535  0.08202381  0.07974419  0.18536185 -0.03939792 -0.02393615
   0.13084255 -0.07003107  0.14085849  0.03770271  0.13349263 -0.06161448
  -0.0549778   0.0100997   0.03092745 -0.06604651 -0.00823925  0.05106728
   0.01045175 -0.08901479  0.19395517 -0.0360765  -0.056378   -0.05801199
  -0.09145261  0.02393395 -0.02985577 -0.07801345  0.18411098 -0.08723472
  -0.05723407  0.0125747  -0.11925471 -0.0375632   0.23727933 -0.05094685
   0.09184845 -0.02437526 -0.1025515  -0.0051876   0.08053666 -0.08751758
   0.07660574 -0.06504735  0.22745335 -0.08974013  0.19175598  0.15926114
   0.04420655  0.16431932 -0.09518279  0.12064911 -0.05440656  0.03771574
   0.08591045  0.05919621  0.08995073 -0.08324225  0.02289089 -0.03777733
   0.09562408 -0.099969   -0.01872067  0.01578883 -0.08654596 -0.01745173
  -0.06567943 -0.13393436 -0.0033189   0.00542555  0.17145024  0.00786462
   0.01621689  0.06547403  0.08168905 -0.06308363  0.17960143 -0.05217521
  -0.07131612 -0.09340635 -0.08873077  0.01521058 -0.00995717 -0.0155365
  -0.0336575   0.09308724 -0.07919673 -0.00092179 -0.08156656  0.12522861
   0.04156284  0.1314929  -0.0729977  -0.06810552  0.13388672 -0.04861943
   0.09012952 -0.02389585 -0.03576811 -0.02724675 -0.07010441  0.06791819
   0.05814277  0.00817491 -0.00503087 -0.08106282  0.02534213  0.02477062
  -0.07607246 -0.04253707]]
