[[ 0.04513981 -0.0833647  -0.10359208 -0.20546407 -0.0061565   0.09220996
  -0.06565884 -0.04724978  0.03391915 -0.01476445 -0.08130414 -0.02140752
   0.00137466  0.20559604 -0.05514482  0.05131111 -0.01949671  0.06812539
   0.01275299 -0.01805169  0.1753119   0.124293   -0.04288121  0.0677266
   0.12448218 -0.07846902  0.14690018 -0.00194361  0.0973144  -0.01467104
  -0.02997381  0.00343973  0.14159486 -0.04814041  0.02502856  0.02119513
   0.08516618 -0.08821619  0.23638506 -0.00934556 -0.07090788 -0.00339676
  -0.05418914  0.11654255 -0.0334319  -0.06213187  0.11877171 -0.07675237
  -0.03591374 -0.00152342 -0.10395398 -0.0245164   0.28717282 -0.03004396
   0.12265527  0.01078738 -0.05816093 -0.0084887   0.04851839 -0.09601507
   0.09762383 -0.03505858  0.22369458 -0.09273967  0.11883848  0.14061826
  -0.01833933  0.07172491 -0.08735914  0.20905824 -0.07458832 -0.04776296
   0.04371504 -0.02904027  0.03236885 -0.08193145  0.0194894  -0.05422813
   0.01539995 -0.1255369   0.12239607  0.00653648 -0.09681202 -0.04260391
  -0.00528818 -0.09383947  0.02981043  0.05554359  0.13053474 -0.04552793
  -0.01836324  0.16821408  0.05592182 -0.08608541  0.11272489  0.05918908
  -0.03871565 -0.0592265  -0.08134184  0.04678189 -0.04946557 -0.05346712
  -0.01544463  0.06470378 -0.07560239  0.03670212 -0.0622296   0.14476793
   0.02042881  0.13755128 -0.01911626 -0.06822866  0.23814818 -0.02641308
   0.11944265  0.01251424 -0.00980547  0.0375502  -0.04415858  0.05319228
   0.00885285 -0.04783744  0.02276935 -0.0905086   0.03945216  0.0661217
  -0.02734855 -0.02103846]]
[[ 0.04513981 -0.0833647  -0.10359208 -0.20546407 -0.0061565   0.09220996
  -0.06565884 -0.04724978  0.03391915 -0.01476445 -0.08130414 -0.02140752
   0.00137466  0.20559604 -0.05514482  0.05131111 -0.01949671  0.06812539
   0.01275299 -0.01805169  0.1753119   0.124293   -0.04288121  0.0677266
   0.12448218 -0.07846902  0.14690018 -0.00194361  0.0973144  -0.01467104
  -0.02997381  0.00343973  0.14159486 -0.04814041  0.02502856  0.02119513
   0.08516618 -0.08821619  0.23638506 -0.00934556 -0.07090788 -0.00339676
  -0.05418914  0.11654255 -0.0334319  -0.06213187  0.11877171 -0.07675237
  -0.03591374 -0.00152342 -0.10395398 -0.0245164   0.28717282 -0.03004396
   0.12265527  0.01078738 -0.05816093 -0.0084887   0.04851839 -0.09601507
   0.09762383 -0.03505858  0.22369458 -0.09273967  0.11883848  0.14061826
  -0.01833933  0.07172491 -0.08735914  0.20905824 -0.07458832 -0.04776296
   0.04371504 -0.02904027  0.03236885 -0.08193145  0.0194894  -0.05422813
   0.01539995 -0.1255369   0.12239607  0.00653648 -0.09681202 -0.04260391
  -0.00528818 -0.09383947  0.02981043  0.05554359  0.13053474 -0.04552793
  -0.01836324  0.16821408  0.05592182 -0.08608541  0.11272489  0.05918908
  -0.03871565 -0.0592265  -0.08134184  0.04678189 -0.04946557 -0.05346712
  -0.01544463  0.06470378 -0.07560239  0.03670212 -0.0622296   0.14476793
   0.02042881  0.13755128 -0.01911626 -0.06822866  0.23814818 -0.02641308
   0.11944265  0.01251424 -0.00980547  0.0375502  -0.04415858  0.05319228
   0.00885285 -0.04783744  0.02276935 -0.0905086   0.03945216  0.0661217
  -0.02734855 -0.02103846]]
[[ 0.04513981 -0.0833647  -0.10359208 -0.20546407 -0.0061565   0.09220996
  -0.06565884 -0.04724978  0.03391915 -0.01476445 -0.08130414 -0.02140752
   0.00137466  0.20559604 -0.05514482  0.05131111 -0.01949671  0.06812539
   0.01275299 -0.01805169  0.1753119   0.124293   -0.04288121  0.0677266
   0.12448218 -0.07846902  0.14690018 -0.00194361  0.0973144  -0.01467104
  -0.02997381  0.00343973  0.14159486 -0.04814041  0.02502856  0.02119513
   0.08516618 -0.08821619  0.23638506 -0.00934556 -0.07090788 -0.00339676
  -0.05418914  0.11654255 -0.0334319  -0.06213187  0.11877171 -0.07675237
  -0.03591374 -0.00152342 -0.10395398 -0.0245164   0.28717282 -0.03004396
   0.12265527  0.01078738 -0.05816093 -0.0084887   0.04851839 -0.09601507
   0.09762383 -0.03505858  0.22369458 -0.09273967  0.11883848  0.14061826
  -0.01833933  0.07172491 -0.08735914  0.20905824 -0.07458832 -0.04776296
   0.04371504 -0.02904027  0.03236885 -0.08193145  0.0194894  -0.05422813
   0.01539995 -0.1255369   0.12239607  0.00653648 -0.09681202 -0.04260391
  -0.00528818 -0.09383947  0.02981043  0.05554359  0.13053474 -0.04552793
  -0.01836324  0.16821408  0.05592182 -0.08608541  0.11272489  0.05918908
  -0.03871565 -0.0592265  -0.08134184  0.04678189 -0.04946557 -0.05346712
  -0.01544463  0.06470378 -0.07560239  0.03670212 -0.0622296   0.14476793
   0.02042881  0.13755128 -0.01911626 -0.06822866  0.23814818 -0.02641308
   0.11944265  0.01251424 -0.00980547  0.0375502  -0.04415858  0.05319228
   0.00885285 -0.04783744  0.02276935 -0.0905086   0.03945216  0.0661217
  -0.02734855 -0.02103846]]
[[ 0.04513981 -0.0833647  -0.10359208 -0.20546407 -0.0061565   0.09220996
  -0.06565884 -0.04724978  0.03391915 -0.01476445 -0.08130414 -0.02140752
   0.00137466  0.20559604 -0.05514482  0.05131111 -0.01949671  0.06812539
   0.01275299 -0.01805169  0.1753119   0.124293   -0.04288121  0.0677266
   0.12448218 -0.07846902  0.14690018 -0.00194361  0.0973144  -0.01467104
  -0.02997381  0.00343973  0.14159486 -0.04814041  0.02502856  0.02119513
   0.08516618 -0.08821619  0.23638506 -0.00934556 -0.07090788 -0.00339676
  -0.05418914  0.11654255 -0.0334319  -0.06213187  0.11877171 -0.07675237
  -0.03591374 -0.00152342 -0.10395398 -0.0245164   0.28717282 -0.03004396
   0.12265527  0.01078738 -0.05816093 -0.0084887   0.04851839 -0.09601507
   0.09762383 -0.03505858  0.22369458 -0.09273967  0.11883848  0.14061826
  -0.01833933  0.07172491 -0.08735914  0.20905824 -0.07458832 -0.04776296
   0.04371504 -0.02904027  0.03236885 -0.08193145  0.0194894  -0.05422813
   0.01539995 -0.1255369   0.12239607  0.00653648 -0.09681202 -0.04260391
  -0.00528818 -0.09383947  0.02981043  0.05554359  0.13053474 -0.04552793
  -0.01836324  0.16821408  0.05592182 -0.08608541  0.11272489  0.05918908
  -0.03871565 -0.0592265  -0.08134184  0.04678189 -0.04946557 -0.05346712
  -0.01544463  0.06470378 -0.07560239  0.03670212 -0.0622296   0.14476793
   0.02042881  0.13755128 -0.01911626 -0.06822866  0.23814818 -0.02641308
   0.11944265  0.01251424 -0.00980547  0.0375502  -0.04415858  0.05319228
   0.00885285 -0.04783744  0.02276935 -0.0905086   0.03945216  0.0661217
  -0.02734855 -0.02103846]]
[[ 0.04513981 -0.0833647  -0.10359208 -0.20546407 -0.0061565   0.09220996
  -0.06565884 -0.04724978  0.03391915 -0.01476445 -0.08130414 -0.02140752
   0.00137466  0.20559604 -0.05514482  0.05131111 -0.01949671  0.06812539
   0.01275299 -0.01805169  0.1753119   0.124293   -0.04288121  0.0677266
   0.12448218 -0.07846902  0.14690018 -0.00194361  0.0973144  -0.01467104
  -0.02997381  0.00343973  0.14159486 -0.04814041  0.02502856  0.02119513
   0.08516618 -0.08821619  0.23638506 -0.00934556 -0.07090788 -0.00339676
  -0.05418914  0.11654255 -0.0334319  -0.06213187  0.11877171 -0.07675237
  -0.03591374 -0.00152342 -0.10395398 -0.0245164   0.28717282 -0.03004396
   0.12265527  0.01078738 -0.05816093 -0.0084887   0.04851839 -0.09601507
   0.09762383 -0.03505858  0.22369458 -0.09273967  0.11883848  0.14061826
  -0.01833933  0.07172491 -0.08735914  0.20905824 -0.07458832 -0.04776296
   0.04371504 -0.02904027  0.03236885 -0.08193145  0.0194894  -0.05422813
   0.01539995 -0.1255369   0.12239607  0.00653648 -0.09681202 -0.04260391
  -0.00528818 -0.09383947  0.02981043  0.05554359  0.13053474 -0.04552793
  -0.01836324  0.16821408  0.05592182 -0.08608541  0.11272489  0.05918908
  -0.03871565 -0.0592265  -0.08134184  0.04678189 -0.04946557 -0.05346712
  -0.01544463  0.06470378 -0.07560239  0.03670212 -0.0622296   0.14476793
   0.02042881  0.13755128 -0.01911626 -0.06822866  0.23814818 -0.02641308
   0.11944265  0.01251424 -0.00980547  0.0375502  -0.04415858  0.05319228
   0.00885285 -0.04783744  0.02276935 -0.0905086   0.03945216  0.0661217
  -0.02734855 -0.02103846]]
[[ 0.04513981 -0.0833647  -0.10359208 -0.20546407 -0.0061565   0.09220996
  -0.06565884 -0.04724978  0.03391915 -0.01476445 -0.08130414 -0.02140752
   0.00137466  0.20559604 -0.05514482  0.05131111 -0.01949671  0.06812539
   0.01275299 -0.01805169  0.1753119   0.124293   -0.04288121  0.0677266
   0.12448218 -0.07846902  0.14690018 -0.00194361  0.0973144  -0.01467104
  -0.02997381  0.00343973  0.14159486 -0.04814041  0.02502856  0.02119513
   0.08516618 -0.08821619  0.23638506 -0.00934556 -0.07090788 -0.00339676
  -0.05418914  0.11654255 -0.0334319  -0.06213187  0.11877171 -0.07675237
  -0.03591374 -0.00152342 -0.10395398 -0.0245164   0.28717282 -0.03004396
   0.12265527  0.01078738 -0.05816093 -0.0084887   0.04851839 -0.09601507
   0.09762383 -0.03505858  0.22369458 -0.09273967  0.11883848  0.14061826
  -0.01833933  0.07172491 -0.08735914  0.20905824 -0.07458832 -0.04776296
   0.04371504 -0.02904027  0.03236885 -0.08193145  0.0194894  -0.05422813
   0.01539995 -0.1255369   0.12239607  0.00653648 -0.09681202 -0.04260391
  -0.00528818 -0.09383947  0.02981043  0.05554359  0.13053474 -0.04552793
  -0.01836324  0.16821408  0.05592182 -0.08608541  0.11272489  0.05918908
  -0.03871565 -0.0592265  -0.08134184  0.04678189 -0.04946557 -0.05346712
  -0.01544463  0.06470378 -0.07560239  0.03670212 -0.0622296   0.14476793
   0.02042881  0.13755128 -0.01911626 -0.06822866  0.23814818 -0.02641308
   0.11944265  0.01251424 -0.00980547  0.0375502  -0.04415858  0.05319228
   0.00885285 -0.04783744  0.02276935 -0.0905086   0.03945216  0.0661217
  -0.02734855 -0.02103846]]
[[ 0.04513981 -0.0833647  -0.10359208 -0.20546407 -0.0061565   0.09220996
  -0.06565884 -0.04724978  0.03391915 -0.01476445 -0.08130414 -0.02140752
   0.00137466  0.20559604 -0.05514482  0.05131111 -0.01949671  0.06812539
   0.01275299 -0.01805169  0.1753119   0.124293   -0.04288121  0.0677266
   0.12448218 -0.07846902  0.14690018 -0.00194361  0.0973144  -0.01467104
  -0.02997381  0.00343973  0.14159486 -0.04814041  0.02502856  0.02119513
   0.08516618 -0.08821619  0.23638506 -0.00934556 -0.07090788 -0.00339676
  -0.05418914  0.11654255 -0.0334319  -0.06213187  0.11877171 -0.07675237
  -0.03591374 -0.00152342 -0.10395398 -0.0245164   0.28717282 -0.03004396
   0.12265527  0.01078738 -0.05816093 -0.0084887   0.04851839 -0.09601507
   0.09762383 -0.03505858  0.22369458 -0.09273967  0.11883848  0.14061826
  -0.01833933  0.07172491 -0.08735914  0.20905824 -0.07458832 -0.04776296
   0.04371504 -0.02904027  0.03236885 -0.08193145  0.0194894  -0.05422813
   0.01539995 -0.1255369   0.12239607  0.00653648 -0.09681202 -0.04260391
  -0.00528818 -0.09383947  0.02981043  0.05554359  0.13053474 -0.04552793
  -0.01836324  0.16821408  0.05592182 -0.08608541  0.11272489  0.05918908
  -0.03871565 -0.0592265  -0.08134184  0.04678189 -0.04946557 -0.05346712
  -0.01544463  0.06470378 -0.07560239  0.03670212 -0.0622296   0.14476793
   0.02042881  0.13755128 -0.01911626 -0.06822866  0.23814818 -0.02641308
   0.11944265  0.01251424 -0.00980547  0.0375502  -0.04415858  0.05319228
   0.00885285 -0.04783744  0.02276935 -0.0905086   0.03945216  0.0661217
  -0.02734855 -0.02103846]]
[[ 0.04513981 -0.0833647  -0.10359208 -0.20546407 -0.0061565   0.09220996
  -0.06565884 -0.04724978  0.03391915 -0.01476445 -0.08130414 -0.02140752
   0.00137466  0.20559604 -0.05514482  0.05131111 -0.01949671  0.06812539
   0.01275299 -0.01805169  0.1753119   0.124293   -0.04288121  0.0677266
   0.12448218 -0.07846902  0.14690018 -0.00194361  0.0973144  -0.01467104
  -0.02997381  0.00343973  0.14159486 -0.04814041  0.02502856  0.02119513
   0.08516618 -0.08821619  0.23638506 -0.00934556 -0.07090788 -0.00339676
  -0.05418914  0.11654255 -0.0334319  -0.06213187  0.11877171 -0.07675237
  -0.03591374 -0.00152342 -0.10395398 -0.0245164   0.28717282 -0.03004396
   0.12265527  0.01078738 -0.05816093 -0.0084887   0.04851839 -0.09601507
   0.09762383 -0.03505858  0.22369458 -0.09273967  0.11883848  0.14061826
  -0.01833933  0.07172491 -0.08735914  0.20905824 -0.07458832 -0.04776296
   0.04371504 -0.02904027  0.03236885 -0.08193145  0.0194894  -0.05422813
   0.01539995 -0.1255369   0.12239607  0.00653648 -0.09681202 -0.04260391
  -0.00528818 -0.09383947  0.02981043  0.05554359  0.13053474 -0.04552793
  -0.01836324  0.16821408  0.05592182 -0.08608541  0.11272489  0.05918908
  -0.03871565 -0.0592265  -0.08134184  0.04678189 -0.04946557 -0.05346712
  -0.01544463  0.06470378 -0.07560239  0.03670212 -0.0622296   0.14476793
   0.02042881  0.13755128 -0.01911626 -0.06822866  0.23814818 -0.02641308
   0.11944265  0.01251424 -0.00980547  0.0375502  -0.04415858  0.05319228
   0.00885285 -0.04783744  0.02276935 -0.0905086   0.03945216  0.0661217
  -0.02734855 -0.02103846]]
[[ 0.04513981 -0.0833647  -0.10359208 -0.20546407 -0.0061565   0.09220996
  -0.06565884 -0.04724978  0.03391915 -0.01476445 -0.08130414 -0.02140752
   0.00137466  0.20559604 -0.05514482  0.05131111 -0.01949671  0.06812539
   0.01275299 -0.01805169  0.1753119   0.124293   -0.04288121  0.0677266
   0.12448218 -0.07846902  0.14690018 -0.00194361  0.0973144  -0.01467104
  -0.02997381  0.00343973  0.14159486 -0.04814041  0.02502856  0.02119513
   0.08516618 -0.08821619  0.23638506 -0.00934556 -0.07090788 -0.00339676
  -0.05418914  0.11654255 -0.0334319  -0.06213187  0.11877171 -0.07675237
  -0.03591374 -0.00152342 -0.10395398 -0.0245164   0.28717282 -0.03004396
   0.12265527  0.01078738 -0.05816093 -0.0084887   0.04851839 -0.09601507
   0.09762383 -0.03505858  0.22369458 -0.09273967  0.11883848  0.14061826
  -0.01833933  0.07172491 -0.08735914  0.20905824 -0.07458832 -0.04776296
   0.04371504 -0.02904027  0.03236885 -0.08193145  0.0194894  -0.05422813
   0.01539995 -0.1255369   0.12239607  0.00653648 -0.09681202 -0.04260391
  -0.00528818 -0.09383947  0.02981043  0.05554359  0.13053474 -0.04552793
  -0.01836324  0.16821408  0.05592182 -0.08608541  0.11272489  0.05918908
  -0.03871565 -0.0592265  -0.08134184  0.04678189 -0.04946557 -0.05346712
  -0.01544463  0.06470378 -0.07560239  0.03670212 -0.0622296   0.14476793
   0.02042881  0.13755128 -0.01911626 -0.06822866  0.23814818 -0.02641308
   0.11944265  0.01251424 -0.00980547  0.0375502  -0.04415858  0.05319228
   0.00885285 -0.04783744  0.02276935 -0.0905086   0.03945216  0.0661217
  -0.02734855 -0.02103846]]
[[ 0.04513981 -0.0833647  -0.10359208 -0.20546407 -0.0061565   0.09220996
  -0.06565884 -0.04724978  0.03391915 -0.01476445 -0.08130414 -0.02140752
   0.00137466  0.20559604 -0.05514482  0.05131111 -0.01949671  0.06812539
   0.01275299 -0.01805169  0.1753119   0.124293   -0.04288121  0.0677266
   0.12448218 -0.07846902  0.14690018 -0.00194361  0.0973144  -0.01467104
  -0.02997381  0.00343973  0.14159486 -0.04814041  0.02502856  0.02119513
   0.08516618 -0.08821619  0.23638506 -0.00934556 -0.07090788 -0.00339676
  -0.05418914  0.11654255 -0.0334319  -0.06213187  0.11877171 -0.07675237
  -0.03591374 -0.00152342 -0.10395398 -0.0245164   0.28717282 -0.03004396
   0.12265527  0.01078738 -0.05816093 -0.0084887   0.04851839 -0.09601507
   0.09762383 -0.03505858  0.22369458 -0.09273967  0.11883848  0.14061826
  -0.01833933  0.07172491 -0.08735914  0.20905824 -0.07458832 -0.04776296
   0.04371504 -0.02904027  0.03236885 -0.08193145  0.0194894  -0.05422813
   0.01539995 -0.1255369   0.12239607  0.00653648 -0.09681202 -0.04260391
  -0.00528818 -0.09383947  0.02981043  0.05554359  0.13053474 -0.04552793
  -0.01836324  0.16821408  0.05592182 -0.08608541  0.11272489  0.05918908
  -0.03871565 -0.0592265  -0.08134184  0.04678189 -0.04946557 -0.05346712
  -0.01544463  0.06470378 -0.07560239  0.03670212 -0.0622296   0.14476793
   0.02042881  0.13755128 -0.01911626 -0.06822866  0.23814818 -0.02641308
   0.11944265  0.01251424 -0.00980547  0.0375502  -0.04415858  0.05319228
   0.00885285 -0.04783744  0.02276935 -0.0905086   0.03945216  0.0661217
  -0.02734855 -0.02103846]]
[[ 0.04513981 -0.0833647  -0.10359208 -0.20546407 -0.0061565   0.09220996
  -0.06565884 -0.04724978  0.03391915 -0.01476445 -0.08130414 -0.02140752
   0.00137466  0.20559604 -0.05514482  0.05131111 -0.01949671  0.06812539
   0.01275299 -0.01805169  0.1753119   0.124293   -0.04288121  0.0677266
   0.12448218 -0.07846902  0.14690018 -0.00194361  0.0973144  -0.01467104
  -0.02997381  0.00343973  0.14159486 -0.04814041  0.02502856  0.02119513
   0.08516618 -0.08821619  0.23638506 -0.00934556 -0.07090788 -0.00339676
  -0.05418914  0.11654255 -0.0334319  -0.06213187  0.11877171 -0.07675237
  -0.03591374 -0.00152342 -0.10395398 -0.0245164   0.28717282 -0.03004396
   0.12265527  0.01078738 -0.05816093 -0.0084887   0.04851839 -0.09601507
   0.09762383 -0.03505858  0.22369458 -0.09273967  0.11883848  0.14061826
  -0.01833933  0.07172491 -0.08735914  0.20905824 -0.07458832 -0.04776296
   0.04371504 -0.02904027  0.03236885 -0.08193145  0.0194894  -0.05422813
   0.01539995 -0.1255369   0.12239607  0.00653648 -0.09681202 -0.04260391
  -0.00528818 -0.09383947  0.02981043  0.05554359  0.13053474 -0.04552793
  -0.01836324  0.16821408  0.05592182 -0.08608541  0.11272489  0.05918908
  -0.03871565 -0.0592265  -0.08134184  0.04678189 -0.04946557 -0.05346712
  -0.01544463  0.06470378 -0.07560239  0.03670212 -0.0622296   0.14476793
   0.02042881  0.13755128 -0.01911626 -0.06822866  0.23814818 -0.02641308
   0.11944265  0.01251424 -0.00980547  0.0375502  -0.04415858  0.05319228
   0.00885285 -0.04783744  0.02276935 -0.0905086   0.03945216  0.0661217
  -0.02734855 -0.02103846]]
[[ 0.04513981 -0.0833647  -0.10359208 -0.20546407 -0.0061565   0.09220996
  -0.06565884 -0.04724978  0.03391915 -0.01476445 -0.08130414 -0.02140752
   0.00137466  0.20559604 -0.05514482  0.05131111 -0.01949671  0.06812539
   0.01275299 -0.01805169  0.1753119   0.124293   -0.04288121  0.0677266
   0.12448218 -0.07846902  0.14690018 -0.00194361  0.0973144  -0.01467104
  -0.02997381  0.00343973  0.14159486 -0.04814041  0.02502856  0.02119513
   0.08516618 -0.08821619  0.23638506 -0.00934556 -0.07090788 -0.00339676
  -0.05418914  0.11654255 -0.0334319  -0.06213187  0.11877171 -0.07675237
  -0.03591374 -0.00152342 -0.10395398 -0.0245164   0.28717282 -0.03004396
   0.12265527  0.01078738 -0.05816093 -0.0084887   0.04851839 -0.09601507
   0.09762383 -0.03505858  0.22369458 -0.09273967  0.11883848  0.14061826
  -0.01833933  0.07172491 -0.08735914  0.20905824 -0.07458832 -0.04776296
   0.04371504 -0.02904027  0.03236885 -0.08193145  0.0194894  -0.05422813
   0.01539995 -0.1255369   0.12239607  0.00653648 -0.09681202 -0.04260391
  -0.00528818 -0.09383947  0.02981043  0.05554359  0.13053474 -0.04552793
  -0.01836324  0.16821408  0.05592182 -0.08608541  0.11272489  0.05918908
  -0.03871565 -0.0592265  -0.08134184  0.04678189 -0.04946557 -0.05346712
  -0.01544463  0.06470378 -0.07560239  0.03670212 -0.0622296   0.14476793
   0.02042881  0.13755128 -0.01911626 -0.06822866  0.23814818 -0.02641308
   0.11944265  0.01251424 -0.00980547  0.0375502  -0.04415858  0.05319228
   0.00885285 -0.04783744  0.02276935 -0.0905086   0.03945216  0.0661217
  -0.02734855 -0.02103846]]
[[ 0.04513981 -0.0833647  -0.10359208 -0.20546407 -0.0061565   0.09220996
  -0.06565884 -0.04724978  0.03391915 -0.01476445 -0.08130414 -0.02140752
   0.00137466  0.20559604 -0.05514482  0.05131111 -0.01949671  0.06812539
   0.01275299 -0.01805169  0.1753119   0.124293   -0.04288121  0.0677266
   0.12448218 -0.07846902  0.14690018 -0.00194361  0.0973144  -0.01467104
  -0.02997381  0.00343973  0.14159486 -0.04814041  0.02502856  0.02119513
   0.08516618 -0.08821619  0.23638506 -0.00934556 -0.07090788 -0.00339676
  -0.05418914  0.11654255 -0.0334319  -0.06213187  0.11877171 -0.07675237
  -0.03591374 -0.00152342 -0.10395398 -0.0245164   0.28717282 -0.03004396
   0.12265527  0.01078738 -0.05816093 -0.0084887   0.04851839 -0.09601507
   0.09762383 -0.03505858  0.22369458 -0.09273967  0.11883848  0.14061826
  -0.01833933  0.07172491 -0.08735914  0.20905824 -0.07458832 -0.04776296
   0.04371504 -0.02904027  0.03236885 -0.08193145  0.0194894  -0.05422813
   0.01539995 -0.1255369   0.12239607  0.00653648 -0.09681202 -0.04260391
  -0.00528818 -0.09383947  0.02981043  0.05554359  0.13053474 -0.04552793
  -0.01836324  0.16821408  0.05592182 -0.08608541  0.11272489  0.05918908
  -0.03871565 -0.0592265  -0.08134184  0.04678189 -0.04946557 -0.05346712
  -0.01544463  0.06470378 -0.07560239  0.03670212 -0.0622296   0.14476793
   0.02042881  0.13755128 -0.01911626 -0.06822866  0.23814818 -0.02641308
   0.11944265  0.01251424 -0.00980547  0.0375502  -0.04415858  0.05319228
   0.00885285 -0.04783744  0.02276935 -0.0905086   0.03945216  0.0661217
  -0.02734855 -0.02103846]]
[[ 0.04513981 -0.0833647  -0.10359208 -0.20546407 -0.0061565   0.09220996
  -0.06565884 -0.04724978  0.03391915 -0.01476445 -0.08130414 -0.02140752
   0.00137466  0.20559604 -0.05514482  0.05131111 -0.01949671  0.06812539
   0.01275299 -0.01805169  0.1753119   0.124293   -0.04288121  0.0677266
   0.12448218 -0.07846902  0.14690018 -0.00194361  0.0973144  -0.01467104
  -0.02997381  0.00343973  0.14159486 -0.04814041  0.02502856  0.02119513
   0.08516618 -0.08821619  0.23638506 -0.00934556 -0.07090788 -0.00339676
  -0.05418914  0.11654255 -0.0334319  -0.06213187  0.11877171 -0.07675237
  -0.03591374 -0.00152342 -0.10395398 -0.0245164   0.28717282 -0.03004396
   0.12265527  0.01078738 -0.05816093 -0.0084887   0.04851839 -0.09601507
   0.09762383 -0.03505858  0.22369458 -0.09273967  0.11883848  0.14061826
  -0.01833933  0.07172491 -0.08735914  0.20905824 -0.07458832 -0.04776296
   0.04371504 -0.02904027  0.03236885 -0.08193145  0.0194894  -0.05422813
   0.01539995 -0.1255369   0.12239607  0.00653648 -0.09681202 -0.04260391
  -0.00528818 -0.09383947  0.02981043  0.05554359  0.13053474 -0.04552793
  -0.01836324  0.16821408  0.05592182 -0.08608541  0.11272489  0.05918908
  -0.03871565 -0.0592265  -0.08134184  0.04678189 -0.04946557 -0.05346712
  -0.01544463  0.06470378 -0.07560239  0.03670212 -0.0622296   0.14476793
   0.02042881  0.13755128 -0.01911626 -0.06822866  0.23814818 -0.02641308
   0.11944265  0.01251424 -0.00980547  0.0375502  -0.04415858  0.05319228
   0.00885285 -0.04783744  0.02276935 -0.0905086   0.03945216  0.0661217
  -0.02734855 -0.02103846]]
