[[ 0.07839338 -0.06272379 -0.05551454 -0.17454353 -0.06382705  0.01212987
  -0.08368209 -0.00856941 -0.06192503 -0.02155079 -0.07974859 -0.00523411
  -0.10426812  0.18955646 -0.03799909  0.15227458 -0.0831017   0.03848967
  -0.03387696  0.1116924   0.08141428  0.16033883 -0.07170675 -0.00107545
   0.12665835 -0.0538842   0.1680458  -0.00474518  0.14723328 -0.05699467
  -0.04386687  0.03426876  0.0223071  -0.09700488 -0.03796982  0.03269909
   0.01562212 -0.08433253  0.20247833 -0.03880175 -0.05484505 -0.04489083
  -0.09643338 -0.01340263 -0.03973691 -0.08997441  0.16148062 -0.08464196
  -0.04427924  0.00294345 -0.1156383  -0.03159314  0.25623018 -0.04660015
   0.0690444  -0.01461248 -0.09460366 -0.01835313  0.0936555  -0.08216318
   0.05526046 -0.06690111  0.22478989 -0.08056601  0.21258524  0.15095459
   0.03153415  0.19026212 -0.09365972  0.11540355 -0.04809424  0.04589338
   0.04585001  0.06902704  0.04393189 -0.0936867   0.00994108 -0.03986113
   0.06330507 -0.09156001 -0.01263241  0.06422871 -0.0814286  -0.0033691
  -0.05576215 -0.13035327  0.01573103 -0.03923972  0.19024894  0.03698046
   0.03250419  0.05845987  0.02529558 -0.06737349  0.16317113 -0.04047829
  -0.07800872 -0.0939812  -0.07948525  0.00225603  0.01014437 -0.02227997
  -0.05212555  0.05802995 -0.08738944 -0.01354614 -0.08781956  0.15426242
   0.0560762   0.12448762 -0.06478398 -0.07196371  0.12733214 -0.05706924
   0.07694716  0.00137827 -0.04061768 -0.00269201 -0.0693059   0.08197957
   0.09181698 -0.00369713 -0.0063667  -0.08004807  0.02688095  0.04086191
  -0.07660925 -0.03745263]]
[[ 0.07839338 -0.06272379 -0.05551454 -0.17454353 -0.06382705  0.01212987
  -0.08368209 -0.00856941 -0.06192503 -0.02155079 -0.07974859 -0.00523411
  -0.10426812  0.18955646 -0.03799909  0.15227458 -0.0831017   0.03848967
  -0.03387696  0.1116924   0.08141428  0.16033883 -0.07170675 -0.00107545
   0.12665835 -0.0538842   0.1680458  -0.00474518  0.14723328 -0.05699467
  -0.04386687  0.03426876  0.0223071  -0.09700488 -0.03796982  0.03269909
   0.01562212 -0.08433253  0.20247833 -0.03880175 -0.05484505 -0.04489083
  -0.09643338 -0.01340263 -0.03973691 -0.08997441  0.16148062 -0.08464196
  -0.04427924  0.00294345 -0.1156383  -0.03159314  0.25623018 -0.04660015
   0.0690444  -0.01461248 -0.09460366 -0.01835313  0.0936555  -0.08216318
   0.05526046 -0.06690111  0.22478989 -0.08056601  0.21258524  0.15095459
   0.03153415  0.19026212 -0.09365972  0.11540355 -0.04809424  0.04589338
   0.04585001  0.06902704  0.04393189 -0.0936867   0.00994108 -0.03986113
   0.06330507 -0.09156001 -0.01263241  0.06422871 -0.0814286  -0.0033691
  -0.05576215 -0.13035327  0.01573103 -0.03923972  0.19024894  0.03698046
   0.03250419  0.05845987  0.02529558 -0.06737349  0.16317113 -0.04047829
  -0.07800872 -0.0939812  -0.07948525  0.00225603  0.01014437 -0.02227997
  -0.05212555  0.05802995 -0.08738944 -0.01354614 -0.08781956  0.15426242
   0.0560762   0.12448762 -0.06478398 -0.07196371  0.12733214 -0.05706924
   0.07694716  0.00137827 -0.04061768 -0.00269201 -0.0693059   0.08197957
   0.09181698 -0.00369713 -0.0063667  -0.08004807  0.02688095  0.04086191
  -0.07660925 -0.03745263]]
[[ 0.07839338 -0.06272379 -0.05551454 -0.17454353 -0.06382705  0.01212987
  -0.08368209 -0.00856941 -0.06192503 -0.02155079 -0.07974859 -0.00523411
  -0.10426812  0.18955646 -0.03799909  0.15227458 -0.0831017   0.03848967
  -0.03387696  0.1116924   0.08141428  0.16033883 -0.07170675 -0.00107545
   0.12665835 -0.0538842   0.1680458  -0.00474518  0.14723328 -0.05699467
  -0.04386687  0.03426876  0.0223071  -0.09700488 -0.03796982  0.03269909
   0.01562212 -0.08433253  0.20247833 -0.03880175 -0.05484505 -0.04489083
  -0.09643338 -0.01340263 -0.03973691 -0.08997441  0.16148062 -0.08464196
  -0.04427924  0.00294345 -0.1156383  -0.03159314  0.25623018 -0.04660015
   0.0690444  -0.01461248 -0.09460366 -0.01835313  0.0936555  -0.08216318
   0.05526046 -0.06690111  0.22478989 -0.08056601  0.21258524  0.15095459
   0.03153415  0.19026212 -0.09365972  0.11540355 -0.04809424  0.04589338
   0.04585001  0.06902704  0.04393189 -0.0936867   0.00994108 -0.03986113
   0.06330507 -0.09156001 -0.01263241  0.06422871 -0.0814286  -0.0033691
  -0.05576215 -0.13035327  0.01573103 -0.03923972  0.19024894  0.03698046
   0.03250419  0.05845987  0.02529558 -0.06737349  0.16317113 -0.04047829
  -0.07800872 -0.0939812  -0.07948525  0.00225603  0.01014437 -0.02227997
  -0.05212555  0.05802995 -0.08738944 -0.01354614 -0.08781956  0.15426242
   0.0560762   0.12448762 -0.06478398 -0.07196371  0.12733214 -0.05706924
   0.07694716  0.00137827 -0.04061768 -0.00269201 -0.0693059   0.08197957
   0.09181698 -0.00369713 -0.0063667  -0.08004807  0.02688095  0.04086191
  -0.07660925 -0.03745263]]
[[ 0.07839338 -0.06272379 -0.05551454 -0.17454353 -0.06382705  0.01212987
  -0.08368209 -0.00856941 -0.06192503 -0.02155079 -0.07974859 -0.00523411
  -0.10426812  0.18955646 -0.03799909  0.15227458 -0.0831017   0.03848967
  -0.03387696  0.1116924   0.08141428  0.16033883 -0.07170675 -0.00107545
   0.12665835 -0.0538842   0.1680458  -0.00474518  0.14723328 -0.05699467
  -0.04386687  0.03426876  0.0223071  -0.09700488 -0.03796982  0.03269909
   0.01562212 -0.08433253  0.20247833 -0.03880175 -0.05484505 -0.04489083
  -0.09643338 -0.01340263 -0.03973691 -0.08997441  0.16148062 -0.08464196
  -0.04427924  0.00294345 -0.1156383  -0.03159314  0.25623018 -0.04660015
   0.0690444  -0.01461248 -0.09460366 -0.01835313  0.0936555  -0.08216318
   0.05526046 -0.06690111  0.22478989 -0.08056601  0.21258524  0.15095459
   0.03153415  0.19026212 -0.09365972  0.11540355 -0.04809424  0.04589338
   0.04585001  0.06902704  0.04393189 -0.0936867   0.00994108 -0.03986113
   0.06330507 -0.09156001 -0.01263241  0.06422871 -0.0814286  -0.0033691
  -0.05576215 -0.13035327  0.01573103 -0.03923972  0.19024894  0.03698046
   0.03250419  0.05845987  0.02529558 -0.06737349  0.16317113 -0.04047829
  -0.07800872 -0.0939812  -0.07948525  0.00225603  0.01014437 -0.02227997
  -0.05212555  0.05802995 -0.08738944 -0.01354614 -0.08781956  0.15426242
   0.0560762   0.12448762 -0.06478398 -0.07196371  0.12733214 -0.05706924
   0.07694716  0.00137827 -0.04061768 -0.00269201 -0.0693059   0.08197957
   0.09181698 -0.00369713 -0.0063667  -0.08004807  0.02688095  0.04086191
  -0.07660925 -0.03745263]]
[[ 0.07839338 -0.06272379 -0.05551454 -0.17454353 -0.06382705  0.01212987
  -0.08368209 -0.00856941 -0.06192503 -0.02155079 -0.07974859 -0.00523411
  -0.10426812  0.18955646 -0.03799909  0.15227458 -0.0831017   0.03848967
  -0.03387696  0.1116924   0.08141428  0.16033883 -0.07170675 -0.00107545
   0.12665835 -0.0538842   0.1680458  -0.00474518  0.14723328 -0.05699467
  -0.04386687  0.03426876  0.0223071  -0.09700488 -0.03796982  0.03269909
   0.01562212 -0.08433253  0.20247833 -0.03880175 -0.05484505 -0.04489083
  -0.09643338 -0.01340263 -0.03973691 -0.08997441  0.16148062 -0.08464196
  -0.04427924  0.00294345 -0.1156383  -0.03159314  0.25623018 -0.04660015
   0.0690444  -0.01461248 -0.09460366 -0.01835313  0.0936555  -0.08216318
   0.05526046 -0.06690111  0.22478989 -0.08056601  0.21258524  0.15095459
   0.03153415  0.19026212 -0.09365972  0.11540355 -0.04809424  0.04589338
   0.04585001  0.06902704  0.04393189 -0.0936867   0.00994108 -0.03986113
   0.06330507 -0.09156001 -0.01263241  0.06422871 -0.0814286  -0.0033691
  -0.05576215 -0.13035327  0.01573103 -0.03923972  0.19024894  0.03698046
   0.03250419  0.05845987  0.02529558 -0.06737349  0.16317113 -0.04047829
  -0.07800872 -0.0939812  -0.07948525  0.00225603  0.01014437 -0.02227997
  -0.05212555  0.05802995 -0.08738944 -0.01354614 -0.08781956  0.15426242
   0.0560762   0.12448762 -0.06478398 -0.07196371  0.12733214 -0.05706924
   0.07694716  0.00137827 -0.04061768 -0.00269201 -0.0693059   0.08197957
   0.09181698 -0.00369713 -0.0063667  -0.08004807  0.02688095  0.04086191
  -0.07660925 -0.03745263]]
[[ 0.07839338 -0.06272379 -0.05551454 -0.17454353 -0.06382705  0.01212987
  -0.08368209 -0.00856941 -0.06192503 -0.02155079 -0.07974859 -0.00523411
  -0.10426812  0.18955646 -0.03799909  0.15227458 -0.0831017   0.03848967
  -0.03387696  0.1116924   0.08141428  0.16033883 -0.07170675 -0.00107545
   0.12665835 -0.0538842   0.1680458  -0.00474518  0.14723328 -0.05699467
  -0.04386687  0.03426876  0.0223071  -0.09700488 -0.03796982  0.03269909
   0.01562212 -0.08433253  0.20247833 -0.03880175 -0.05484505 -0.04489083
  -0.09643338 -0.01340263 -0.03973691 -0.08997441  0.16148062 -0.08464196
  -0.04427924  0.00294345 -0.1156383  -0.03159314  0.25623018 -0.04660015
   0.0690444  -0.01461248 -0.09460366 -0.01835313  0.0936555  -0.08216318
   0.05526046 -0.06690111  0.22478989 -0.08056601  0.21258524  0.15095459
   0.03153415  0.19026212 -0.09365972  0.11540355 -0.04809424  0.04589338
   0.04585001  0.06902704  0.04393189 -0.0936867   0.00994108 -0.03986113
   0.06330507 -0.09156001 -0.01263241  0.06422871 -0.0814286  -0.0033691
  -0.05576215 -0.13035327  0.01573103 -0.03923972  0.19024894  0.03698046
   0.03250419  0.05845987  0.02529558 -0.06737349  0.16317113 -0.04047829
  -0.07800872 -0.0939812  -0.07948525  0.00225603  0.01014437 -0.02227997
  -0.05212555  0.05802995 -0.08738944 -0.01354614 -0.08781956  0.15426242
   0.0560762   0.12448762 -0.06478398 -0.07196371  0.12733214 -0.05706924
   0.07694716  0.00137827 -0.04061768 -0.00269201 -0.0693059   0.08197957
   0.09181698 -0.00369713 -0.0063667  -0.08004807  0.02688095  0.04086191
  -0.07660925 -0.03745263]]
[[ 0.07839338 -0.06272379 -0.05551454 -0.17454353 -0.06382705  0.01212987
  -0.08368209 -0.00856941 -0.06192503 -0.02155079 -0.07974859 -0.00523411
  -0.10426812  0.18955646 -0.03799909  0.15227458 -0.0831017   0.03848967
  -0.03387696  0.1116924   0.08141428  0.16033883 -0.07170675 -0.00107545
   0.12665835 -0.0538842   0.1680458  -0.00474518  0.14723328 -0.05699467
  -0.04386687  0.03426876  0.0223071  -0.09700488 -0.03796982  0.03269909
   0.01562212 -0.08433253  0.20247833 -0.03880175 -0.05484505 -0.04489083
  -0.09643338 -0.01340263 -0.03973691 -0.08997441  0.16148062 -0.08464196
  -0.04427924  0.00294345 -0.1156383  -0.03159314  0.25623018 -0.04660015
   0.0690444  -0.01461248 -0.09460366 -0.01835313  0.0936555  -0.08216318
   0.05526046 -0.06690111  0.22478989 -0.08056601  0.21258524  0.15095459
   0.03153415  0.19026212 -0.09365972  0.11540355 -0.04809424  0.04589338
   0.04585001  0.06902704  0.04393189 -0.0936867   0.00994108 -0.03986113
   0.06330507 -0.09156001 -0.01263241  0.06422871 -0.0814286  -0.0033691
  -0.05576215 -0.13035327  0.01573103 -0.03923972  0.19024894  0.03698046
   0.03250419  0.05845987  0.02529558 -0.06737349  0.16317113 -0.04047829
  -0.07800872 -0.0939812  -0.07948525  0.00225603  0.01014437 -0.02227997
  -0.05212555  0.05802995 -0.08738944 -0.01354614 -0.08781956  0.15426242
   0.0560762   0.12448762 -0.06478398 -0.07196371  0.12733214 -0.05706924
   0.07694716  0.00137827 -0.04061768 -0.00269201 -0.0693059   0.08197957
   0.09181698 -0.00369713 -0.0063667  -0.08004807  0.02688095  0.04086191
  -0.07660925 -0.03745263]]
[[ 0.07839338 -0.06272379 -0.05551454 -0.17454353 -0.06382705  0.01212987
  -0.08368209 -0.00856941 -0.06192503 -0.02155079 -0.07974859 -0.00523411
  -0.10426812  0.18955646 -0.03799909  0.15227458 -0.0831017   0.03848967
  -0.03387696  0.1116924   0.08141428  0.16033883 -0.07170675 -0.00107545
   0.12665835 -0.0538842   0.1680458  -0.00474518  0.14723328 -0.05699467
  -0.04386687  0.03426876  0.0223071  -0.09700488 -0.03796982  0.03269909
   0.01562212 -0.08433253  0.20247833 -0.03880175 -0.05484505 -0.04489083
  -0.09643338 -0.01340263 -0.03973691 -0.08997441  0.16148062 -0.08464196
  -0.04427924  0.00294345 -0.1156383  -0.03159314  0.25623018 -0.04660015
   0.0690444  -0.01461248 -0.09460366 -0.01835313  0.0936555  -0.08216318
   0.05526046 -0.06690111  0.22478989 -0.08056601  0.21258524  0.15095459
   0.03153415  0.19026212 -0.09365972  0.11540355 -0.04809424  0.04589338
   0.04585001  0.06902704  0.04393189 -0.0936867   0.00994108 -0.03986113
   0.06330507 -0.09156001 -0.01263241  0.06422871 -0.0814286  -0.0033691
  -0.05576215 -0.13035327  0.01573103 -0.03923972  0.19024894  0.03698046
   0.03250419  0.05845987  0.02529558 -0.06737349  0.16317113 -0.04047829
  -0.07800872 -0.0939812  -0.07948525  0.00225603  0.01014437 -0.02227997
  -0.05212555  0.05802995 -0.08738944 -0.01354614 -0.08781956  0.15426242
   0.0560762   0.12448762 -0.06478398 -0.07196371  0.12733214 -0.05706924
   0.07694716  0.00137827 -0.04061768 -0.00269201 -0.0693059   0.08197957
   0.09181698 -0.00369713 -0.0063667  -0.08004807  0.02688095  0.04086191
  -0.07660925 -0.03745263]]
[[ 0.07839338 -0.06272379 -0.05551454 -0.17454353 -0.06382705  0.01212987
  -0.08368209 -0.00856941 -0.06192503 -0.02155079 -0.07974859 -0.00523411
  -0.10426812  0.18955646 -0.03799909  0.15227458 -0.0831017   0.03848967
  -0.03387696  0.1116924   0.08141428  0.16033883 -0.07170675 -0.00107545
   0.12665835 -0.0538842   0.1680458  -0.00474518  0.14723328 -0.05699467
  -0.04386687  0.03426876  0.0223071  -0.09700488 -0.03796982  0.03269909
   0.01562212 -0.08433253  0.20247833 -0.03880175 -0.05484505 -0.04489083
  -0.09643338 -0.01340263 -0.03973691 -0.08997441  0.16148062 -0.08464196
  -0.04427924  0.00294345 -0.1156383  -0.03159314  0.25623018 -0.04660015
   0.0690444  -0.01461248 -0.09460366 -0.01835313  0.0936555  -0.08216318
   0.05526046 -0.06690111  0.22478989 -0.08056601  0.21258524  0.15095459
   0.03153415  0.19026212 -0.09365972  0.11540355 -0.04809424  0.04589338
   0.04585001  0.06902704  0.04393189 -0.0936867   0.00994108 -0.03986113
   0.06330507 -0.09156001 -0.01263241  0.06422871 -0.0814286  -0.0033691
  -0.05576215 -0.13035327  0.01573103 -0.03923972  0.19024894  0.03698046
   0.03250419  0.05845987  0.02529558 -0.06737349  0.16317113 -0.04047829
  -0.07800872 -0.0939812  -0.07948525  0.00225603  0.01014437 -0.02227997
  -0.05212555  0.05802995 -0.08738944 -0.01354614 -0.08781956  0.15426242
   0.0560762   0.12448762 -0.06478398 -0.07196371  0.12733214 -0.05706924
   0.07694716  0.00137827 -0.04061768 -0.00269201 -0.0693059   0.08197957
   0.09181698 -0.00369713 -0.0063667  -0.08004807  0.02688095  0.04086191
  -0.07660925 -0.03745263]]
[[ 0.07839338 -0.06272379 -0.05551454 -0.17454353 -0.06382705  0.01212987
  -0.08368209 -0.00856941 -0.06192503 -0.02155079 -0.07974859 -0.00523411
  -0.10426812  0.18955646 -0.03799909  0.15227458 -0.0831017   0.03848967
  -0.03387696  0.1116924   0.08141428  0.16033883 -0.07170675 -0.00107545
   0.12665835 -0.0538842   0.1680458  -0.00474518  0.14723328 -0.05699467
  -0.04386687  0.03426876  0.0223071  -0.09700488 -0.03796982  0.03269909
   0.01562212 -0.08433253  0.20247833 -0.03880175 -0.05484505 -0.04489083
  -0.09643338 -0.01340263 -0.03973691 -0.08997441  0.16148062 -0.08464196
  -0.04427924  0.00294345 -0.1156383  -0.03159314  0.25623018 -0.04660015
   0.0690444  -0.01461248 -0.09460366 -0.01835313  0.0936555  -0.08216318
   0.05526046 -0.06690111  0.22478989 -0.08056601  0.21258524  0.15095459
   0.03153415  0.19026212 -0.09365972  0.11540355 -0.04809424  0.04589338
   0.04585001  0.06902704  0.04393189 -0.0936867   0.00994108 -0.03986113
   0.06330507 -0.09156001 -0.01263241  0.06422871 -0.0814286  -0.0033691
  -0.05576215 -0.13035327  0.01573103 -0.03923972  0.19024894  0.03698046
   0.03250419  0.05845987  0.02529558 -0.06737349  0.16317113 -0.04047829
  -0.07800872 -0.0939812  -0.07948525  0.00225603  0.01014437 -0.02227997
  -0.05212555  0.05802995 -0.08738944 -0.01354614 -0.08781956  0.15426242
   0.0560762   0.12448762 -0.06478398 -0.07196371  0.12733214 -0.05706924
   0.07694716  0.00137827 -0.04061768 -0.00269201 -0.0693059   0.08197957
   0.09181698 -0.00369713 -0.0063667  -0.08004807  0.02688095  0.04086191
  -0.07660925 -0.03745263]]
[[ 0.07839338 -0.06272379 -0.05551454 -0.17454353 -0.06382705  0.01212987
  -0.08368209 -0.00856941 -0.06192503 -0.02155079 -0.07974859 -0.00523411
  -0.10426812  0.18955646 -0.03799909  0.15227458 -0.0831017   0.03848967
  -0.03387696  0.1116924   0.08141428  0.16033883 -0.07170675 -0.00107545
   0.12665835 -0.0538842   0.1680458  -0.00474518  0.14723328 -0.05699467
  -0.04386687  0.03426876  0.0223071  -0.09700488 -0.03796982  0.03269909
   0.01562212 -0.08433253  0.20247833 -0.03880175 -0.05484505 -0.04489083
  -0.09643338 -0.01340263 -0.03973691 -0.08997441  0.16148062 -0.08464196
  -0.04427924  0.00294345 -0.1156383  -0.03159314  0.25623018 -0.04660015
   0.0690444  -0.01461248 -0.09460366 -0.01835313  0.0936555  -0.08216318
   0.05526046 -0.06690111  0.22478989 -0.08056601  0.21258524  0.15095459
   0.03153415  0.19026212 -0.09365972  0.11540355 -0.04809424  0.04589338
   0.04585001  0.06902704  0.04393189 -0.0936867   0.00994108 -0.03986113
   0.06330507 -0.09156001 -0.01263241  0.06422871 -0.0814286  -0.0033691
  -0.05576215 -0.13035327  0.01573103 -0.03923972  0.19024894  0.03698046
   0.03250419  0.05845987  0.02529558 -0.06737349  0.16317113 -0.04047829
  -0.07800872 -0.0939812  -0.07948525  0.00225603  0.01014437 -0.02227997
  -0.05212555  0.05802995 -0.08738944 -0.01354614 -0.08781956  0.15426242
   0.0560762   0.12448762 -0.06478398 -0.07196371  0.12733214 -0.05706924
   0.07694716  0.00137827 -0.04061768 -0.00269201 -0.0693059   0.08197957
   0.09181698 -0.00369713 -0.0063667  -0.08004807  0.02688095  0.04086191
  -0.07660925 -0.03745263]]
[[ 0.07839338 -0.06272379 -0.05551454 -0.17454353 -0.06382705  0.01212987
  -0.08368209 -0.00856941 -0.06192503 -0.02155079 -0.07974859 -0.00523411
  -0.10426812  0.18955646 -0.03799909  0.15227458 -0.0831017   0.03848967
  -0.03387696  0.1116924   0.08141428  0.16033883 -0.07170675 -0.00107545
   0.12665835 -0.0538842   0.1680458  -0.00474518  0.14723328 -0.05699467
  -0.04386687  0.03426876  0.0223071  -0.09700488 -0.03796982  0.03269909
   0.01562212 -0.08433253  0.20247833 -0.03880175 -0.05484505 -0.04489083
  -0.09643338 -0.01340263 -0.03973691 -0.08997441  0.16148062 -0.08464196
  -0.04427924  0.00294345 -0.1156383  -0.03159314  0.25623018 -0.04660015
   0.0690444  -0.01461248 -0.09460366 -0.01835313  0.0936555  -0.08216318
   0.05526046 -0.06690111  0.22478989 -0.08056601  0.21258524  0.15095459
   0.03153415  0.19026212 -0.09365972  0.11540355 -0.04809424  0.04589338
   0.04585001  0.06902704  0.04393189 -0.0936867   0.00994108 -0.03986113
   0.06330507 -0.09156001 -0.01263241  0.06422871 -0.0814286  -0.0033691
  -0.05576215 -0.13035327  0.01573103 -0.03923972  0.19024894  0.03698046
   0.03250419  0.05845987  0.02529558 -0.06737349  0.16317113 -0.04047829
  -0.07800872 -0.0939812  -0.07948525  0.00225603  0.01014437 -0.02227997
  -0.05212555  0.05802995 -0.08738944 -0.01354614 -0.08781956  0.15426242
   0.0560762   0.12448762 -0.06478398 -0.07196371  0.12733214 -0.05706924
   0.07694716  0.00137827 -0.04061768 -0.00269201 -0.0693059   0.08197957
   0.09181698 -0.00369713 -0.0063667  -0.08004807  0.02688095  0.04086191
  -0.07660925 -0.03745263]]
