[[ 0.03381777 -0.07792252 -0.08379363 -0.21620706 -0.02724683  0.04994735
  -0.07844854 -0.02670826  0.00884129 -0.00552373 -0.074109   -0.02764337
  -0.03598255  0.20003515 -0.05163241  0.07382338 -0.01618881  0.05454183
   0.01465365  0.01193829  0.12948619  0.14501037 -0.03041344  0.02803678
   0.13537487 -0.08072935  0.15972108 -0.00850823  0.12696409 -0.01508918
  -0.04681641  0.0200887   0.10265149 -0.10039289  0.00046987  0.0590643
   0.04544285 -0.09189958  0.23961182 -0.00407823 -0.07235997 -0.0268311
  -0.08637103  0.08800939 -0.05656882 -0.08267554  0.13905987 -0.0770043
  -0.02434658 -0.01922522 -0.12306242 -0.03509467  0.2804577  -0.00513235
   0.10585965  0.00087468 -0.0641031   0.02977834  0.08814055 -0.09498471
   0.1060208  -0.05910654  0.19605097 -0.09069332  0.12019791  0.14124846
  -0.00249439  0.05440689 -0.09205355  0.18650259 -0.07929306 -0.03366227
   0.00620925 -0.002631    0.06643794 -0.07875199  0.01948727 -0.04691164
   0.04009356 -0.11815997  0.11747837  0.00871605 -0.09685002 -0.04892648
  -0.03142589 -0.11982339  0.01970757  0.02976594  0.16055663 -0.01273607
   0.0082283   0.15216124  0.02732191 -0.0841938   0.13027939  0.04116249
  -0.07507479 -0.08574596 -0.08495715  0.06883727 -0.0458708  -0.05303116
  -0.02700928  0.039898   -0.09111138  0.0044534  -0.06954771  0.15155256
   0.05587931  0.14694913 -0.02388959 -0.07623696  0.20354764 -0.05794144
   0.11495686 -0.0007658  -0.02378372  0.01424172 -0.038425    0.03401028
   0.06987471 -0.04469374  0.03012217 -0.09321453  0.03668556  0.07440647
  -0.04921946 -0.01871832]]
[[ 0.03381777 -0.07792252 -0.08379363 -0.21620706 -0.02724683  0.04994735
  -0.07844854 -0.02670826  0.00884129 -0.00552373 -0.074109   -0.02764337
  -0.03598255  0.20003515 -0.05163241  0.07382338 -0.01618881  0.05454183
   0.01465365  0.01193829  0.12948619  0.14501037 -0.03041344  0.02803678
   0.13537487 -0.08072935  0.15972108 -0.00850823  0.12696409 -0.01508918
  -0.04681641  0.0200887   0.10265149 -0.10039289  0.00046987  0.0590643
   0.04544285 -0.09189958  0.23961182 -0.00407823 -0.07235997 -0.0268311
  -0.08637103  0.08800939 -0.05656882 -0.08267554  0.13905987 -0.0770043
  -0.02434658 -0.01922522 -0.12306242 -0.03509467  0.2804577  -0.00513235
   0.10585965  0.00087468 -0.0641031   0.02977834  0.08814055 -0.09498471
   0.1060208  -0.05910654  0.19605097 -0.09069332  0.12019791  0.14124846
  -0.00249439  0.05440689 -0.09205355  0.18650259 -0.07929306 -0.03366227
   0.00620925 -0.002631    0.06643794 -0.07875199  0.01948727 -0.04691164
   0.04009356 -0.11815997  0.11747837  0.00871605 -0.09685002 -0.04892648
  -0.03142589 -0.11982339  0.01970757  0.02976594  0.16055663 -0.01273607
   0.0082283   0.15216124  0.02732191 -0.0841938   0.13027939  0.04116249
  -0.07507479 -0.08574596 -0.08495715  0.06883727 -0.0458708  -0.05303116
  -0.02700928  0.039898   -0.09111138  0.0044534  -0.06954771  0.15155256
   0.05587931  0.14694913 -0.02388959 -0.07623696  0.20354764 -0.05794144
   0.11495686 -0.0007658  -0.02378372  0.01424172 -0.038425    0.03401028
   0.06987471 -0.04469374  0.03012217 -0.09321453  0.03668556  0.07440647
  -0.04921946 -0.01871832]]
[[ 0.03381777 -0.07792252 -0.08379363 -0.21620706 -0.02724683  0.04994735
  -0.07844854 -0.02670826  0.00884129 -0.00552373 -0.074109   -0.02764337
  -0.03598255  0.20003515 -0.05163241  0.07382338 -0.01618881  0.05454183
   0.01465365  0.01193829  0.12948619  0.14501037 -0.03041344  0.02803678
   0.13537487 -0.08072935  0.15972108 -0.00850823  0.12696409 -0.01508918
  -0.04681641  0.0200887   0.10265149 -0.10039289  0.00046987  0.0590643
   0.04544285 -0.09189958  0.23961182 -0.00407823 -0.07235997 -0.0268311
  -0.08637103  0.08800939 -0.05656882 -0.08267554  0.13905987 -0.0770043
  -0.02434658 -0.01922522 -0.12306242 -0.03509467  0.2804577  -0.00513235
   0.10585965  0.00087468 -0.0641031   0.02977834  0.08814055 -0.09498471
   0.1060208  -0.05910654  0.19605097 -0.09069332  0.12019791  0.14124846
  -0.00249439  0.05440689 -0.09205355  0.18650259 -0.07929306 -0.03366227
   0.00620925 -0.002631    0.06643794 -0.07875199  0.01948727 -0.04691164
   0.04009356 -0.11815997  0.11747837  0.00871605 -0.09685002 -0.04892648
  -0.03142589 -0.11982339  0.01970757  0.02976594  0.16055663 -0.01273607
   0.0082283   0.15216124  0.02732191 -0.0841938   0.13027939  0.04116249
  -0.07507479 -0.08574596 -0.08495715  0.06883727 -0.0458708  -0.05303116
  -0.02700928  0.039898   -0.09111138  0.0044534  -0.06954771  0.15155256
   0.05587931  0.14694913 -0.02388959 -0.07623696  0.20354764 -0.05794144
   0.11495686 -0.0007658  -0.02378372  0.01424172 -0.038425    0.03401028
   0.06987471 -0.04469374  0.03012217 -0.09321453  0.03668556  0.07440647
  -0.04921946 -0.01871832]]
[[ 0.03381777 -0.07792252 -0.08379363 -0.21620706 -0.02724683  0.04994735
  -0.07844854 -0.02670826  0.00884129 -0.00552373 -0.074109   -0.02764337
  -0.03598255  0.20003515 -0.05163241  0.07382338 -0.01618881  0.05454183
   0.01465365  0.01193829  0.12948619  0.14501037 -0.03041344  0.02803678
   0.13537487 -0.08072935  0.15972108 -0.00850823  0.12696409 -0.01508918
  -0.04681641  0.0200887   0.10265149 -0.10039289  0.00046987  0.0590643
   0.04544285 -0.09189958  0.23961182 -0.00407823 -0.07235997 -0.0268311
  -0.08637103  0.08800939 -0.05656882 -0.08267554  0.13905987 -0.0770043
  -0.02434658 -0.01922522 -0.12306242 -0.03509467  0.2804577  -0.00513235
   0.10585965  0.00087468 -0.0641031   0.02977834  0.08814055 -0.09498471
   0.1060208  -0.05910654  0.19605097 -0.09069332  0.12019791  0.14124846
  -0.00249439  0.05440689 -0.09205355  0.18650259 -0.07929306 -0.03366227
   0.00620925 -0.002631    0.06643794 -0.07875199  0.01948727 -0.04691164
   0.04009356 -0.11815997  0.11747837  0.00871605 -0.09685002 -0.04892648
  -0.03142589 -0.11982339  0.01970757  0.02976594  0.16055663 -0.01273607
   0.0082283   0.15216124  0.02732191 -0.0841938   0.13027939  0.04116249
  -0.07507479 -0.08574596 -0.08495715  0.06883727 -0.0458708  -0.05303116
  -0.02700928  0.039898   -0.09111138  0.0044534  -0.06954771  0.15155256
   0.05587931  0.14694913 -0.02388959 -0.07623696  0.20354764 -0.05794144
   0.11495686 -0.0007658  -0.02378372  0.01424172 -0.038425    0.03401028
   0.06987471 -0.04469374  0.03012217 -0.09321453  0.03668556  0.07440647
  -0.04921946 -0.01871832]]
[[ 0.03381777 -0.07792252 -0.08379363 -0.21620706 -0.02724683  0.04994735
  -0.07844854 -0.02670826  0.00884129 -0.00552373 -0.074109   -0.02764337
  -0.03598255  0.20003515 -0.05163241  0.07382338 -0.01618881  0.05454183
   0.01465365  0.01193829  0.12948619  0.14501037 -0.03041344  0.02803678
   0.13537487 -0.08072935  0.15972108 -0.00850823  0.12696409 -0.01508918
  -0.04681641  0.0200887   0.10265149 -0.10039289  0.00046987  0.0590643
   0.04544285 -0.09189958  0.23961182 -0.00407823 -0.07235997 -0.0268311
  -0.08637103  0.08800939 -0.05656882 -0.08267554  0.13905987 -0.0770043
  -0.02434658 -0.01922522 -0.12306242 -0.03509467  0.2804577  -0.00513235
   0.10585965  0.00087468 -0.0641031   0.02977834  0.08814055 -0.09498471
   0.1060208  -0.05910654  0.19605097 -0.09069332  0.12019791  0.14124846
  -0.00249439  0.05440689 -0.09205355  0.18650259 -0.07929306 -0.03366227
   0.00620925 -0.002631    0.06643794 -0.07875199  0.01948727 -0.04691164
   0.04009356 -0.11815997  0.11747837  0.00871605 -0.09685002 -0.04892648
  -0.03142589 -0.11982339  0.01970757  0.02976594  0.16055663 -0.01273607
   0.0082283   0.15216124  0.02732191 -0.0841938   0.13027939  0.04116249
  -0.07507479 -0.08574596 -0.08495715  0.06883727 -0.0458708  -0.05303116
  -0.02700928  0.039898   -0.09111138  0.0044534  -0.06954771  0.15155256
   0.05587931  0.14694913 -0.02388959 -0.07623696  0.20354764 -0.05794144
   0.11495686 -0.0007658  -0.02378372  0.01424172 -0.038425    0.03401028
   0.06987471 -0.04469374  0.03012217 -0.09321453  0.03668556  0.07440647
  -0.04921946 -0.01871832]]
[[ 0.03381777 -0.07792252 -0.08379363 -0.21620706 -0.02724683  0.04994735
  -0.07844854 -0.02670826  0.00884129 -0.00552373 -0.074109   -0.02764337
  -0.03598255  0.20003515 -0.05163241  0.07382338 -0.01618881  0.05454183
   0.01465365  0.01193829  0.12948619  0.14501037 -0.03041344  0.02803678
   0.13537487 -0.08072935  0.15972108 -0.00850823  0.12696409 -0.01508918
  -0.04681641  0.0200887   0.10265149 -0.10039289  0.00046987  0.0590643
   0.04544285 -0.09189958  0.23961182 -0.00407823 -0.07235997 -0.0268311
  -0.08637103  0.08800939 -0.05656882 -0.08267554  0.13905987 -0.0770043
  -0.02434658 -0.01922522 -0.12306242 -0.03509467  0.2804577  -0.00513235
   0.10585965  0.00087468 -0.0641031   0.02977834  0.08814055 -0.09498471
   0.1060208  -0.05910654  0.19605097 -0.09069332  0.12019791  0.14124846
  -0.00249439  0.05440689 -0.09205355  0.18650259 -0.07929306 -0.03366227
   0.00620925 -0.002631    0.06643794 -0.07875199  0.01948727 -0.04691164
   0.04009356 -0.11815997  0.11747837  0.00871605 -0.09685002 -0.04892648
  -0.03142589 -0.11982339  0.01970757  0.02976594  0.16055663 -0.01273607
   0.0082283   0.15216124  0.02732191 -0.0841938   0.13027939  0.04116249
  -0.07507479 -0.08574596 -0.08495715  0.06883727 -0.0458708  -0.05303116
  -0.02700928  0.039898   -0.09111138  0.0044534  -0.06954771  0.15155256
   0.05587931  0.14694913 -0.02388959 -0.07623696  0.20354764 -0.05794144
   0.11495686 -0.0007658  -0.02378372  0.01424172 -0.038425    0.03401028
   0.06987471 -0.04469374  0.03012217 -0.09321453  0.03668556  0.07440647
  -0.04921946 -0.01871832]]
[[ 0.03381777 -0.07792252 -0.08379363 -0.21620706 -0.02724683  0.04994735
  -0.07844854 -0.02670826  0.00884129 -0.00552373 -0.074109   -0.02764337
  -0.03598255  0.20003515 -0.05163241  0.07382338 -0.01618881  0.05454183
   0.01465365  0.01193829  0.12948619  0.14501037 -0.03041344  0.02803678
   0.13537487 -0.08072935  0.15972108 -0.00850823  0.12696409 -0.01508918
  -0.04681641  0.0200887   0.10265149 -0.10039289  0.00046987  0.0590643
   0.04544285 -0.09189958  0.23961182 -0.00407823 -0.07235997 -0.0268311
  -0.08637103  0.08800939 -0.05656882 -0.08267554  0.13905987 -0.0770043
  -0.02434658 -0.01922522 -0.12306242 -0.03509467  0.2804577  -0.00513235
   0.10585965  0.00087468 -0.0641031   0.02977834  0.08814055 -0.09498471
   0.1060208  -0.05910654  0.19605097 -0.09069332  0.12019791  0.14124846
  -0.00249439  0.05440689 -0.09205355  0.18650259 -0.07929306 -0.03366227
   0.00620925 -0.002631    0.06643794 -0.07875199  0.01948727 -0.04691164
   0.04009356 -0.11815997  0.11747837  0.00871605 -0.09685002 -0.04892648
  -0.03142589 -0.11982339  0.01970757  0.02976594  0.16055663 -0.01273607
   0.0082283   0.15216124  0.02732191 -0.0841938   0.13027939  0.04116249
  -0.07507479 -0.08574596 -0.08495715  0.06883727 -0.0458708  -0.05303116
  -0.02700928  0.039898   -0.09111138  0.0044534  -0.06954771  0.15155256
   0.05587931  0.14694913 -0.02388959 -0.07623696  0.20354764 -0.05794144
   0.11495686 -0.0007658  -0.02378372  0.01424172 -0.038425    0.03401028
   0.06987471 -0.04469374  0.03012217 -0.09321453  0.03668556  0.07440647
  -0.04921946 -0.01871832]]
[[ 0.03381777 -0.07792252 -0.08379363 -0.21620706 -0.02724683  0.04994735
  -0.07844854 -0.02670826  0.00884129 -0.00552373 -0.074109   -0.02764337
  -0.03598255  0.20003515 -0.05163241  0.07382338 -0.01618881  0.05454183
   0.01465365  0.01193829  0.12948619  0.14501037 -0.03041344  0.02803678
   0.13537487 -0.08072935  0.15972108 -0.00850823  0.12696409 -0.01508918
  -0.04681641  0.0200887   0.10265149 -0.10039289  0.00046987  0.0590643
   0.04544285 -0.09189958  0.23961182 -0.00407823 -0.07235997 -0.0268311
  -0.08637103  0.08800939 -0.05656882 -0.08267554  0.13905987 -0.0770043
  -0.02434658 -0.01922522 -0.12306242 -0.03509467  0.2804577  -0.00513235
   0.10585965  0.00087468 -0.0641031   0.02977834  0.08814055 -0.09498471
   0.1060208  -0.05910654  0.19605097 -0.09069332  0.12019791  0.14124846
  -0.00249439  0.05440689 -0.09205355  0.18650259 -0.07929306 -0.03366227
   0.00620925 -0.002631    0.06643794 -0.07875199  0.01948727 -0.04691164
   0.04009356 -0.11815997  0.11747837  0.00871605 -0.09685002 -0.04892648
  -0.03142589 -0.11982339  0.01970757  0.02976594  0.16055663 -0.01273607
   0.0082283   0.15216124  0.02732191 -0.0841938   0.13027939  0.04116249
  -0.07507479 -0.08574596 -0.08495715  0.06883727 -0.0458708  -0.05303116
  -0.02700928  0.039898   -0.09111138  0.0044534  -0.06954771  0.15155256
   0.05587931  0.14694913 -0.02388959 -0.07623696  0.20354764 -0.05794144
   0.11495686 -0.0007658  -0.02378372  0.01424172 -0.038425    0.03401028
   0.06987471 -0.04469374  0.03012217 -0.09321453  0.03668556  0.07440647
  -0.04921946 -0.01871832]]
[[ 0.03381777 -0.07792252 -0.08379363 -0.21620706 -0.02724683  0.04994735
  -0.07844854 -0.02670826  0.00884129 -0.00552373 -0.074109   -0.02764337
  -0.03598255  0.20003515 -0.05163241  0.07382338 -0.01618881  0.05454183
   0.01465365  0.01193829  0.12948619  0.14501037 -0.03041344  0.02803678
   0.13537487 -0.08072935  0.15972108 -0.00850823  0.12696409 -0.01508918
  -0.04681641  0.0200887   0.10265149 -0.10039289  0.00046987  0.0590643
   0.04544285 -0.09189958  0.23961182 -0.00407823 -0.07235997 -0.0268311
  -0.08637103  0.08800939 -0.05656882 -0.08267554  0.13905987 -0.0770043
  -0.02434658 -0.01922522 -0.12306242 -0.03509467  0.2804577  -0.00513235
   0.10585965  0.00087468 -0.0641031   0.02977834  0.08814055 -0.09498471
   0.1060208  -0.05910654  0.19605097 -0.09069332  0.12019791  0.14124846
  -0.00249439  0.05440689 -0.09205355  0.18650259 -0.07929306 -0.03366227
   0.00620925 -0.002631    0.06643794 -0.07875199  0.01948727 -0.04691164
   0.04009356 -0.11815997  0.11747837  0.00871605 -0.09685002 -0.04892648
  -0.03142589 -0.11982339  0.01970757  0.02976594  0.16055663 -0.01273607
   0.0082283   0.15216124  0.02732191 -0.0841938   0.13027939  0.04116249
  -0.07507479 -0.08574596 -0.08495715  0.06883727 -0.0458708  -0.05303116
  -0.02700928  0.039898   -0.09111138  0.0044534  -0.06954771  0.15155256
   0.05587931  0.14694913 -0.02388959 -0.07623696  0.20354764 -0.05794144
   0.11495686 -0.0007658  -0.02378372  0.01424172 -0.038425    0.03401028
   0.06987471 -0.04469374  0.03012217 -0.09321453  0.03668556  0.07440647
  -0.04921946 -0.01871832]]
[[ 0.03381777 -0.07792252 -0.08379363 -0.21620706 -0.02724683  0.04994735
  -0.07844854 -0.02670826  0.00884129 -0.00552373 -0.074109   -0.02764337
  -0.03598255  0.20003515 -0.05163241  0.07382338 -0.01618881  0.05454183
   0.01465365  0.01193829  0.12948619  0.14501037 -0.03041344  0.02803678
   0.13537487 -0.08072935  0.15972108 -0.00850823  0.12696409 -0.01508918
  -0.04681641  0.0200887   0.10265149 -0.10039289  0.00046987  0.0590643
   0.04544285 -0.09189958  0.23961182 -0.00407823 -0.07235997 -0.0268311
  -0.08637103  0.08800939 -0.05656882 -0.08267554  0.13905987 -0.0770043
  -0.02434658 -0.01922522 -0.12306242 -0.03509467  0.2804577  -0.00513235
   0.10585965  0.00087468 -0.0641031   0.02977834  0.08814055 -0.09498471
   0.1060208  -0.05910654  0.19605097 -0.09069332  0.12019791  0.14124846
  -0.00249439  0.05440689 -0.09205355  0.18650259 -0.07929306 -0.03366227
   0.00620925 -0.002631    0.06643794 -0.07875199  0.01948727 -0.04691164
   0.04009356 -0.11815997  0.11747837  0.00871605 -0.09685002 -0.04892648
  -0.03142589 -0.11982339  0.01970757  0.02976594  0.16055663 -0.01273607
   0.0082283   0.15216124  0.02732191 -0.0841938   0.13027939  0.04116249
  -0.07507479 -0.08574596 -0.08495715  0.06883727 -0.0458708  -0.05303116
  -0.02700928  0.039898   -0.09111138  0.0044534  -0.06954771  0.15155256
   0.05587931  0.14694913 -0.02388959 -0.07623696  0.20354764 -0.05794144
   0.11495686 -0.0007658  -0.02378372  0.01424172 -0.038425    0.03401028
   0.06987471 -0.04469374  0.03012217 -0.09321453  0.03668556  0.07440647
  -0.04921946 -0.01871832]]
[[ 0.03381777 -0.07792252 -0.08379363 -0.21620706 -0.02724683  0.04994735
  -0.07844854 -0.02670826  0.00884129 -0.00552373 -0.074109   -0.02764337
  -0.03598255  0.20003515 -0.05163241  0.07382338 -0.01618881  0.05454183
   0.01465365  0.01193829  0.12948619  0.14501037 -0.03041344  0.02803678
   0.13537487 -0.08072935  0.15972108 -0.00850823  0.12696409 -0.01508918
  -0.04681641  0.0200887   0.10265149 -0.10039289  0.00046987  0.0590643
   0.04544285 -0.09189958  0.23961182 -0.00407823 -0.07235997 -0.0268311
  -0.08637103  0.08800939 -0.05656882 -0.08267554  0.13905987 -0.0770043
  -0.02434658 -0.01922522 -0.12306242 -0.03509467  0.2804577  -0.00513235
   0.10585965  0.00087468 -0.0641031   0.02977834  0.08814055 -0.09498471
   0.1060208  -0.05910654  0.19605097 -0.09069332  0.12019791  0.14124846
  -0.00249439  0.05440689 -0.09205355  0.18650259 -0.07929306 -0.03366227
   0.00620925 -0.002631    0.06643794 -0.07875199  0.01948727 -0.04691164
   0.04009356 -0.11815997  0.11747837  0.00871605 -0.09685002 -0.04892648
  -0.03142589 -0.11982339  0.01970757  0.02976594  0.16055663 -0.01273607
   0.0082283   0.15216124  0.02732191 -0.0841938   0.13027939  0.04116249
  -0.07507479 -0.08574596 -0.08495715  0.06883727 -0.0458708  -0.05303116
  -0.02700928  0.039898   -0.09111138  0.0044534  -0.06954771  0.15155256
   0.05587931  0.14694913 -0.02388959 -0.07623696  0.20354764 -0.05794144
   0.11495686 -0.0007658  -0.02378372  0.01424172 -0.038425    0.03401028
   0.06987471 -0.04469374  0.03012217 -0.09321453  0.03668556  0.07440647
  -0.04921946 -0.01871832]]
[[ 0.03381777 -0.07792252 -0.08379363 -0.21620706 -0.02724683  0.04994735
  -0.07844854 -0.02670826  0.00884129 -0.00552373 -0.074109   -0.02764337
  -0.03598255  0.20003515 -0.05163241  0.07382338 -0.01618881  0.05454183
   0.01465365  0.01193829  0.12948619  0.14501037 -0.03041344  0.02803678
   0.13537487 -0.08072935  0.15972108 -0.00850823  0.12696409 -0.01508918
  -0.04681641  0.0200887   0.10265149 -0.10039289  0.00046987  0.0590643
   0.04544285 -0.09189958  0.23961182 -0.00407823 -0.07235997 -0.0268311
  -0.08637103  0.08800939 -0.05656882 -0.08267554  0.13905987 -0.0770043
  -0.02434658 -0.01922522 -0.12306242 -0.03509467  0.2804577  -0.00513235
   0.10585965  0.00087468 -0.0641031   0.02977834  0.08814055 -0.09498471
   0.1060208  -0.05910654  0.19605097 -0.09069332  0.12019791  0.14124846
  -0.00249439  0.05440689 -0.09205355  0.18650259 -0.07929306 -0.03366227
   0.00620925 -0.002631    0.06643794 -0.07875199  0.01948727 -0.04691164
   0.04009356 -0.11815997  0.11747837  0.00871605 -0.09685002 -0.04892648
  -0.03142589 -0.11982339  0.01970757  0.02976594  0.16055663 -0.01273607
   0.0082283   0.15216124  0.02732191 -0.0841938   0.13027939  0.04116249
  -0.07507479 -0.08574596 -0.08495715  0.06883727 -0.0458708  -0.05303116
  -0.02700928  0.039898   -0.09111138  0.0044534  -0.06954771  0.15155256
   0.05587931  0.14694913 -0.02388959 -0.07623696  0.20354764 -0.05794144
   0.11495686 -0.0007658  -0.02378372  0.01424172 -0.038425    0.03401028
   0.06987471 -0.04469374  0.03012217 -0.09321453  0.03668556  0.07440647
  -0.04921946 -0.01871832]]
[[ 0.03381777 -0.07792252 -0.08379363 -0.21620706 -0.02724683  0.04994735
  -0.07844854 -0.02670826  0.00884129 -0.00552373 -0.074109   -0.02764337
  -0.03598255  0.20003515 -0.05163241  0.07382338 -0.01618881  0.05454183
   0.01465365  0.01193829  0.12948619  0.14501037 -0.03041344  0.02803678
   0.13537487 -0.08072935  0.15972108 -0.00850823  0.12696409 -0.01508918
  -0.04681641  0.0200887   0.10265149 -0.10039289  0.00046987  0.0590643
   0.04544285 -0.09189958  0.23961182 -0.00407823 -0.07235997 -0.0268311
  -0.08637103  0.08800939 -0.05656882 -0.08267554  0.13905987 -0.0770043
  -0.02434658 -0.01922522 -0.12306242 -0.03509467  0.2804577  -0.00513235
   0.10585965  0.00087468 -0.0641031   0.02977834  0.08814055 -0.09498471
   0.1060208  -0.05910654  0.19605097 -0.09069332  0.12019791  0.14124846
  -0.00249439  0.05440689 -0.09205355  0.18650259 -0.07929306 -0.03366227
   0.00620925 -0.002631    0.06643794 -0.07875199  0.01948727 -0.04691164
   0.04009356 -0.11815997  0.11747837  0.00871605 -0.09685002 -0.04892648
  -0.03142589 -0.11982339  0.01970757  0.02976594  0.16055663 -0.01273607
   0.0082283   0.15216124  0.02732191 -0.0841938   0.13027939  0.04116249
  -0.07507479 -0.08574596 -0.08495715  0.06883727 -0.0458708  -0.05303116
  -0.02700928  0.039898   -0.09111138  0.0044534  -0.06954771  0.15155256
   0.05587931  0.14694913 -0.02388959 -0.07623696  0.20354764 -0.05794144
   0.11495686 -0.0007658  -0.02378372  0.01424172 -0.038425    0.03401028
   0.06987471 -0.04469374  0.03012217 -0.09321453  0.03668556  0.07440647
  -0.04921946 -0.01871832]]
[[ 0.03381777 -0.07792252 -0.08379363 -0.21620706 -0.02724683  0.04994735
  -0.07844854 -0.02670826  0.00884129 -0.00552373 -0.074109   -0.02764337
  -0.03598255  0.20003515 -0.05163241  0.07382338 -0.01618881  0.05454183
   0.01465365  0.01193829  0.12948619  0.14501037 -0.03041344  0.02803678
   0.13537487 -0.08072935  0.15972108 -0.00850823  0.12696409 -0.01508918
  -0.04681641  0.0200887   0.10265149 -0.10039289  0.00046987  0.0590643
   0.04544285 -0.09189958  0.23961182 -0.00407823 -0.07235997 -0.0268311
  -0.08637103  0.08800939 -0.05656882 -0.08267554  0.13905987 -0.0770043
  -0.02434658 -0.01922522 -0.12306242 -0.03509467  0.2804577  -0.00513235
   0.10585965  0.00087468 -0.0641031   0.02977834  0.08814055 -0.09498471
   0.1060208  -0.05910654  0.19605097 -0.09069332  0.12019791  0.14124846
  -0.00249439  0.05440689 -0.09205355  0.18650259 -0.07929306 -0.03366227
   0.00620925 -0.002631    0.06643794 -0.07875199  0.01948727 -0.04691164
   0.04009356 -0.11815997  0.11747837  0.00871605 -0.09685002 -0.04892648
  -0.03142589 -0.11982339  0.01970757  0.02976594  0.16055663 -0.01273607
   0.0082283   0.15216124  0.02732191 -0.0841938   0.13027939  0.04116249
  -0.07507479 -0.08574596 -0.08495715  0.06883727 -0.0458708  -0.05303116
  -0.02700928  0.039898   -0.09111138  0.0044534  -0.06954771  0.15155256
   0.05587931  0.14694913 -0.02388959 -0.07623696  0.20354764 -0.05794144
   0.11495686 -0.0007658  -0.02378372  0.01424172 -0.038425    0.03401028
   0.06987471 -0.04469374  0.03012217 -0.09321453  0.03668556  0.07440647
  -0.04921946 -0.01871832]]
