[[ 0.05643896 -0.0568313  -0.05677153 -0.16539495 -0.06088875 -0.00698521
  -0.08089626 -0.0499021  -0.09549735 -0.03298669 -0.08563575 -0.02904391
  -0.09332384  0.17364904 -0.05473018  0.1643548  -0.0847357   0.05344638
  -0.02761369  0.10507428  0.01218235  0.18130012 -0.14493217  0.04041917
   0.13994002 -0.0677398   0.13766372  0.06417637  0.16202366 -0.0569489
  -0.06299284 -0.01680205  0.03037855 -0.06026264 -0.04282115  0.03683717
   0.03603312 -0.08173078  0.21190761 -0.05871474 -0.03578143 -0.05444266
  -0.10993279 -0.04897873 -0.0441829  -0.08952948  0.12815127 -0.0760053
  -0.05945081  0.01197665 -0.11168191  0.04006407  0.1803251  -0.03149999
   0.05454676 -0.02488107 -0.06978071 -0.01585472  0.07971147 -0.0857907
   0.09637214 -0.06600865  0.24476875 -0.06689207  0.14370833  0.21368326
   0.06986491  0.17036712 -0.09069648  0.12690572 -0.0600589   0.0422815
   0.06421184  0.06252093  0.06192577 -0.09693175 -0.02447022 -0.05286505
   0.06489398 -0.10271761 -0.01661855  0.04525346 -0.08011991 -0.03819918
   0.00122805 -0.11431683 -0.02748517 -0.05883571  0.09511332  0.09767208
   0.05753591  0.06436867 -0.03636232 -0.06971112  0.17190048 -0.06810626
  -0.08650957 -0.09162355 -0.07778044  0.02930653 -0.00053604  0.04787013
  -0.01500161  0.09902102 -0.0971302   0.07988888 -0.08298411  0.16896302
   0.0559871   0.07685676 -0.07031232 -0.07420956  0.13651678 -0.06528199
   0.0496033  -0.04181057 -0.05752864 -0.02776816 -0.06967853  0.08291787
   0.09827594 -0.02474454 -0.02905539 -0.08104421  0.03176186  0.01064362
  -0.07482454 -0.03662876]]
[[ 0.05643896 -0.0568313  -0.05677153 -0.16539495 -0.06088875 -0.00698521
  -0.08089626 -0.0499021  -0.09549735 -0.03298669 -0.08563575 -0.02904391
  -0.09332384  0.17364904 -0.05473018  0.1643548  -0.0847357   0.05344638
  -0.02761369  0.10507428  0.01218235  0.18130012 -0.14493217  0.04041917
   0.13994002 -0.0677398   0.13766372  0.06417637  0.16202366 -0.0569489
  -0.06299284 -0.01680205  0.03037855 -0.06026264 -0.04282115  0.03683717
   0.03603312 -0.08173078  0.21190761 -0.05871474 -0.03578143 -0.05444266
  -0.10993279 -0.04897873 -0.0441829  -0.08952948  0.12815127 -0.0760053
  -0.05945081  0.01197665 -0.11168191  0.04006407  0.1803251  -0.03149999
   0.05454676 -0.02488107 -0.06978071 -0.01585472  0.07971147 -0.0857907
   0.09637214 -0.06600865  0.24476875 -0.06689207  0.14370833  0.21368326
   0.06986491  0.17036712 -0.09069648  0.12690572 -0.0600589   0.0422815
   0.06421184  0.06252093  0.06192577 -0.09693175 -0.02447022 -0.05286505
   0.06489398 -0.10271761 -0.01661855  0.04525346 -0.08011991 -0.03819918
   0.00122805 -0.11431683 -0.02748517 -0.05883571  0.09511332  0.09767208
   0.05753591  0.06436867 -0.03636232 -0.06971112  0.17190048 -0.06810626
  -0.08650957 -0.09162355 -0.07778044  0.02930653 -0.00053604  0.04787013
  -0.01500161  0.09902102 -0.0971302   0.07988888 -0.08298411  0.16896302
   0.0559871   0.07685676 -0.07031232 -0.07420956  0.13651678 -0.06528199
   0.0496033  -0.04181057 -0.05752864 -0.02776816 -0.06967853  0.08291787
   0.09827594 -0.02474454 -0.02905539 -0.08104421  0.03176186  0.01064362
  -0.07482454 -0.03662876]]
[[ 0.05643896 -0.0568313  -0.05677153 -0.16539495 -0.06088875 -0.00698521
  -0.08089626 -0.0499021  -0.09549735 -0.03298669 -0.08563575 -0.02904391
  -0.09332384  0.17364904 -0.05473018  0.1643548  -0.0847357   0.05344638
  -0.02761369  0.10507428  0.01218235  0.18130012 -0.14493217  0.04041917
   0.13994002 -0.0677398   0.13766372  0.06417637  0.16202366 -0.0569489
  -0.06299284 -0.01680205  0.03037855 -0.06026264 -0.04282115  0.03683717
   0.03603312 -0.08173078  0.21190761 -0.05871474 -0.03578143 -0.05444266
  -0.10993279 -0.04897873 -0.0441829  -0.08952948  0.12815127 -0.0760053
  -0.05945081  0.01197665 -0.11168191  0.04006407  0.1803251  -0.03149999
   0.05454676 -0.02488107 -0.06978071 -0.01585472  0.07971147 -0.0857907
   0.09637214 -0.06600865  0.24476875 -0.06689207  0.14370833  0.21368326
   0.06986491  0.17036712 -0.09069648  0.12690572 -0.0600589   0.0422815
   0.06421184  0.06252093  0.06192577 -0.09693175 -0.02447022 -0.05286505
   0.06489398 -0.10271761 -0.01661855  0.04525346 -0.08011991 -0.03819918
   0.00122805 -0.11431683 -0.02748517 -0.05883571  0.09511332  0.09767208
   0.05753591  0.06436867 -0.03636232 -0.06971112  0.17190048 -0.06810626
  -0.08650957 -0.09162355 -0.07778044  0.02930653 -0.00053604  0.04787013
  -0.01500161  0.09902102 -0.0971302   0.07988888 -0.08298411  0.16896302
   0.0559871   0.07685676 -0.07031232 -0.07420956  0.13651678 -0.06528199
   0.0496033  -0.04181057 -0.05752864 -0.02776816 -0.06967853  0.08291787
   0.09827594 -0.02474454 -0.02905539 -0.08104421  0.03176186  0.01064362
  -0.07482454 -0.03662876]]
[[ 0.05643896 -0.0568313  -0.05677153 -0.16539495 -0.06088875 -0.00698521
  -0.08089626 -0.0499021  -0.09549735 -0.03298669 -0.08563575 -0.02904391
  -0.09332384  0.17364904 -0.05473018  0.1643548  -0.0847357   0.05344638
  -0.02761369  0.10507428  0.01218235  0.18130012 -0.14493217  0.04041917
   0.13994002 -0.0677398   0.13766372  0.06417637  0.16202366 -0.0569489
  -0.06299284 -0.01680205  0.03037855 -0.06026264 -0.04282115  0.03683717
   0.03603312 -0.08173078  0.21190761 -0.05871474 -0.03578143 -0.05444266
  -0.10993279 -0.04897873 -0.0441829  -0.08952948  0.12815127 -0.0760053
  -0.05945081  0.01197665 -0.11168191  0.04006407  0.1803251  -0.03149999
   0.05454676 -0.02488107 -0.06978071 -0.01585472  0.07971147 -0.0857907
   0.09637214 -0.06600865  0.24476875 -0.06689207  0.14370833  0.21368326
   0.06986491  0.17036712 -0.09069648  0.12690572 -0.0600589   0.0422815
   0.06421184  0.06252093  0.06192577 -0.09693175 -0.02447022 -0.05286505
   0.06489398 -0.10271761 -0.01661855  0.04525346 -0.08011991 -0.03819918
   0.00122805 -0.11431683 -0.02748517 -0.05883571  0.09511332  0.09767208
   0.05753591  0.06436867 -0.03636232 -0.06971112  0.17190048 -0.06810626
  -0.08650957 -0.09162355 -0.07778044  0.02930653 -0.00053604  0.04787013
  -0.01500161  0.09902102 -0.0971302   0.07988888 -0.08298411  0.16896302
   0.0559871   0.07685676 -0.07031232 -0.07420956  0.13651678 -0.06528199
   0.0496033  -0.04181057 -0.05752864 -0.02776816 -0.06967853  0.08291787
   0.09827594 -0.02474454 -0.02905539 -0.08104421  0.03176186  0.01064362
  -0.07482454 -0.03662876]]
[[ 0.05643896 -0.0568313  -0.05677153 -0.16539495 -0.06088875 -0.00698521
  -0.08089626 -0.0499021  -0.09549735 -0.03298669 -0.08563575 -0.02904391
  -0.09332384  0.17364904 -0.05473018  0.1643548  -0.0847357   0.05344638
  -0.02761369  0.10507428  0.01218235  0.18130012 -0.14493217  0.04041917
   0.13994002 -0.0677398   0.13766372  0.06417637  0.16202366 -0.0569489
  -0.06299284 -0.01680205  0.03037855 -0.06026264 -0.04282115  0.03683717
   0.03603312 -0.08173078  0.21190761 -0.05871474 -0.03578143 -0.05444266
  -0.10993279 -0.04897873 -0.0441829  -0.08952948  0.12815127 -0.0760053
  -0.05945081  0.01197665 -0.11168191  0.04006407  0.1803251  -0.03149999
   0.05454676 -0.02488107 -0.06978071 -0.01585472  0.07971147 -0.0857907
   0.09637214 -0.06600865  0.24476875 -0.06689207  0.14370833  0.21368326
   0.06986491  0.17036712 -0.09069648  0.12690572 -0.0600589   0.0422815
   0.06421184  0.06252093  0.06192577 -0.09693175 -0.02447022 -0.05286505
   0.06489398 -0.10271761 -0.01661855  0.04525346 -0.08011991 -0.03819918
   0.00122805 -0.11431683 -0.02748517 -0.05883571  0.09511332  0.09767208
   0.05753591  0.06436867 -0.03636232 -0.06971112  0.17190048 -0.06810626
  -0.08650957 -0.09162355 -0.07778044  0.02930653 -0.00053604  0.04787013
  -0.01500161  0.09902102 -0.0971302   0.07988888 -0.08298411  0.16896302
   0.0559871   0.07685676 -0.07031232 -0.07420956  0.13651678 -0.06528199
   0.0496033  -0.04181057 -0.05752864 -0.02776816 -0.06967853  0.08291787
   0.09827594 -0.02474454 -0.02905539 -0.08104421  0.03176186  0.01064362
  -0.07482454 -0.03662876]]
[[ 0.05643896 -0.0568313  -0.05677153 -0.16539495 -0.06088875 -0.00698521
  -0.08089626 -0.0499021  -0.09549735 -0.03298669 -0.08563575 -0.02904391
  -0.09332384  0.17364904 -0.05473018  0.1643548  -0.0847357   0.05344638
  -0.02761369  0.10507428  0.01218235  0.18130012 -0.14493217  0.04041917
   0.13994002 -0.0677398   0.13766372  0.06417637  0.16202366 -0.0569489
  -0.06299284 -0.01680205  0.03037855 -0.06026264 -0.04282115  0.03683717
   0.03603312 -0.08173078  0.21190761 -0.05871474 -0.03578143 -0.05444266
  -0.10993279 -0.04897873 -0.0441829  -0.08952948  0.12815127 -0.0760053
  -0.05945081  0.01197665 -0.11168191  0.04006407  0.1803251  -0.03149999
   0.05454676 -0.02488107 -0.06978071 -0.01585472  0.07971147 -0.0857907
   0.09637214 -0.06600865  0.24476875 -0.06689207  0.14370833  0.21368326
   0.06986491  0.17036712 -0.09069648  0.12690572 -0.0600589   0.0422815
   0.06421184  0.06252093  0.06192577 -0.09693175 -0.02447022 -0.05286505
   0.06489398 -0.10271761 -0.01661855  0.04525346 -0.08011991 -0.03819918
   0.00122805 -0.11431683 -0.02748517 -0.05883571  0.09511332  0.09767208
   0.05753591  0.06436867 -0.03636232 -0.06971112  0.17190048 -0.06810626
  -0.08650957 -0.09162355 -0.07778044  0.02930653 -0.00053604  0.04787013
  -0.01500161  0.09902102 -0.0971302   0.07988888 -0.08298411  0.16896302
   0.0559871   0.07685676 -0.07031232 -0.07420956  0.13651678 -0.06528199
   0.0496033  -0.04181057 -0.05752864 -0.02776816 -0.06967853  0.08291787
   0.09827594 -0.02474454 -0.02905539 -0.08104421  0.03176186  0.01064362
  -0.07482454 -0.03662876]]
