[[ 7.68049359e-02 -6.49054274e-02 -5.74309938e-02 -1.51901811e-01
  -4.84072752e-02  7.71454722e-03 -8.34914446e-02 -4.70702127e-02
  -8.95868093e-02 -3.20292935e-02 -8.75353143e-02  4.60975803e-03
  -9.84613895e-02  1.42030507e-01 -4.44233678e-02  1.68075785e-01
  -8.04736018e-02  3.61196585e-02 -3.38841788e-02  9.36233178e-02
   4.61113341e-02  1.74247175e-01 -1.27404109e-01  5.25774322e-02
   1.12109363e-01 -7.05006197e-02  1.50308892e-01  6.07597232e-02
   1.68042615e-01 -6.19570389e-02 -5.94705082e-02  2.29696650e-02
   1.80130526e-02 -5.16827032e-02 -5.35932295e-02  2.73140818e-02
   5.63090853e-02 -8.40933099e-02  2.53077954e-01 -6.89265579e-02
  -3.04907169e-02 -5.03787249e-02 -1.04341425e-01 -6.40382692e-02
  -3.47572602e-02 -8.98508951e-02  1.60687670e-01 -7.52900243e-02
  -5.35847433e-02  2.74469946e-02 -1.12304628e-01  6.96716905e-02
   1.83398321e-01 -3.54710110e-02  4.90753241e-02 -2.89680436e-02
  -6.89022839e-02 -1.91761460e-02  7.53518194e-02 -8.31217840e-02
   7.51780123e-02 -6.44718334e-02  2.33944759e-01 -7.18704984e-02
   1.45076722e-01  2.12978587e-01  7.42591023e-02  1.43982813e-01
  -8.68095234e-02  1.48381770e-01 -5.64920232e-02  2.77559552e-02
   7.76995495e-02  5.80800325e-02  4.77629192e-02 -9.77460295e-02
   3.31963529e-03 -4.60911170e-02  8.70809332e-02 -1.11634374e-01
   1.09327706e-02  6.58222064e-02 -7.95663819e-02 -4.73857820e-02
   7.36157177e-03 -1.12840377e-01 -3.04340739e-02 -5.65790348e-02
   1.01633601e-01  7.92596713e-02  4.61199880e-02  4.90606837e-02
  -3.42408866e-02 -6.58968911e-02  1.80852756e-01 -7.54030570e-02
  -7.93139562e-02 -9.14023072e-02 -7.92868063e-02  2.14903858e-02
   1.28439875e-04  4.16390672e-02 -2.26688944e-02  9.32988152e-02
  -9.46075395e-02  1.01620950e-01 -8.27191547e-02  1.61125839e-01
   4.66366149e-02  9.13321450e-02 -7.36960769e-02 -7.38842562e-02
   1.25217006e-01 -5.72684072e-02  5.71472235e-02 -3.10503710e-02
  -5.92950769e-02 -1.57921202e-02 -6.98860884e-02  7.02164769e-02
   1.16393343e-01 -3.17219906e-02 -1.52988378e-02 -7.87147060e-02
   2.29079332e-02 -4.28625895e-03 -6.97303116e-02 -2.92527750e-02]]
[[ 7.68049359e-02 -6.49054274e-02 -5.74309938e-02 -1.51901811e-01
  -4.84072752e-02  7.71454722e-03 -8.34914446e-02 -4.70702127e-02
  -8.95868093e-02 -3.20292935e-02 -8.75353143e-02  4.60975803e-03
  -9.84613895e-02  1.42030507e-01 -4.44233678e-02  1.68075785e-01
  -8.04736018e-02  3.61196585e-02 -3.38841788e-02  9.36233178e-02
   4.61113341e-02  1.74247175e-01 -1.27404109e-01  5.25774322e-02
   1.12109363e-01 -7.05006197e-02  1.50308892e-01  6.07597232e-02
   1.68042615e-01 -6.19570389e-02 -5.94705082e-02  2.29696650e-02
   1.80130526e-02 -5.16827032e-02 -5.35932295e-02  2.73140818e-02
   5.63090853e-02 -8.40933099e-02  2.53077954e-01 -6.89265579e-02
  -3.04907169e-02 -5.03787249e-02 -1.04341425e-01 -6.40382692e-02
  -3.47572602e-02 -8.98508951e-02  1.60687670e-01 -7.52900243e-02
  -5.35847433e-02  2.74469946e-02 -1.12304628e-01  6.96716905e-02
   1.83398321e-01 -3.54710110e-02  4.90753241e-02 -2.89680436e-02
  -6.89022839e-02 -1.91761460e-02  7.53518194e-02 -8.31217840e-02
   7.51780123e-02 -6.44718334e-02  2.33944759e-01 -7.18704984e-02
   1.45076722e-01  2.12978587e-01  7.42591023e-02  1.43982813e-01
  -8.68095234e-02  1.48381770e-01 -5.64920232e-02  2.77559552e-02
   7.76995495e-02  5.80800325e-02  4.77629192e-02 -9.77460295e-02
   3.31963529e-03 -4.60911170e-02  8.70809332e-02 -1.11634374e-01
   1.09327706e-02  6.58222064e-02 -7.95663819e-02 -4.73857820e-02
   7.36157177e-03 -1.12840377e-01 -3.04340739e-02 -5.65790348e-02
   1.01633601e-01  7.92596713e-02  4.61199880e-02  4.90606837e-02
  -3.42408866e-02 -6.58968911e-02  1.80852756e-01 -7.54030570e-02
  -7.93139562e-02 -9.14023072e-02 -7.92868063e-02  2.14903858e-02
   1.28439875e-04  4.16390672e-02 -2.26688944e-02  9.32988152e-02
  -9.46075395e-02  1.01620950e-01 -8.27191547e-02  1.61125839e-01
   4.66366149e-02  9.13321450e-02 -7.36960769e-02 -7.38842562e-02
   1.25217006e-01 -5.72684072e-02  5.71472235e-02 -3.10503710e-02
  -5.92950769e-02 -1.57921202e-02 -6.98860884e-02  7.02164769e-02
   1.16393343e-01 -3.17219906e-02 -1.52988378e-02 -7.87147060e-02
   2.29079332e-02 -4.28625895e-03 -6.97303116e-02 -2.92527750e-02]]
[[ 7.68049359e-02 -6.49054274e-02 -5.74309938e-02 -1.51901811e-01
  -4.84072752e-02  7.71454722e-03 -8.34914446e-02 -4.70702127e-02
  -8.95868093e-02 -3.20292935e-02 -8.75353143e-02  4.60975803e-03
  -9.84613895e-02  1.42030507e-01 -4.44233678e-02  1.68075785e-01
  -8.04736018e-02  3.61196585e-02 -3.38841788e-02  9.36233178e-02
   4.61113341e-02  1.74247175e-01 -1.27404109e-01  5.25774322e-02
   1.12109363e-01 -7.05006197e-02  1.50308892e-01  6.07597232e-02
   1.68042615e-01 -6.19570389e-02 -5.94705082e-02  2.29696650e-02
   1.80130526e-02 -5.16827032e-02 -5.35932295e-02  2.73140818e-02
   5.63090853e-02 -8.40933099e-02  2.53077954e-01 -6.89265579e-02
  -3.04907169e-02 -5.03787249e-02 -1.04341425e-01 -6.40382692e-02
  -3.47572602e-02 -8.98508951e-02  1.60687670e-01 -7.52900243e-02
  -5.35847433e-02  2.74469946e-02 -1.12304628e-01  6.96716905e-02
   1.83398321e-01 -3.54710110e-02  4.90753241e-02 -2.89680436e-02
  -6.89022839e-02 -1.91761460e-02  7.53518194e-02 -8.31217840e-02
   7.51780123e-02 -6.44718334e-02  2.33944759e-01 -7.18704984e-02
   1.45076722e-01  2.12978587e-01  7.42591023e-02  1.43982813e-01
  -8.68095234e-02  1.48381770e-01 -5.64920232e-02  2.77559552e-02
   7.76995495e-02  5.80800325e-02  4.77629192e-02 -9.77460295e-02
   3.31963529e-03 -4.60911170e-02  8.70809332e-02 -1.11634374e-01
   1.09327706e-02  6.58222064e-02 -7.95663819e-02 -4.73857820e-02
   7.36157177e-03 -1.12840377e-01 -3.04340739e-02 -5.65790348e-02
   1.01633601e-01  7.92596713e-02  4.61199880e-02  4.90606837e-02
  -3.42408866e-02 -6.58968911e-02  1.80852756e-01 -7.54030570e-02
  -7.93139562e-02 -9.14023072e-02 -7.92868063e-02  2.14903858e-02
   1.28439875e-04  4.16390672e-02 -2.26688944e-02  9.32988152e-02
  -9.46075395e-02  1.01620950e-01 -8.27191547e-02  1.61125839e-01
   4.66366149e-02  9.13321450e-02 -7.36960769e-02 -7.38842562e-02
   1.25217006e-01 -5.72684072e-02  5.71472235e-02 -3.10503710e-02
  -5.92950769e-02 -1.57921202e-02 -6.98860884e-02  7.02164769e-02
   1.16393343e-01 -3.17219906e-02 -1.52988378e-02 -7.87147060e-02
   2.29079332e-02 -4.28625895e-03 -6.97303116e-02 -2.92527750e-02]]
[[ 7.68049359e-02 -6.49054274e-02 -5.74309938e-02 -1.51901811e-01
  -4.84072752e-02  7.71454722e-03 -8.34914446e-02 -4.70702127e-02
  -8.95868093e-02 -3.20292935e-02 -8.75353143e-02  4.60975803e-03
  -9.84613895e-02  1.42030507e-01 -4.44233678e-02  1.68075785e-01
  -8.04736018e-02  3.61196585e-02 -3.38841788e-02  9.36233178e-02
   4.61113341e-02  1.74247175e-01 -1.27404109e-01  5.25774322e-02
   1.12109363e-01 -7.05006197e-02  1.50308892e-01  6.07597232e-02
   1.68042615e-01 -6.19570389e-02 -5.94705082e-02  2.29696650e-02
   1.80130526e-02 -5.16827032e-02 -5.35932295e-02  2.73140818e-02
   5.63090853e-02 -8.40933099e-02  2.53077954e-01 -6.89265579e-02
  -3.04907169e-02 -5.03787249e-02 -1.04341425e-01 -6.40382692e-02
  -3.47572602e-02 -8.98508951e-02  1.60687670e-01 -7.52900243e-02
  -5.35847433e-02  2.74469946e-02 -1.12304628e-01  6.96716905e-02
   1.83398321e-01 -3.54710110e-02  4.90753241e-02 -2.89680436e-02
  -6.89022839e-02 -1.91761460e-02  7.53518194e-02 -8.31217840e-02
   7.51780123e-02 -6.44718334e-02  2.33944759e-01 -7.18704984e-02
   1.45076722e-01  2.12978587e-01  7.42591023e-02  1.43982813e-01
  -8.68095234e-02  1.48381770e-01 -5.64920232e-02  2.77559552e-02
   7.76995495e-02  5.80800325e-02  4.77629192e-02 -9.77460295e-02
   3.31963529e-03 -4.60911170e-02  8.70809332e-02 -1.11634374e-01
   1.09327706e-02  6.58222064e-02 -7.95663819e-02 -4.73857820e-02
   7.36157177e-03 -1.12840377e-01 -3.04340739e-02 -5.65790348e-02
   1.01633601e-01  7.92596713e-02  4.61199880e-02  4.90606837e-02
  -3.42408866e-02 -6.58968911e-02  1.80852756e-01 -7.54030570e-02
  -7.93139562e-02 -9.14023072e-02 -7.92868063e-02  2.14903858e-02
   1.28439875e-04  4.16390672e-02 -2.26688944e-02  9.32988152e-02
  -9.46075395e-02  1.01620950e-01 -8.27191547e-02  1.61125839e-01
   4.66366149e-02  9.13321450e-02 -7.36960769e-02 -7.38842562e-02
   1.25217006e-01 -5.72684072e-02  5.71472235e-02 -3.10503710e-02
  -5.92950769e-02 -1.57921202e-02 -6.98860884e-02  7.02164769e-02
   1.16393343e-01 -3.17219906e-02 -1.52988378e-02 -7.87147060e-02
   2.29079332e-02 -4.28625895e-03 -6.97303116e-02 -2.92527750e-02]]
[[ 7.68049359e-02 -6.49054274e-02 -5.74309938e-02 -1.51901811e-01
  -4.84072752e-02  7.71454722e-03 -8.34914446e-02 -4.70702127e-02
  -8.95868093e-02 -3.20292935e-02 -8.75353143e-02  4.60975803e-03
  -9.84613895e-02  1.42030507e-01 -4.44233678e-02  1.68075785e-01
  -8.04736018e-02  3.61196585e-02 -3.38841788e-02  9.36233178e-02
   4.61113341e-02  1.74247175e-01 -1.27404109e-01  5.25774322e-02
   1.12109363e-01 -7.05006197e-02  1.50308892e-01  6.07597232e-02
   1.68042615e-01 -6.19570389e-02 -5.94705082e-02  2.29696650e-02
   1.80130526e-02 -5.16827032e-02 -5.35932295e-02  2.73140818e-02
   5.63090853e-02 -8.40933099e-02  2.53077954e-01 -6.89265579e-02
  -3.04907169e-02 -5.03787249e-02 -1.04341425e-01 -6.40382692e-02
  -3.47572602e-02 -8.98508951e-02  1.60687670e-01 -7.52900243e-02
  -5.35847433e-02  2.74469946e-02 -1.12304628e-01  6.96716905e-02
   1.83398321e-01 -3.54710110e-02  4.90753241e-02 -2.89680436e-02
  -6.89022839e-02 -1.91761460e-02  7.53518194e-02 -8.31217840e-02
   7.51780123e-02 -6.44718334e-02  2.33944759e-01 -7.18704984e-02
   1.45076722e-01  2.12978587e-01  7.42591023e-02  1.43982813e-01
  -8.68095234e-02  1.48381770e-01 -5.64920232e-02  2.77559552e-02
   7.76995495e-02  5.80800325e-02  4.77629192e-02 -9.77460295e-02
   3.31963529e-03 -4.60911170e-02  8.70809332e-02 -1.11634374e-01
   1.09327706e-02  6.58222064e-02 -7.95663819e-02 -4.73857820e-02
   7.36157177e-03 -1.12840377e-01 -3.04340739e-02 -5.65790348e-02
   1.01633601e-01  7.92596713e-02  4.61199880e-02  4.90606837e-02
  -3.42408866e-02 -6.58968911e-02  1.80852756e-01 -7.54030570e-02
  -7.93139562e-02 -9.14023072e-02 -7.92868063e-02  2.14903858e-02
   1.28439875e-04  4.16390672e-02 -2.26688944e-02  9.32988152e-02
  -9.46075395e-02  1.01620950e-01 -8.27191547e-02  1.61125839e-01
   4.66366149e-02  9.13321450e-02 -7.36960769e-02 -7.38842562e-02
   1.25217006e-01 -5.72684072e-02  5.71472235e-02 -3.10503710e-02
  -5.92950769e-02 -1.57921202e-02 -6.98860884e-02  7.02164769e-02
   1.16393343e-01 -3.17219906e-02 -1.52988378e-02 -7.87147060e-02
   2.29079332e-02 -4.28625895e-03 -6.97303116e-02 -2.92527750e-02]]
[[ 7.68049359e-02 -6.49054274e-02 -5.74309938e-02 -1.51901811e-01
  -4.84072752e-02  7.71454722e-03 -8.34914446e-02 -4.70702127e-02
  -8.95868093e-02 -3.20292935e-02 -8.75353143e-02  4.60975803e-03
  -9.84613895e-02  1.42030507e-01 -4.44233678e-02  1.68075785e-01
  -8.04736018e-02  3.61196585e-02 -3.38841788e-02  9.36233178e-02
   4.61113341e-02  1.74247175e-01 -1.27404109e-01  5.25774322e-02
   1.12109363e-01 -7.05006197e-02  1.50308892e-01  6.07597232e-02
   1.68042615e-01 -6.19570389e-02 -5.94705082e-02  2.29696650e-02
   1.80130526e-02 -5.16827032e-02 -5.35932295e-02  2.73140818e-02
   5.63090853e-02 -8.40933099e-02  2.53077954e-01 -6.89265579e-02
  -3.04907169e-02 -5.03787249e-02 -1.04341425e-01 -6.40382692e-02
  -3.47572602e-02 -8.98508951e-02  1.60687670e-01 -7.52900243e-02
  -5.35847433e-02  2.74469946e-02 -1.12304628e-01  6.96716905e-02
   1.83398321e-01 -3.54710110e-02  4.90753241e-02 -2.89680436e-02
  -6.89022839e-02 -1.91761460e-02  7.53518194e-02 -8.31217840e-02
   7.51780123e-02 -6.44718334e-02  2.33944759e-01 -7.18704984e-02
   1.45076722e-01  2.12978587e-01  7.42591023e-02  1.43982813e-01
  -8.68095234e-02  1.48381770e-01 -5.64920232e-02  2.77559552e-02
   7.76995495e-02  5.80800325e-02  4.77629192e-02 -9.77460295e-02
   3.31963529e-03 -4.60911170e-02  8.70809332e-02 -1.11634374e-01
   1.09327706e-02  6.58222064e-02 -7.95663819e-02 -4.73857820e-02
   7.36157177e-03 -1.12840377e-01 -3.04340739e-02 -5.65790348e-02
   1.01633601e-01  7.92596713e-02  4.61199880e-02  4.90606837e-02
  -3.42408866e-02 -6.58968911e-02  1.80852756e-01 -7.54030570e-02
  -7.93139562e-02 -9.14023072e-02 -7.92868063e-02  2.14903858e-02
   1.28439875e-04  4.16390672e-02 -2.26688944e-02  9.32988152e-02
  -9.46075395e-02  1.01620950e-01 -8.27191547e-02  1.61125839e-01
   4.66366149e-02  9.13321450e-02 -7.36960769e-02 -7.38842562e-02
   1.25217006e-01 -5.72684072e-02  5.71472235e-02 -3.10503710e-02
  -5.92950769e-02 -1.57921202e-02 -6.98860884e-02  7.02164769e-02
   1.16393343e-01 -3.17219906e-02 -1.52988378e-02 -7.87147060e-02
   2.29079332e-02 -4.28625895e-03 -6.97303116e-02 -2.92527750e-02]]
