[[ 0.11035893 -0.05748063 -0.0526144  -0.16684885 -0.0427288   0.0054361
  -0.07504041 -0.05610423 -0.08792199 -0.0321431  -0.07752337 -0.04726974
  -0.08185806  0.13273777 -0.0267518   0.1737506  -0.06586323  0.09717798
  -0.05954176  0.04030669  0.07073391  0.20367254 -0.13968812  0.07393225
   0.13973571 -0.06737287  0.08877975  0.08851417  0.15515687 -0.04559531
  -0.06388177  0.00144564  0.04485431 -0.02821761 -0.02298679  0.0078368
   0.05354171 -0.0740386   0.16504824 -0.02560443 -0.03035437 -0.0695951
  -0.09840495 -0.04015968 -0.03452174 -0.07939601  0.11481243 -0.06256395
  -0.0575032   0.03448553 -0.08498842  0.01726302  0.22391452 -0.04326965
   0.08143424 -0.01623668 -0.07416551 -0.02177867  0.11008304 -0.07990204
   0.06640571 -0.04547647  0.26814753 -0.05601485  0.16785505  0.21387018
   0.03460173  0.16733728 -0.06619603  0.10340191 -0.04819946  0.07119037
   0.0735071   0.06810458  0.04813204 -0.08865669 -0.02230797 -0.05411728
   0.06243877 -0.08926839 -0.00688794  0.08709858 -0.07242352 -0.05081793
   0.01985233 -0.0786025  -0.05520869 -0.0352611   0.06642089  0.11832823
   0.07634669  0.0580592  -0.02392191 -0.06178053  0.16234708 -0.05864481
  -0.06814118 -0.07305535 -0.08942645  0.0664902   0.01136089  0.09117428
  -0.02264314  0.1794632  -0.07488751  0.08836485 -0.07057588  0.16686523
   0.08748709  0.09325471 -0.07664765 -0.06900572  0.10707535 -0.06214949
   0.08384606  0.00803034 -0.05803061 -0.02676479 -0.06484817  0.11809641
   0.06522068 -0.01169159 -0.02319033 -0.0712358   0.0733251  -0.00057649
  -0.06758959 -0.04226858]]
[[ 0.11035893 -0.05748063 -0.0526144  -0.16684885 -0.0427288   0.0054361
  -0.07504041 -0.05610423 -0.08792199 -0.0321431  -0.07752337 -0.04726974
  -0.08185806  0.13273777 -0.0267518   0.1737506  -0.06586323  0.09717798
  -0.05954176  0.04030669  0.07073391  0.20367254 -0.13968812  0.07393225
   0.13973571 -0.06737287  0.08877975  0.08851417  0.15515687 -0.04559531
  -0.06388177  0.00144564  0.04485431 -0.02821761 -0.02298679  0.0078368
   0.05354171 -0.0740386   0.16504824 -0.02560443 -0.03035437 -0.0695951
  -0.09840495 -0.04015968 -0.03452174 -0.07939601  0.11481243 -0.06256395
  -0.0575032   0.03448553 -0.08498842  0.01726302  0.22391452 -0.04326965
   0.08143424 -0.01623668 -0.07416551 -0.02177867  0.11008304 -0.07990204
   0.06640571 -0.04547647  0.26814753 -0.05601485  0.16785505  0.21387018
   0.03460173  0.16733728 -0.06619603  0.10340191 -0.04819946  0.07119037
   0.0735071   0.06810458  0.04813204 -0.08865669 -0.02230797 -0.05411728
   0.06243877 -0.08926839 -0.00688794  0.08709858 -0.07242352 -0.05081793
   0.01985233 -0.0786025  -0.05520869 -0.0352611   0.06642089  0.11832823
   0.07634669  0.0580592  -0.02392191 -0.06178053  0.16234708 -0.05864481
  -0.06814118 -0.07305535 -0.08942645  0.0664902   0.01136089  0.09117428
  -0.02264314  0.1794632  -0.07488751  0.08836485 -0.07057588  0.16686523
   0.08748709  0.09325471 -0.07664765 -0.06900572  0.10707535 -0.06214949
   0.08384606  0.00803034 -0.05803061 -0.02676479 -0.06484817  0.11809641
   0.06522068 -0.01169159 -0.02319033 -0.0712358   0.0733251  -0.00057649
  -0.06758959 -0.04226858]]
[[ 0.11035893 -0.05748063 -0.0526144  -0.16684885 -0.0427288   0.0054361
  -0.07504041 -0.05610423 -0.08792199 -0.0321431  -0.07752337 -0.04726974
  -0.08185806  0.13273777 -0.0267518   0.1737506  -0.06586323  0.09717798
  -0.05954176  0.04030669  0.07073391  0.20367254 -0.13968812  0.07393225
   0.13973571 -0.06737287  0.08877975  0.08851417  0.15515687 -0.04559531
  -0.06388177  0.00144564  0.04485431 -0.02821761 -0.02298679  0.0078368
   0.05354171 -0.0740386   0.16504824 -0.02560443 -0.03035437 -0.0695951
  -0.09840495 -0.04015968 -0.03452174 -0.07939601  0.11481243 -0.06256395
  -0.0575032   0.03448553 -0.08498842  0.01726302  0.22391452 -0.04326965
   0.08143424 -0.01623668 -0.07416551 -0.02177867  0.11008304 -0.07990204
   0.06640571 -0.04547647  0.26814753 -0.05601485  0.16785505  0.21387018
   0.03460173  0.16733728 -0.06619603  0.10340191 -0.04819946  0.07119037
   0.0735071   0.06810458  0.04813204 -0.08865669 -0.02230797 -0.05411728
   0.06243877 -0.08926839 -0.00688794  0.08709858 -0.07242352 -0.05081793
   0.01985233 -0.0786025  -0.05520869 -0.0352611   0.06642089  0.11832823
   0.07634669  0.0580592  -0.02392191 -0.06178053  0.16234708 -0.05864481
  -0.06814118 -0.07305535 -0.08942645  0.0664902   0.01136089  0.09117428
  -0.02264314  0.1794632  -0.07488751  0.08836485 -0.07057588  0.16686523
   0.08748709  0.09325471 -0.07664765 -0.06900572  0.10707535 -0.06214949
   0.08384606  0.00803034 -0.05803061 -0.02676479 -0.06484817  0.11809641
   0.06522068 -0.01169159 -0.02319033 -0.0712358   0.0733251  -0.00057649
  -0.06758959 -0.04226858]]
[[ 0.11035893 -0.05748063 -0.0526144  -0.16684885 -0.0427288   0.0054361
  -0.07504041 -0.05610423 -0.08792199 -0.0321431  -0.07752337 -0.04726974
  -0.08185806  0.13273777 -0.0267518   0.1737506  -0.06586323  0.09717798
  -0.05954176  0.04030669  0.07073391  0.20367254 -0.13968812  0.07393225
   0.13973571 -0.06737287  0.08877975  0.08851417  0.15515687 -0.04559531
  -0.06388177  0.00144564  0.04485431 -0.02821761 -0.02298679  0.0078368
   0.05354171 -0.0740386   0.16504824 -0.02560443 -0.03035437 -0.0695951
  -0.09840495 -0.04015968 -0.03452174 -0.07939601  0.11481243 -0.06256395
  -0.0575032   0.03448553 -0.08498842  0.01726302  0.22391452 -0.04326965
   0.08143424 -0.01623668 -0.07416551 -0.02177867  0.11008304 -0.07990204
   0.06640571 -0.04547647  0.26814753 -0.05601485  0.16785505  0.21387018
   0.03460173  0.16733728 -0.06619603  0.10340191 -0.04819946  0.07119037
   0.0735071   0.06810458  0.04813204 -0.08865669 -0.02230797 -0.05411728
   0.06243877 -0.08926839 -0.00688794  0.08709858 -0.07242352 -0.05081793
   0.01985233 -0.0786025  -0.05520869 -0.0352611   0.06642089  0.11832823
   0.07634669  0.0580592  -0.02392191 -0.06178053  0.16234708 -0.05864481
  -0.06814118 -0.07305535 -0.08942645  0.0664902   0.01136089  0.09117428
  -0.02264314  0.1794632  -0.07488751  0.08836485 -0.07057588  0.16686523
   0.08748709  0.09325471 -0.07664765 -0.06900572  0.10707535 -0.06214949
   0.08384606  0.00803034 -0.05803061 -0.02676479 -0.06484817  0.11809641
   0.06522068 -0.01169159 -0.02319033 -0.0712358   0.0733251  -0.00057649
  -0.06758959 -0.04226858]]
[[ 0.11035893 -0.05748063 -0.0526144  -0.16684885 -0.0427288   0.0054361
  -0.07504041 -0.05610423 -0.08792199 -0.0321431  -0.07752337 -0.04726974
  -0.08185806  0.13273777 -0.0267518   0.1737506  -0.06586323  0.09717798
  -0.05954176  0.04030669  0.07073391  0.20367254 -0.13968812  0.07393225
   0.13973571 -0.06737287  0.08877975  0.08851417  0.15515687 -0.04559531
  -0.06388177  0.00144564  0.04485431 -0.02821761 -0.02298679  0.0078368
   0.05354171 -0.0740386   0.16504824 -0.02560443 -0.03035437 -0.0695951
  -0.09840495 -0.04015968 -0.03452174 -0.07939601  0.11481243 -0.06256395
  -0.0575032   0.03448553 -0.08498842  0.01726302  0.22391452 -0.04326965
   0.08143424 -0.01623668 -0.07416551 -0.02177867  0.11008304 -0.07990204
   0.06640571 -0.04547647  0.26814753 -0.05601485  0.16785505  0.21387018
   0.03460173  0.16733728 -0.06619603  0.10340191 -0.04819946  0.07119037
   0.0735071   0.06810458  0.04813204 -0.08865669 -0.02230797 -0.05411728
   0.06243877 -0.08926839 -0.00688794  0.08709858 -0.07242352 -0.05081793
   0.01985233 -0.0786025  -0.05520869 -0.0352611   0.06642089  0.11832823
   0.07634669  0.0580592  -0.02392191 -0.06178053  0.16234708 -0.05864481
  -0.06814118 -0.07305535 -0.08942645  0.0664902   0.01136089  0.09117428
  -0.02264314  0.1794632  -0.07488751  0.08836485 -0.07057588  0.16686523
   0.08748709  0.09325471 -0.07664765 -0.06900572  0.10707535 -0.06214949
   0.08384606  0.00803034 -0.05803061 -0.02676479 -0.06484817  0.11809641
   0.06522068 -0.01169159 -0.02319033 -0.0712358   0.0733251  -0.00057649
  -0.06758959 -0.04226858]]
