[[ 0.08772702 -0.0635906  -0.06509201 -0.17657703 -0.02821361 -0.00312799
  -0.08129665 -0.04630788 -0.0858283  -0.04790888 -0.08121912 -0.05921778
  -0.08844052  0.1214659  -0.02821671  0.16967836 -0.07014579  0.1068475
  -0.06172114  0.0067304   0.09643694  0.19656356 -0.12273815  0.05783401
   0.14917462 -0.07093959  0.10654555  0.05294783  0.16669104 -0.05263384
  -0.06445887  0.00722582  0.04773117 -0.0261152  -0.01144701  0.00600446
   0.06516165 -0.08235369  0.18498974 -0.02605936 -0.03588128 -0.06854898
  -0.09710734 -0.04546059 -0.03064065 -0.08109764  0.10741735 -0.06803063
  -0.05788642  0.0462046  -0.098906    0.00067189  0.22212043 -0.05051686
   0.05591458 -0.01493922 -0.09079923 -0.01145399  0.10756053 -0.08603258
   0.0729268  -0.04261221  0.25371808 -0.06938796  0.15490161  0.20119035
   0.03458218  0.16157071 -0.07297194  0.12437257 -0.05183652  0.07450909
   0.07589936  0.05103055  0.04827311 -0.09489947 -0.00769919 -0.050869
   0.07047772 -0.09293523  0.00692633  0.08383855 -0.07842151 -0.04703415
   0.02412585 -0.09585096 -0.06201684 -0.01925034  0.08772548  0.12062848
   0.06130328  0.0370755  -0.02500181 -0.06727719  0.1583964  -0.06361663
  -0.0742743  -0.07910243 -0.0905356   0.0698523   0.00227271  0.09018578
  -0.0364539   0.17702164 -0.07451278  0.05012406 -0.07816864  0.16160353
   0.08630068  0.10009933 -0.07482849 -0.07137871  0.1136772  -0.06193265
   0.08083241 -0.01318036 -0.06276007 -0.02745857 -0.0695409   0.09100848
   0.06233811 -0.02022239 -0.00157551 -0.07446906  0.06394818  0.00277864
  -0.07427717 -0.03907076]]
[[ 0.08772702 -0.0635906  -0.06509201 -0.17657703 -0.02821361 -0.00312799
  -0.08129665 -0.04630788 -0.0858283  -0.04790888 -0.08121912 -0.05921778
  -0.08844052  0.1214659  -0.02821671  0.16967836 -0.07014579  0.1068475
  -0.06172114  0.0067304   0.09643694  0.19656356 -0.12273815  0.05783401
   0.14917462 -0.07093959  0.10654555  0.05294783  0.16669104 -0.05263384
  -0.06445887  0.00722582  0.04773117 -0.0261152  -0.01144701  0.00600446
   0.06516165 -0.08235369  0.18498974 -0.02605936 -0.03588128 -0.06854898
  -0.09710734 -0.04546059 -0.03064065 -0.08109764  0.10741735 -0.06803063
  -0.05788642  0.0462046  -0.098906    0.00067189  0.22212043 -0.05051686
   0.05591458 -0.01493922 -0.09079923 -0.01145399  0.10756053 -0.08603258
   0.0729268  -0.04261221  0.25371808 -0.06938796  0.15490161  0.20119035
   0.03458218  0.16157071 -0.07297194  0.12437257 -0.05183652  0.07450909
   0.07589936  0.05103055  0.04827311 -0.09489947 -0.00769919 -0.050869
   0.07047772 -0.09293523  0.00692633  0.08383855 -0.07842151 -0.04703415
   0.02412585 -0.09585096 -0.06201684 -0.01925034  0.08772548  0.12062848
   0.06130328  0.0370755  -0.02500181 -0.06727719  0.1583964  -0.06361663
  -0.0742743  -0.07910243 -0.0905356   0.0698523   0.00227271  0.09018578
  -0.0364539   0.17702164 -0.07451278  0.05012406 -0.07816864  0.16160353
   0.08630068  0.10009933 -0.07482849 -0.07137871  0.1136772  -0.06193265
   0.08083241 -0.01318036 -0.06276007 -0.02745857 -0.0695409   0.09100848
   0.06233811 -0.02022239 -0.00157551 -0.07446906  0.06394818  0.00277864
  -0.07427717 -0.03907076]]
[[ 0.08772702 -0.0635906  -0.06509201 -0.17657703 -0.02821361 -0.00312799
  -0.08129665 -0.04630788 -0.0858283  -0.04790888 -0.08121912 -0.05921778
  -0.08844052  0.1214659  -0.02821671  0.16967836 -0.07014579  0.1068475
  -0.06172114  0.0067304   0.09643694  0.19656356 -0.12273815  0.05783401
   0.14917462 -0.07093959  0.10654555  0.05294783  0.16669104 -0.05263384
  -0.06445887  0.00722582  0.04773117 -0.0261152  -0.01144701  0.00600446
   0.06516165 -0.08235369  0.18498974 -0.02605936 -0.03588128 -0.06854898
  -0.09710734 -0.04546059 -0.03064065 -0.08109764  0.10741735 -0.06803063
  -0.05788642  0.0462046  -0.098906    0.00067189  0.22212043 -0.05051686
   0.05591458 -0.01493922 -0.09079923 -0.01145399  0.10756053 -0.08603258
   0.0729268  -0.04261221  0.25371808 -0.06938796  0.15490161  0.20119035
   0.03458218  0.16157071 -0.07297194  0.12437257 -0.05183652  0.07450909
   0.07589936  0.05103055  0.04827311 -0.09489947 -0.00769919 -0.050869
   0.07047772 -0.09293523  0.00692633  0.08383855 -0.07842151 -0.04703415
   0.02412585 -0.09585096 -0.06201684 -0.01925034  0.08772548  0.12062848
   0.06130328  0.0370755  -0.02500181 -0.06727719  0.1583964  -0.06361663
  -0.0742743  -0.07910243 -0.0905356   0.0698523   0.00227271  0.09018578
  -0.0364539   0.17702164 -0.07451278  0.05012406 -0.07816864  0.16160353
   0.08630068  0.10009933 -0.07482849 -0.07137871  0.1136772  -0.06193265
   0.08083241 -0.01318036 -0.06276007 -0.02745857 -0.0695409   0.09100848
   0.06233811 -0.02022239 -0.00157551 -0.07446906  0.06394818  0.00277864
  -0.07427717 -0.03907076]]
[[ 0.08772702 -0.0635906  -0.06509201 -0.17657703 -0.02821361 -0.00312799
  -0.08129665 -0.04630788 -0.0858283  -0.04790888 -0.08121912 -0.05921778
  -0.08844052  0.1214659  -0.02821671  0.16967836 -0.07014579  0.1068475
  -0.06172114  0.0067304   0.09643694  0.19656356 -0.12273815  0.05783401
   0.14917462 -0.07093959  0.10654555  0.05294783  0.16669104 -0.05263384
  -0.06445887  0.00722582  0.04773117 -0.0261152  -0.01144701  0.00600446
   0.06516165 -0.08235369  0.18498974 -0.02605936 -0.03588128 -0.06854898
  -0.09710734 -0.04546059 -0.03064065 -0.08109764  0.10741735 -0.06803063
  -0.05788642  0.0462046  -0.098906    0.00067189  0.22212043 -0.05051686
   0.05591458 -0.01493922 -0.09079923 -0.01145399  0.10756053 -0.08603258
   0.0729268  -0.04261221  0.25371808 -0.06938796  0.15490161  0.20119035
   0.03458218  0.16157071 -0.07297194  0.12437257 -0.05183652  0.07450909
   0.07589936  0.05103055  0.04827311 -0.09489947 -0.00769919 -0.050869
   0.07047772 -0.09293523  0.00692633  0.08383855 -0.07842151 -0.04703415
   0.02412585 -0.09585096 -0.06201684 -0.01925034  0.08772548  0.12062848
   0.06130328  0.0370755  -0.02500181 -0.06727719  0.1583964  -0.06361663
  -0.0742743  -0.07910243 -0.0905356   0.0698523   0.00227271  0.09018578
  -0.0364539   0.17702164 -0.07451278  0.05012406 -0.07816864  0.16160353
   0.08630068  0.10009933 -0.07482849 -0.07137871  0.1136772  -0.06193265
   0.08083241 -0.01318036 -0.06276007 -0.02745857 -0.0695409   0.09100848
   0.06233811 -0.02022239 -0.00157551 -0.07446906  0.06394818  0.00277864
  -0.07427717 -0.03907076]]
[[ 0.08772702 -0.0635906  -0.06509201 -0.17657703 -0.02821361 -0.00312799
  -0.08129665 -0.04630788 -0.0858283  -0.04790888 -0.08121912 -0.05921778
  -0.08844052  0.1214659  -0.02821671  0.16967836 -0.07014579  0.1068475
  -0.06172114  0.0067304   0.09643694  0.19656356 -0.12273815  0.05783401
   0.14917462 -0.07093959  0.10654555  0.05294783  0.16669104 -0.05263384
  -0.06445887  0.00722582  0.04773117 -0.0261152  -0.01144701  0.00600446
   0.06516165 -0.08235369  0.18498974 -0.02605936 -0.03588128 -0.06854898
  -0.09710734 -0.04546059 -0.03064065 -0.08109764  0.10741735 -0.06803063
  -0.05788642  0.0462046  -0.098906    0.00067189  0.22212043 -0.05051686
   0.05591458 -0.01493922 -0.09079923 -0.01145399  0.10756053 -0.08603258
   0.0729268  -0.04261221  0.25371808 -0.06938796  0.15490161  0.20119035
   0.03458218  0.16157071 -0.07297194  0.12437257 -0.05183652  0.07450909
   0.07589936  0.05103055  0.04827311 -0.09489947 -0.00769919 -0.050869
   0.07047772 -0.09293523  0.00692633  0.08383855 -0.07842151 -0.04703415
   0.02412585 -0.09585096 -0.06201684 -0.01925034  0.08772548  0.12062848
   0.06130328  0.0370755  -0.02500181 -0.06727719  0.1583964  -0.06361663
  -0.0742743  -0.07910243 -0.0905356   0.0698523   0.00227271  0.09018578
  -0.0364539   0.17702164 -0.07451278  0.05012406 -0.07816864  0.16160353
   0.08630068  0.10009933 -0.07482849 -0.07137871  0.1136772  -0.06193265
   0.08083241 -0.01318036 -0.06276007 -0.02745857 -0.0695409   0.09100848
   0.06233811 -0.02022239 -0.00157551 -0.07446906  0.06394818  0.00277864
  -0.07427717 -0.03907076]]
