[[ 9.80087295e-02 -7.07548410e-02 -7.10705146e-02 -1.89785063e-01
  -4.45433669e-02  5.25561278e-04 -8.12014267e-02 -4.34040576e-02
  -8.74304324e-02 -9.72025096e-03 -9.11664963e-02  2.41775197e-04
  -8.60933214e-02  1.41002253e-01 -4.25214991e-02  1.57293573e-01
  -6.90289140e-02  5.95834777e-02 -4.56405990e-02  3.74102108e-02
   5.65433539e-02  1.46199033e-01 -1.09043494e-01  8.65218490e-02
   1.08285040e-01 -7.48266801e-02  1.40344039e-01  2.70867925e-02
   1.61955267e-01 -6.01401217e-02 -6.70512989e-02  5.31946355e-03
   7.91735873e-02 -3.36419009e-02 -5.03222942e-02 -1.41616445e-02
   1.03943065e-01 -8.78685787e-02  2.12604821e-01 -3.21384780e-02
  -3.36754546e-02 -6.04098700e-02 -9.91223603e-02 -6.28257692e-02
  -3.19113024e-02 -8.81252736e-02  1.76211372e-01 -7.80411810e-02
  -6.37428463e-02  2.12267339e-02 -1.06673189e-01  2.39956025e-02
   1.48895830e-01 -4.54026572e-02  4.90051620e-02 -3.26472446e-02
  -4.15630750e-02 -7.99724739e-03  9.64339301e-02 -8.47409219e-02
   7.92951807e-02 -5.74081689e-02  2.49441177e-01 -7.85881579e-02
   1.79201901e-01  2.12697804e-01  6.11845106e-02  1.37699947e-01
  -8.78568441e-02  1.41835317e-01 -5.92107959e-02  3.63013335e-02
   6.91219792e-02  6.69207647e-02  2.34763958e-02 -9.52743068e-02
   2.42961682e-02 -3.55184898e-02  1.09050676e-01 -1.12185001e-01
   5.65927140e-02  1.08444385e-01 -8.16419944e-02 -6.55925348e-02
   1.19892014e-02 -8.77797082e-02 -4.72360253e-02 -2.35756207e-02
   8.75698850e-02  4.98797670e-02  2.73787659e-02  3.98272872e-02
  -3.34855914e-02 -6.77244887e-02  1.64290726e-01 -5.38311936e-02
  -7.59076104e-02 -8.75543505e-02 -7.91031867e-02  4.44883853e-02
  -6.15122449e-03  6.29779622e-02 -4.68226932e-02  1.04355611e-01
  -9.03448984e-02  1.04995079e-01 -8.15531611e-02  1.71350136e-01
   5.14170900e-02  1.06973037e-01 -7.23242462e-02 -6.29829839e-02
   1.41020611e-01 -5.76086566e-02  1.11837938e-01 -3.25306319e-02
  -5.87857850e-02 -1.90324076e-02 -5.56055307e-02  8.01956505e-02
   1.06199466e-01 -2.78387107e-02 -1.71267260e-02 -7.36896247e-02
   4.66577560e-02  1.40904663e-02 -7.14571327e-02 -3.32715437e-02]]
[[ 9.80087295e-02 -7.07548410e-02 -7.10705146e-02 -1.89785063e-01
  -4.45433669e-02  5.25561278e-04 -8.12014267e-02 -4.34040576e-02
  -8.74304324e-02 -9.72025096e-03 -9.11664963e-02  2.41775197e-04
  -8.60933214e-02  1.41002253e-01 -4.25214991e-02  1.57293573e-01
  -6.90289140e-02  5.95834777e-02 -4.56405990e-02  3.74102108e-02
   5.65433539e-02  1.46199033e-01 -1.09043494e-01  8.65218490e-02
   1.08285040e-01 -7.48266801e-02  1.40344039e-01  2.70867925e-02
   1.61955267e-01 -6.01401217e-02 -6.70512989e-02  5.31946355e-03
   7.91735873e-02 -3.36419009e-02 -5.03222942e-02 -1.41616445e-02
   1.03943065e-01 -8.78685787e-02  2.12604821e-01 -3.21384780e-02
  -3.36754546e-02 -6.04098700e-02 -9.91223603e-02 -6.28257692e-02
  -3.19113024e-02 -8.81252736e-02  1.76211372e-01 -7.80411810e-02
  -6.37428463e-02  2.12267339e-02 -1.06673189e-01  2.39956025e-02
   1.48895830e-01 -4.54026572e-02  4.90051620e-02 -3.26472446e-02
  -4.15630750e-02 -7.99724739e-03  9.64339301e-02 -8.47409219e-02
   7.92951807e-02 -5.74081689e-02  2.49441177e-01 -7.85881579e-02
   1.79201901e-01  2.12697804e-01  6.11845106e-02  1.37699947e-01
  -8.78568441e-02  1.41835317e-01 -5.92107959e-02  3.63013335e-02
   6.91219792e-02  6.69207647e-02  2.34763958e-02 -9.52743068e-02
   2.42961682e-02 -3.55184898e-02  1.09050676e-01 -1.12185001e-01
   5.65927140e-02  1.08444385e-01 -8.16419944e-02 -6.55925348e-02
   1.19892014e-02 -8.77797082e-02 -4.72360253e-02 -2.35756207e-02
   8.75698850e-02  4.98797670e-02  2.73787659e-02  3.98272872e-02
  -3.34855914e-02 -6.77244887e-02  1.64290726e-01 -5.38311936e-02
  -7.59076104e-02 -8.75543505e-02 -7.91031867e-02  4.44883853e-02
  -6.15122449e-03  6.29779622e-02 -4.68226932e-02  1.04355611e-01
  -9.03448984e-02  1.04995079e-01 -8.15531611e-02  1.71350136e-01
   5.14170900e-02  1.06973037e-01 -7.23242462e-02 -6.29829839e-02
   1.41020611e-01 -5.76086566e-02  1.11837938e-01 -3.25306319e-02
  -5.87857850e-02 -1.90324076e-02 -5.56055307e-02  8.01956505e-02
   1.06199466e-01 -2.78387107e-02 -1.71267260e-02 -7.36896247e-02
   4.66577560e-02  1.40904663e-02 -7.14571327e-02 -3.32715437e-02]]
[[ 9.80087295e-02 -7.07548410e-02 -7.10705146e-02 -1.89785063e-01
  -4.45433669e-02  5.25561278e-04 -8.12014267e-02 -4.34040576e-02
  -8.74304324e-02 -9.72025096e-03 -9.11664963e-02  2.41775197e-04
  -8.60933214e-02  1.41002253e-01 -4.25214991e-02  1.57293573e-01
  -6.90289140e-02  5.95834777e-02 -4.56405990e-02  3.74102108e-02
   5.65433539e-02  1.46199033e-01 -1.09043494e-01  8.65218490e-02
   1.08285040e-01 -7.48266801e-02  1.40344039e-01  2.70867925e-02
   1.61955267e-01 -6.01401217e-02 -6.70512989e-02  5.31946355e-03
   7.91735873e-02 -3.36419009e-02 -5.03222942e-02 -1.41616445e-02
   1.03943065e-01 -8.78685787e-02  2.12604821e-01 -3.21384780e-02
  -3.36754546e-02 -6.04098700e-02 -9.91223603e-02 -6.28257692e-02
  -3.19113024e-02 -8.81252736e-02  1.76211372e-01 -7.80411810e-02
  -6.37428463e-02  2.12267339e-02 -1.06673189e-01  2.39956025e-02
   1.48895830e-01 -4.54026572e-02  4.90051620e-02 -3.26472446e-02
  -4.15630750e-02 -7.99724739e-03  9.64339301e-02 -8.47409219e-02
   7.92951807e-02 -5.74081689e-02  2.49441177e-01 -7.85881579e-02
   1.79201901e-01  2.12697804e-01  6.11845106e-02  1.37699947e-01
  -8.78568441e-02  1.41835317e-01 -5.92107959e-02  3.63013335e-02
   6.91219792e-02  6.69207647e-02  2.34763958e-02 -9.52743068e-02
   2.42961682e-02 -3.55184898e-02  1.09050676e-01 -1.12185001e-01
   5.65927140e-02  1.08444385e-01 -8.16419944e-02 -6.55925348e-02
   1.19892014e-02 -8.77797082e-02 -4.72360253e-02 -2.35756207e-02
   8.75698850e-02  4.98797670e-02  2.73787659e-02  3.98272872e-02
  -3.34855914e-02 -6.77244887e-02  1.64290726e-01 -5.38311936e-02
  -7.59076104e-02 -8.75543505e-02 -7.91031867e-02  4.44883853e-02
  -6.15122449e-03  6.29779622e-02 -4.68226932e-02  1.04355611e-01
  -9.03448984e-02  1.04995079e-01 -8.15531611e-02  1.71350136e-01
   5.14170900e-02  1.06973037e-01 -7.23242462e-02 -6.29829839e-02
   1.41020611e-01 -5.76086566e-02  1.11837938e-01 -3.25306319e-02
  -5.87857850e-02 -1.90324076e-02 -5.56055307e-02  8.01956505e-02
   1.06199466e-01 -2.78387107e-02 -1.71267260e-02 -7.36896247e-02
   4.66577560e-02  1.40904663e-02 -7.14571327e-02 -3.32715437e-02]]
[[ 9.80087295e-02 -7.07548410e-02 -7.10705146e-02 -1.89785063e-01
  -4.45433669e-02  5.25561278e-04 -8.12014267e-02 -4.34040576e-02
  -8.74304324e-02 -9.72025096e-03 -9.11664963e-02  2.41775197e-04
  -8.60933214e-02  1.41002253e-01 -4.25214991e-02  1.57293573e-01
  -6.90289140e-02  5.95834777e-02 -4.56405990e-02  3.74102108e-02
   5.65433539e-02  1.46199033e-01 -1.09043494e-01  8.65218490e-02
   1.08285040e-01 -7.48266801e-02  1.40344039e-01  2.70867925e-02
   1.61955267e-01 -6.01401217e-02 -6.70512989e-02  5.31946355e-03
   7.91735873e-02 -3.36419009e-02 -5.03222942e-02 -1.41616445e-02
   1.03943065e-01 -8.78685787e-02  2.12604821e-01 -3.21384780e-02
  -3.36754546e-02 -6.04098700e-02 -9.91223603e-02 -6.28257692e-02
  -3.19113024e-02 -8.81252736e-02  1.76211372e-01 -7.80411810e-02
  -6.37428463e-02  2.12267339e-02 -1.06673189e-01  2.39956025e-02
   1.48895830e-01 -4.54026572e-02  4.90051620e-02 -3.26472446e-02
  -4.15630750e-02 -7.99724739e-03  9.64339301e-02 -8.47409219e-02
   7.92951807e-02 -5.74081689e-02  2.49441177e-01 -7.85881579e-02
   1.79201901e-01  2.12697804e-01  6.11845106e-02  1.37699947e-01
  -8.78568441e-02  1.41835317e-01 -5.92107959e-02  3.63013335e-02
   6.91219792e-02  6.69207647e-02  2.34763958e-02 -9.52743068e-02
   2.42961682e-02 -3.55184898e-02  1.09050676e-01 -1.12185001e-01
   5.65927140e-02  1.08444385e-01 -8.16419944e-02 -6.55925348e-02
   1.19892014e-02 -8.77797082e-02 -4.72360253e-02 -2.35756207e-02
   8.75698850e-02  4.98797670e-02  2.73787659e-02  3.98272872e-02
  -3.34855914e-02 -6.77244887e-02  1.64290726e-01 -5.38311936e-02
  -7.59076104e-02 -8.75543505e-02 -7.91031867e-02  4.44883853e-02
  -6.15122449e-03  6.29779622e-02 -4.68226932e-02  1.04355611e-01
  -9.03448984e-02  1.04995079e-01 -8.15531611e-02  1.71350136e-01
   5.14170900e-02  1.06973037e-01 -7.23242462e-02 -6.29829839e-02
   1.41020611e-01 -5.76086566e-02  1.11837938e-01 -3.25306319e-02
  -5.87857850e-02 -1.90324076e-02 -5.56055307e-02  8.01956505e-02
   1.06199466e-01 -2.78387107e-02 -1.71267260e-02 -7.36896247e-02
   4.66577560e-02  1.40904663e-02 -7.14571327e-02 -3.32715437e-02]]
[[ 9.80087295e-02 -7.07548410e-02 -7.10705146e-02 -1.89785063e-01
  -4.45433669e-02  5.25561278e-04 -8.12014267e-02 -4.34040576e-02
  -8.74304324e-02 -9.72025096e-03 -9.11664963e-02  2.41775197e-04
  -8.60933214e-02  1.41002253e-01 -4.25214991e-02  1.57293573e-01
  -6.90289140e-02  5.95834777e-02 -4.56405990e-02  3.74102108e-02
   5.65433539e-02  1.46199033e-01 -1.09043494e-01  8.65218490e-02
   1.08285040e-01 -7.48266801e-02  1.40344039e-01  2.70867925e-02
   1.61955267e-01 -6.01401217e-02 -6.70512989e-02  5.31946355e-03
   7.91735873e-02 -3.36419009e-02 -5.03222942e-02 -1.41616445e-02
   1.03943065e-01 -8.78685787e-02  2.12604821e-01 -3.21384780e-02
  -3.36754546e-02 -6.04098700e-02 -9.91223603e-02 -6.28257692e-02
  -3.19113024e-02 -8.81252736e-02  1.76211372e-01 -7.80411810e-02
  -6.37428463e-02  2.12267339e-02 -1.06673189e-01  2.39956025e-02
   1.48895830e-01 -4.54026572e-02  4.90051620e-02 -3.26472446e-02
  -4.15630750e-02 -7.99724739e-03  9.64339301e-02 -8.47409219e-02
   7.92951807e-02 -5.74081689e-02  2.49441177e-01 -7.85881579e-02
   1.79201901e-01  2.12697804e-01  6.11845106e-02  1.37699947e-01
  -8.78568441e-02  1.41835317e-01 -5.92107959e-02  3.63013335e-02
   6.91219792e-02  6.69207647e-02  2.34763958e-02 -9.52743068e-02
   2.42961682e-02 -3.55184898e-02  1.09050676e-01 -1.12185001e-01
   5.65927140e-02  1.08444385e-01 -8.16419944e-02 -6.55925348e-02
   1.19892014e-02 -8.77797082e-02 -4.72360253e-02 -2.35756207e-02
   8.75698850e-02  4.98797670e-02  2.73787659e-02  3.98272872e-02
  -3.34855914e-02 -6.77244887e-02  1.64290726e-01 -5.38311936e-02
  -7.59076104e-02 -8.75543505e-02 -7.91031867e-02  4.44883853e-02
  -6.15122449e-03  6.29779622e-02 -4.68226932e-02  1.04355611e-01
  -9.03448984e-02  1.04995079e-01 -8.15531611e-02  1.71350136e-01
   5.14170900e-02  1.06973037e-01 -7.23242462e-02 -6.29829839e-02
   1.41020611e-01 -5.76086566e-02  1.11837938e-01 -3.25306319e-02
  -5.87857850e-02 -1.90324076e-02 -5.56055307e-02  8.01956505e-02
   1.06199466e-01 -2.78387107e-02 -1.71267260e-02 -7.36896247e-02
   4.66577560e-02  1.40904663e-02 -7.14571327e-02 -3.32715437e-02]]
[[ 9.80087295e-02 -7.07548410e-02 -7.10705146e-02 -1.89785063e-01
  -4.45433669e-02  5.25561278e-04 -8.12014267e-02 -4.34040576e-02
  -8.74304324e-02 -9.72025096e-03 -9.11664963e-02  2.41775197e-04
  -8.60933214e-02  1.41002253e-01 -4.25214991e-02  1.57293573e-01
  -6.90289140e-02  5.95834777e-02 -4.56405990e-02  3.74102108e-02
   5.65433539e-02  1.46199033e-01 -1.09043494e-01  8.65218490e-02
   1.08285040e-01 -7.48266801e-02  1.40344039e-01  2.70867925e-02
   1.61955267e-01 -6.01401217e-02 -6.70512989e-02  5.31946355e-03
   7.91735873e-02 -3.36419009e-02 -5.03222942e-02 -1.41616445e-02
   1.03943065e-01 -8.78685787e-02  2.12604821e-01 -3.21384780e-02
  -3.36754546e-02 -6.04098700e-02 -9.91223603e-02 -6.28257692e-02
  -3.19113024e-02 -8.81252736e-02  1.76211372e-01 -7.80411810e-02
  -6.37428463e-02  2.12267339e-02 -1.06673189e-01  2.39956025e-02
   1.48895830e-01 -4.54026572e-02  4.90051620e-02 -3.26472446e-02
  -4.15630750e-02 -7.99724739e-03  9.64339301e-02 -8.47409219e-02
   7.92951807e-02 -5.74081689e-02  2.49441177e-01 -7.85881579e-02
   1.79201901e-01  2.12697804e-01  6.11845106e-02  1.37699947e-01
  -8.78568441e-02  1.41835317e-01 -5.92107959e-02  3.63013335e-02
   6.91219792e-02  6.69207647e-02  2.34763958e-02 -9.52743068e-02
   2.42961682e-02 -3.55184898e-02  1.09050676e-01 -1.12185001e-01
   5.65927140e-02  1.08444385e-01 -8.16419944e-02 -6.55925348e-02
   1.19892014e-02 -8.77797082e-02 -4.72360253e-02 -2.35756207e-02
   8.75698850e-02  4.98797670e-02  2.73787659e-02  3.98272872e-02
  -3.34855914e-02 -6.77244887e-02  1.64290726e-01 -5.38311936e-02
  -7.59076104e-02 -8.75543505e-02 -7.91031867e-02  4.44883853e-02
  -6.15122449e-03  6.29779622e-02 -4.68226932e-02  1.04355611e-01
  -9.03448984e-02  1.04995079e-01 -8.15531611e-02  1.71350136e-01
   5.14170900e-02  1.06973037e-01 -7.23242462e-02 -6.29829839e-02
   1.41020611e-01 -5.76086566e-02  1.11837938e-01 -3.25306319e-02
  -5.87857850e-02 -1.90324076e-02 -5.56055307e-02  8.01956505e-02
   1.06199466e-01 -2.78387107e-02 -1.71267260e-02 -7.36896247e-02
   4.66577560e-02  1.40904663e-02 -7.14571327e-02 -3.32715437e-02]]
