[[ 0.08193322 -0.04544336 -0.03296762 -0.14039557 -0.06048434  0.00304119
  -0.07397482 -0.03499337 -0.08763821 -0.01082061 -0.08951358  0.02341203
  -0.09880085  0.16331196 -0.05000388  0.21112908 -0.08470452  0.06641855
  -0.0193184   0.15371932  0.00710734  0.16426156 -0.13334143  0.05710954
   0.10327115 -0.06931466  0.16419788  0.01143984  0.18561187 -0.06791564
  -0.04296338  0.00684729  0.0748843  -0.04669943 -0.03530966  0.00966058
   0.07139137 -0.06684612  0.21024965 -0.0657718  -0.02763495 -0.05285125
  -0.08941088 -0.02584107 -0.01712894 -0.0909332   0.15106232 -0.08575214
  -0.04168836  0.02045126 -0.11223729 -0.00700335  0.20515794 -0.04806629
   0.0483978   0.00700139 -0.08738778 -0.03351942  0.10779303 -0.07946442
   0.07656346 -0.0381313   0.23708357 -0.0768565   0.17611401  0.2032225
   0.06817834  0.18890397 -0.09629212  0.10330746 -0.0362416   0.03882496
   0.06293216  0.03392119  0.03539914 -0.09168708 -0.02127182 -0.03154123
   0.06072778 -0.09955873 -0.01137931  0.11036875 -0.07748163 -0.01452136
  -0.02582271 -0.10857694 -0.02169495 -0.05923717  0.07238022  0.09696723
   0.00682419  0.02063705 -0.00492693 -0.04671247  0.18719532 -0.07382463
  -0.07808264 -0.08771645 -0.07380462  0.01889408 -0.02103374  0.0091328
  -0.05282834  0.02307538 -0.08667053  0.06314051 -0.07771222  0.14690183
   0.06749713  0.0908756  -0.07710318 -0.06796568  0.14174433 -0.05788464
   0.07409579 -0.04603705 -0.0351325  -0.01344189 -0.06165239  0.14252715
   0.02988867 -0.01276152 -0.04301701 -0.07485876  0.03284198 -0.01623974
  -0.06731472 -0.04692548]]
[[ 0.08193322 -0.04544336 -0.03296762 -0.14039557 -0.06048434  0.00304119
  -0.07397482 -0.03499337 -0.08763821 -0.01082061 -0.08951358  0.02341203
  -0.09880085  0.16331196 -0.05000388  0.21112908 -0.08470452  0.06641855
  -0.0193184   0.15371932  0.00710734  0.16426156 -0.13334143  0.05710954
   0.10327115 -0.06931466  0.16419788  0.01143984  0.18561187 -0.06791564
  -0.04296338  0.00684729  0.0748843  -0.04669943 -0.03530966  0.00966058
   0.07139137 -0.06684612  0.21024965 -0.0657718  -0.02763495 -0.05285125
  -0.08941088 -0.02584107 -0.01712894 -0.0909332   0.15106232 -0.08575214
  -0.04168836  0.02045126 -0.11223729 -0.00700335  0.20515794 -0.04806629
   0.0483978   0.00700139 -0.08738778 -0.03351942  0.10779303 -0.07946442
   0.07656346 -0.0381313   0.23708357 -0.0768565   0.17611401  0.2032225
   0.06817834  0.18890397 -0.09629212  0.10330746 -0.0362416   0.03882496
   0.06293216  0.03392119  0.03539914 -0.09168708 -0.02127182 -0.03154123
   0.06072778 -0.09955873 -0.01137931  0.11036875 -0.07748163 -0.01452136
  -0.02582271 -0.10857694 -0.02169495 -0.05923717  0.07238022  0.09696723
   0.00682419  0.02063705 -0.00492693 -0.04671247  0.18719532 -0.07382463
  -0.07808264 -0.08771645 -0.07380462  0.01889408 -0.02103374  0.0091328
  -0.05282834  0.02307538 -0.08667053  0.06314051 -0.07771222  0.14690183
   0.06749713  0.0908756  -0.07710318 -0.06796568  0.14174433 -0.05788464
   0.07409579 -0.04603705 -0.0351325  -0.01344189 -0.06165239  0.14252715
   0.02988867 -0.01276152 -0.04301701 -0.07485876  0.03284198 -0.01623974
  -0.06731472 -0.04692548]]
[[ 0.08193322 -0.04544336 -0.03296762 -0.14039557 -0.06048434  0.00304119
  -0.07397482 -0.03499337 -0.08763821 -0.01082061 -0.08951358  0.02341203
  -0.09880085  0.16331196 -0.05000388  0.21112908 -0.08470452  0.06641855
  -0.0193184   0.15371932  0.00710734  0.16426156 -0.13334143  0.05710954
   0.10327115 -0.06931466  0.16419788  0.01143984  0.18561187 -0.06791564
  -0.04296338  0.00684729  0.0748843  -0.04669943 -0.03530966  0.00966058
   0.07139137 -0.06684612  0.21024965 -0.0657718  -0.02763495 -0.05285125
  -0.08941088 -0.02584107 -0.01712894 -0.0909332   0.15106232 -0.08575214
  -0.04168836  0.02045126 -0.11223729 -0.00700335  0.20515794 -0.04806629
   0.0483978   0.00700139 -0.08738778 -0.03351942  0.10779303 -0.07946442
   0.07656346 -0.0381313   0.23708357 -0.0768565   0.17611401  0.2032225
   0.06817834  0.18890397 -0.09629212  0.10330746 -0.0362416   0.03882496
   0.06293216  0.03392119  0.03539914 -0.09168708 -0.02127182 -0.03154123
   0.06072778 -0.09955873 -0.01137931  0.11036875 -0.07748163 -0.01452136
  -0.02582271 -0.10857694 -0.02169495 -0.05923717  0.07238022  0.09696723
   0.00682419  0.02063705 -0.00492693 -0.04671247  0.18719532 -0.07382463
  -0.07808264 -0.08771645 -0.07380462  0.01889408 -0.02103374  0.0091328
  -0.05282834  0.02307538 -0.08667053  0.06314051 -0.07771222  0.14690183
   0.06749713  0.0908756  -0.07710318 -0.06796568  0.14174433 -0.05788464
   0.07409579 -0.04603705 -0.0351325  -0.01344189 -0.06165239  0.14252715
   0.02988867 -0.01276152 -0.04301701 -0.07485876  0.03284198 -0.01623974
  -0.06731472 -0.04692548]]
[[ 0.08193322 -0.04544336 -0.03296762 -0.14039557 -0.06048434  0.00304119
  -0.07397482 -0.03499337 -0.08763821 -0.01082061 -0.08951358  0.02341203
  -0.09880085  0.16331196 -0.05000388  0.21112908 -0.08470452  0.06641855
  -0.0193184   0.15371932  0.00710734  0.16426156 -0.13334143  0.05710954
   0.10327115 -0.06931466  0.16419788  0.01143984  0.18561187 -0.06791564
  -0.04296338  0.00684729  0.0748843  -0.04669943 -0.03530966  0.00966058
   0.07139137 -0.06684612  0.21024965 -0.0657718  -0.02763495 -0.05285125
  -0.08941088 -0.02584107 -0.01712894 -0.0909332   0.15106232 -0.08575214
  -0.04168836  0.02045126 -0.11223729 -0.00700335  0.20515794 -0.04806629
   0.0483978   0.00700139 -0.08738778 -0.03351942  0.10779303 -0.07946442
   0.07656346 -0.0381313   0.23708357 -0.0768565   0.17611401  0.2032225
   0.06817834  0.18890397 -0.09629212  0.10330746 -0.0362416   0.03882496
   0.06293216  0.03392119  0.03539914 -0.09168708 -0.02127182 -0.03154123
   0.06072778 -0.09955873 -0.01137931  0.11036875 -0.07748163 -0.01452136
  -0.02582271 -0.10857694 -0.02169495 -0.05923717  0.07238022  0.09696723
   0.00682419  0.02063705 -0.00492693 -0.04671247  0.18719532 -0.07382463
  -0.07808264 -0.08771645 -0.07380462  0.01889408 -0.02103374  0.0091328
  -0.05282834  0.02307538 -0.08667053  0.06314051 -0.07771222  0.14690183
   0.06749713  0.0908756  -0.07710318 -0.06796568  0.14174433 -0.05788464
   0.07409579 -0.04603705 -0.0351325  -0.01344189 -0.06165239  0.14252715
   0.02988867 -0.01276152 -0.04301701 -0.07485876  0.03284198 -0.01623974
  -0.06731472 -0.04692548]]
[[ 0.08193322 -0.04544336 -0.03296762 -0.14039557 -0.06048434  0.00304119
  -0.07397482 -0.03499337 -0.08763821 -0.01082061 -0.08951358  0.02341203
  -0.09880085  0.16331196 -0.05000388  0.21112908 -0.08470452  0.06641855
  -0.0193184   0.15371932  0.00710734  0.16426156 -0.13334143  0.05710954
   0.10327115 -0.06931466  0.16419788  0.01143984  0.18561187 -0.06791564
  -0.04296338  0.00684729  0.0748843  -0.04669943 -0.03530966  0.00966058
   0.07139137 -0.06684612  0.21024965 -0.0657718  -0.02763495 -0.05285125
  -0.08941088 -0.02584107 -0.01712894 -0.0909332   0.15106232 -0.08575214
  -0.04168836  0.02045126 -0.11223729 -0.00700335  0.20515794 -0.04806629
   0.0483978   0.00700139 -0.08738778 -0.03351942  0.10779303 -0.07946442
   0.07656346 -0.0381313   0.23708357 -0.0768565   0.17611401  0.2032225
   0.06817834  0.18890397 -0.09629212  0.10330746 -0.0362416   0.03882496
   0.06293216  0.03392119  0.03539914 -0.09168708 -0.02127182 -0.03154123
   0.06072778 -0.09955873 -0.01137931  0.11036875 -0.07748163 -0.01452136
  -0.02582271 -0.10857694 -0.02169495 -0.05923717  0.07238022  0.09696723
   0.00682419  0.02063705 -0.00492693 -0.04671247  0.18719532 -0.07382463
  -0.07808264 -0.08771645 -0.07380462  0.01889408 -0.02103374  0.0091328
  -0.05282834  0.02307538 -0.08667053  0.06314051 -0.07771222  0.14690183
   0.06749713  0.0908756  -0.07710318 -0.06796568  0.14174433 -0.05788464
   0.07409579 -0.04603705 -0.0351325  -0.01344189 -0.06165239  0.14252715
   0.02988867 -0.01276152 -0.04301701 -0.07485876  0.03284198 -0.01623974
  -0.06731472 -0.04692548]]
[[ 0.08193322 -0.04544336 -0.03296762 -0.14039557 -0.06048434  0.00304119
  -0.07397482 -0.03499337 -0.08763821 -0.01082061 -0.08951358  0.02341203
  -0.09880085  0.16331196 -0.05000388  0.21112908 -0.08470452  0.06641855
  -0.0193184   0.15371932  0.00710734  0.16426156 -0.13334143  0.05710954
   0.10327115 -0.06931466  0.16419788  0.01143984  0.18561187 -0.06791564
  -0.04296338  0.00684729  0.0748843  -0.04669943 -0.03530966  0.00966058
   0.07139137 -0.06684612  0.21024965 -0.0657718  -0.02763495 -0.05285125
  -0.08941088 -0.02584107 -0.01712894 -0.0909332   0.15106232 -0.08575214
  -0.04168836  0.02045126 -0.11223729 -0.00700335  0.20515794 -0.04806629
   0.0483978   0.00700139 -0.08738778 -0.03351942  0.10779303 -0.07946442
   0.07656346 -0.0381313   0.23708357 -0.0768565   0.17611401  0.2032225
   0.06817834  0.18890397 -0.09629212  0.10330746 -0.0362416   0.03882496
   0.06293216  0.03392119  0.03539914 -0.09168708 -0.02127182 -0.03154123
   0.06072778 -0.09955873 -0.01137931  0.11036875 -0.07748163 -0.01452136
  -0.02582271 -0.10857694 -0.02169495 -0.05923717  0.07238022  0.09696723
   0.00682419  0.02063705 -0.00492693 -0.04671247  0.18719532 -0.07382463
  -0.07808264 -0.08771645 -0.07380462  0.01889408 -0.02103374  0.0091328
  -0.05282834  0.02307538 -0.08667053  0.06314051 -0.07771222  0.14690183
   0.06749713  0.0908756  -0.07710318 -0.06796568  0.14174433 -0.05788464
   0.07409579 -0.04603705 -0.0351325  -0.01344189 -0.06165239  0.14252715
   0.02988867 -0.01276152 -0.04301701 -0.07485876  0.03284198 -0.01623974
  -0.06731472 -0.04692548]]
[[ 0.08193322 -0.04544336 -0.03296762 -0.14039557 -0.06048434  0.00304119
  -0.07397482 -0.03499337 -0.08763821 -0.01082061 -0.08951358  0.02341203
  -0.09880085  0.16331196 -0.05000388  0.21112908 -0.08470452  0.06641855
  -0.0193184   0.15371932  0.00710734  0.16426156 -0.13334143  0.05710954
   0.10327115 -0.06931466  0.16419788  0.01143984  0.18561187 -0.06791564
  -0.04296338  0.00684729  0.0748843  -0.04669943 -0.03530966  0.00966058
   0.07139137 -0.06684612  0.21024965 -0.0657718  -0.02763495 -0.05285125
  -0.08941088 -0.02584107 -0.01712894 -0.0909332   0.15106232 -0.08575214
  -0.04168836  0.02045126 -0.11223729 -0.00700335  0.20515794 -0.04806629
   0.0483978   0.00700139 -0.08738778 -0.03351942  0.10779303 -0.07946442
   0.07656346 -0.0381313   0.23708357 -0.0768565   0.17611401  0.2032225
   0.06817834  0.18890397 -0.09629212  0.10330746 -0.0362416   0.03882496
   0.06293216  0.03392119  0.03539914 -0.09168708 -0.02127182 -0.03154123
   0.06072778 -0.09955873 -0.01137931  0.11036875 -0.07748163 -0.01452136
  -0.02582271 -0.10857694 -0.02169495 -0.05923717  0.07238022  0.09696723
   0.00682419  0.02063705 -0.00492693 -0.04671247  0.18719532 -0.07382463
  -0.07808264 -0.08771645 -0.07380462  0.01889408 -0.02103374  0.0091328
  -0.05282834  0.02307538 -0.08667053  0.06314051 -0.07771222  0.14690183
   0.06749713  0.0908756  -0.07710318 -0.06796568  0.14174433 -0.05788464
   0.07409579 -0.04603705 -0.0351325  -0.01344189 -0.06165239  0.14252715
   0.02988867 -0.01276152 -0.04301701 -0.07485876  0.03284198 -0.01623974
  -0.06731472 -0.04692548]]
[[ 0.08193322 -0.04544336 -0.03296762 -0.14039557 -0.06048434  0.00304119
  -0.07397482 -0.03499337 -0.08763821 -0.01082061 -0.08951358  0.02341203
  -0.09880085  0.16331196 -0.05000388  0.21112908 -0.08470452  0.06641855
  -0.0193184   0.15371932  0.00710734  0.16426156 -0.13334143  0.05710954
   0.10327115 -0.06931466  0.16419788  0.01143984  0.18561187 -0.06791564
  -0.04296338  0.00684729  0.0748843  -0.04669943 -0.03530966  0.00966058
   0.07139137 -0.06684612  0.21024965 -0.0657718  -0.02763495 -0.05285125
  -0.08941088 -0.02584107 -0.01712894 -0.0909332   0.15106232 -0.08575214
  -0.04168836  0.02045126 -0.11223729 -0.00700335  0.20515794 -0.04806629
   0.0483978   0.00700139 -0.08738778 -0.03351942  0.10779303 -0.07946442
   0.07656346 -0.0381313   0.23708357 -0.0768565   0.17611401  0.2032225
   0.06817834  0.18890397 -0.09629212  0.10330746 -0.0362416   0.03882496
   0.06293216  0.03392119  0.03539914 -0.09168708 -0.02127182 -0.03154123
   0.06072778 -0.09955873 -0.01137931  0.11036875 -0.07748163 -0.01452136
  -0.02582271 -0.10857694 -0.02169495 -0.05923717  0.07238022  0.09696723
   0.00682419  0.02063705 -0.00492693 -0.04671247  0.18719532 -0.07382463
  -0.07808264 -0.08771645 -0.07380462  0.01889408 -0.02103374  0.0091328
  -0.05282834  0.02307538 -0.08667053  0.06314051 -0.07771222  0.14690183
   0.06749713  0.0908756  -0.07710318 -0.06796568  0.14174433 -0.05788464
   0.07409579 -0.04603705 -0.0351325  -0.01344189 -0.06165239  0.14252715
   0.02988867 -0.01276152 -0.04301701 -0.07485876  0.03284198 -0.01623974
  -0.06731472 -0.04692548]]
