[[ 9.36460346e-02 -6.82511851e-02 -6.00387119e-02 -1.71397194e-01
  -2.83088125e-02  1.36060046e-03 -7.97390640e-02 -5.06588593e-02
  -8.69289413e-02 -4.18663546e-02 -8.60459208e-02 -3.48593369e-02
  -8.49602148e-02  1.22841947e-01 -3.52735259e-02  1.86525658e-01
  -6.49736300e-02  1.00263223e-01 -6.23263158e-02  3.15100588e-02
   7.20052570e-02  1.83755353e-01 -1.30695596e-01  5.04892729e-02
   1.56661034e-01 -7.34602883e-02  1.03068791e-01  6.35779202e-02
   1.66429386e-01 -6.05461746e-02 -6.59392476e-02  2.53983395e-04
   5.41148633e-02 -2.19205543e-02 -1.56822801e-02  9.66108462e-04
   7.73931071e-02 -7.81909674e-02  1.77110270e-01 -2.42051203e-02
  -2.99840569e-02 -6.96268007e-02 -9.40293297e-02 -4.03928608e-02
  -2.45544761e-02 -8.55614841e-02  1.31412923e-01 -7.63447955e-02
  -6.32840618e-02  3.56577262e-02 -9.85575542e-02 -4.36086580e-03
   1.97027519e-01 -4.56792116e-02  4.33093272e-02 -1.21927401e-02
  -8.85490030e-02 -9.84702539e-03  1.16677709e-01 -8.28445479e-02
   6.99366778e-02 -4.14238460e-02  2.56769359e-01 -6.83227032e-02
   1.77744538e-01  2.11620793e-01  4.71753851e-02  1.66242808e-01
  -8.03565010e-02  1.03379525e-01 -5.00305034e-02  8.84048939e-02
   7.08580315e-02  5.92748374e-02  4.21550833e-02 -9.30130035e-02
  -9.93973482e-03 -4.25041243e-02  8.35406557e-02 -8.85673761e-02
   1.10383686e-02  7.66751766e-02 -7.67341852e-02 -4.73876148e-02
   1.63998064e-02 -8.76131356e-02 -6.18897863e-02 -3.04171331e-02
   6.97406456e-02  1.21106796e-01  7.15623051e-02  3.50634605e-02
  -3.31225246e-02 -5.50823398e-02  1.81257457e-01 -7.02955946e-02
  -7.51911029e-02 -7.81574398e-02 -9.01490524e-02  6.45678937e-02
   1.30574929e-03  1.00295931e-01 -5.12546301e-02  1.54721558e-01
  -6.72365576e-02  5.54706268e-02 -7.40070641e-02  1.56469882e-01
   8.54660645e-02  1.01047523e-01 -7.97429606e-02 -7.16546252e-02
   9.27175730e-02 -5.97845241e-02  7.21109211e-02 -3.07399686e-02
  -5.91302514e-02 -2.31313445e-02 -6.81991503e-02  1.15816996e-01
   6.09356649e-02 -9.01017897e-03 -1.63419880e-02 -7.00657517e-02
   5.66817299e-02 -2.26295311e-02 -7.03618750e-02 -4.09797505e-02]]
[[ 9.36460346e-02 -6.82511851e-02 -6.00387119e-02 -1.71397194e-01
  -2.83088125e-02  1.36060046e-03 -7.97390640e-02 -5.06588593e-02
  -8.69289413e-02 -4.18663546e-02 -8.60459208e-02 -3.48593369e-02
  -8.49602148e-02  1.22841947e-01 -3.52735259e-02  1.86525658e-01
  -6.49736300e-02  1.00263223e-01 -6.23263158e-02  3.15100588e-02
   7.20052570e-02  1.83755353e-01 -1.30695596e-01  5.04892729e-02
   1.56661034e-01 -7.34602883e-02  1.03068791e-01  6.35779202e-02
   1.66429386e-01 -6.05461746e-02 -6.59392476e-02  2.53983395e-04
   5.41148633e-02 -2.19205543e-02 -1.56822801e-02  9.66108462e-04
   7.73931071e-02 -7.81909674e-02  1.77110270e-01 -2.42051203e-02
  -2.99840569e-02 -6.96268007e-02 -9.40293297e-02 -4.03928608e-02
  -2.45544761e-02 -8.55614841e-02  1.31412923e-01 -7.63447955e-02
  -6.32840618e-02  3.56577262e-02 -9.85575542e-02 -4.36086580e-03
   1.97027519e-01 -4.56792116e-02  4.33093272e-02 -1.21927401e-02
  -8.85490030e-02 -9.84702539e-03  1.16677709e-01 -8.28445479e-02
   6.99366778e-02 -4.14238460e-02  2.56769359e-01 -6.83227032e-02
   1.77744538e-01  2.11620793e-01  4.71753851e-02  1.66242808e-01
  -8.03565010e-02  1.03379525e-01 -5.00305034e-02  8.84048939e-02
   7.08580315e-02  5.92748374e-02  4.21550833e-02 -9.30130035e-02
  -9.93973482e-03 -4.25041243e-02  8.35406557e-02 -8.85673761e-02
   1.10383686e-02  7.66751766e-02 -7.67341852e-02 -4.73876148e-02
   1.63998064e-02 -8.76131356e-02 -6.18897863e-02 -3.04171331e-02
   6.97406456e-02  1.21106796e-01  7.15623051e-02  3.50634605e-02
  -3.31225246e-02 -5.50823398e-02  1.81257457e-01 -7.02955946e-02
  -7.51911029e-02 -7.81574398e-02 -9.01490524e-02  6.45678937e-02
   1.30574929e-03  1.00295931e-01 -5.12546301e-02  1.54721558e-01
  -6.72365576e-02  5.54706268e-02 -7.40070641e-02  1.56469882e-01
   8.54660645e-02  1.01047523e-01 -7.97429606e-02 -7.16546252e-02
   9.27175730e-02 -5.97845241e-02  7.21109211e-02 -3.07399686e-02
  -5.91302514e-02 -2.31313445e-02 -6.81991503e-02  1.15816996e-01
   6.09356649e-02 -9.01017897e-03 -1.63419880e-02 -7.00657517e-02
   5.66817299e-02 -2.26295311e-02 -7.03618750e-02 -4.09797505e-02]]
[[ 9.36460346e-02 -6.82511851e-02 -6.00387119e-02 -1.71397194e-01
  -2.83088125e-02  1.36060046e-03 -7.97390640e-02 -5.06588593e-02
  -8.69289413e-02 -4.18663546e-02 -8.60459208e-02 -3.48593369e-02
  -8.49602148e-02  1.22841947e-01 -3.52735259e-02  1.86525658e-01
  -6.49736300e-02  1.00263223e-01 -6.23263158e-02  3.15100588e-02
   7.20052570e-02  1.83755353e-01 -1.30695596e-01  5.04892729e-02
   1.56661034e-01 -7.34602883e-02  1.03068791e-01  6.35779202e-02
   1.66429386e-01 -6.05461746e-02 -6.59392476e-02  2.53983395e-04
   5.41148633e-02 -2.19205543e-02 -1.56822801e-02  9.66108462e-04
   7.73931071e-02 -7.81909674e-02  1.77110270e-01 -2.42051203e-02
  -2.99840569e-02 -6.96268007e-02 -9.40293297e-02 -4.03928608e-02
  -2.45544761e-02 -8.55614841e-02  1.31412923e-01 -7.63447955e-02
  -6.32840618e-02  3.56577262e-02 -9.85575542e-02 -4.36086580e-03
   1.97027519e-01 -4.56792116e-02  4.33093272e-02 -1.21927401e-02
  -8.85490030e-02 -9.84702539e-03  1.16677709e-01 -8.28445479e-02
   6.99366778e-02 -4.14238460e-02  2.56769359e-01 -6.83227032e-02
   1.77744538e-01  2.11620793e-01  4.71753851e-02  1.66242808e-01
  -8.03565010e-02  1.03379525e-01 -5.00305034e-02  8.84048939e-02
   7.08580315e-02  5.92748374e-02  4.21550833e-02 -9.30130035e-02
  -9.93973482e-03 -4.25041243e-02  8.35406557e-02 -8.85673761e-02
   1.10383686e-02  7.66751766e-02 -7.67341852e-02 -4.73876148e-02
   1.63998064e-02 -8.76131356e-02 -6.18897863e-02 -3.04171331e-02
   6.97406456e-02  1.21106796e-01  7.15623051e-02  3.50634605e-02
  -3.31225246e-02 -5.50823398e-02  1.81257457e-01 -7.02955946e-02
  -7.51911029e-02 -7.81574398e-02 -9.01490524e-02  6.45678937e-02
   1.30574929e-03  1.00295931e-01 -5.12546301e-02  1.54721558e-01
  -6.72365576e-02  5.54706268e-02 -7.40070641e-02  1.56469882e-01
   8.54660645e-02  1.01047523e-01 -7.97429606e-02 -7.16546252e-02
   9.27175730e-02 -5.97845241e-02  7.21109211e-02 -3.07399686e-02
  -5.91302514e-02 -2.31313445e-02 -6.81991503e-02  1.15816996e-01
   6.09356649e-02 -9.01017897e-03 -1.63419880e-02 -7.00657517e-02
   5.66817299e-02 -2.26295311e-02 -7.03618750e-02 -4.09797505e-02]]
[[ 9.36460346e-02 -6.82511851e-02 -6.00387119e-02 -1.71397194e-01
  -2.83088125e-02  1.36060046e-03 -7.97390640e-02 -5.06588593e-02
  -8.69289413e-02 -4.18663546e-02 -8.60459208e-02 -3.48593369e-02
  -8.49602148e-02  1.22841947e-01 -3.52735259e-02  1.86525658e-01
  -6.49736300e-02  1.00263223e-01 -6.23263158e-02  3.15100588e-02
   7.20052570e-02  1.83755353e-01 -1.30695596e-01  5.04892729e-02
   1.56661034e-01 -7.34602883e-02  1.03068791e-01  6.35779202e-02
   1.66429386e-01 -6.05461746e-02 -6.59392476e-02  2.53983395e-04
   5.41148633e-02 -2.19205543e-02 -1.56822801e-02  9.66108462e-04
   7.73931071e-02 -7.81909674e-02  1.77110270e-01 -2.42051203e-02
  -2.99840569e-02 -6.96268007e-02 -9.40293297e-02 -4.03928608e-02
  -2.45544761e-02 -8.55614841e-02  1.31412923e-01 -7.63447955e-02
  -6.32840618e-02  3.56577262e-02 -9.85575542e-02 -4.36086580e-03
   1.97027519e-01 -4.56792116e-02  4.33093272e-02 -1.21927401e-02
  -8.85490030e-02 -9.84702539e-03  1.16677709e-01 -8.28445479e-02
   6.99366778e-02 -4.14238460e-02  2.56769359e-01 -6.83227032e-02
   1.77744538e-01  2.11620793e-01  4.71753851e-02  1.66242808e-01
  -8.03565010e-02  1.03379525e-01 -5.00305034e-02  8.84048939e-02
   7.08580315e-02  5.92748374e-02  4.21550833e-02 -9.30130035e-02
  -9.93973482e-03 -4.25041243e-02  8.35406557e-02 -8.85673761e-02
   1.10383686e-02  7.66751766e-02 -7.67341852e-02 -4.73876148e-02
   1.63998064e-02 -8.76131356e-02 -6.18897863e-02 -3.04171331e-02
   6.97406456e-02  1.21106796e-01  7.15623051e-02  3.50634605e-02
  -3.31225246e-02 -5.50823398e-02  1.81257457e-01 -7.02955946e-02
  -7.51911029e-02 -7.81574398e-02 -9.01490524e-02  6.45678937e-02
   1.30574929e-03  1.00295931e-01 -5.12546301e-02  1.54721558e-01
  -6.72365576e-02  5.54706268e-02 -7.40070641e-02  1.56469882e-01
   8.54660645e-02  1.01047523e-01 -7.97429606e-02 -7.16546252e-02
   9.27175730e-02 -5.97845241e-02  7.21109211e-02 -3.07399686e-02
  -5.91302514e-02 -2.31313445e-02 -6.81991503e-02  1.15816996e-01
   6.09356649e-02 -9.01017897e-03 -1.63419880e-02 -7.00657517e-02
   5.66817299e-02 -2.26295311e-02 -7.03618750e-02 -4.09797505e-02]]
[[ 9.36460346e-02 -6.82511851e-02 -6.00387119e-02 -1.71397194e-01
  -2.83088125e-02  1.36060046e-03 -7.97390640e-02 -5.06588593e-02
  -8.69289413e-02 -4.18663546e-02 -8.60459208e-02 -3.48593369e-02
  -8.49602148e-02  1.22841947e-01 -3.52735259e-02  1.86525658e-01
  -6.49736300e-02  1.00263223e-01 -6.23263158e-02  3.15100588e-02
   7.20052570e-02  1.83755353e-01 -1.30695596e-01  5.04892729e-02
   1.56661034e-01 -7.34602883e-02  1.03068791e-01  6.35779202e-02
   1.66429386e-01 -6.05461746e-02 -6.59392476e-02  2.53983395e-04
   5.41148633e-02 -2.19205543e-02 -1.56822801e-02  9.66108462e-04
   7.73931071e-02 -7.81909674e-02  1.77110270e-01 -2.42051203e-02
  -2.99840569e-02 -6.96268007e-02 -9.40293297e-02 -4.03928608e-02
  -2.45544761e-02 -8.55614841e-02  1.31412923e-01 -7.63447955e-02
  -6.32840618e-02  3.56577262e-02 -9.85575542e-02 -4.36086580e-03
   1.97027519e-01 -4.56792116e-02  4.33093272e-02 -1.21927401e-02
  -8.85490030e-02 -9.84702539e-03  1.16677709e-01 -8.28445479e-02
   6.99366778e-02 -4.14238460e-02  2.56769359e-01 -6.83227032e-02
   1.77744538e-01  2.11620793e-01  4.71753851e-02  1.66242808e-01
  -8.03565010e-02  1.03379525e-01 -5.00305034e-02  8.84048939e-02
   7.08580315e-02  5.92748374e-02  4.21550833e-02 -9.30130035e-02
  -9.93973482e-03 -4.25041243e-02  8.35406557e-02 -8.85673761e-02
   1.10383686e-02  7.66751766e-02 -7.67341852e-02 -4.73876148e-02
   1.63998064e-02 -8.76131356e-02 -6.18897863e-02 -3.04171331e-02
   6.97406456e-02  1.21106796e-01  7.15623051e-02  3.50634605e-02
  -3.31225246e-02 -5.50823398e-02  1.81257457e-01 -7.02955946e-02
  -7.51911029e-02 -7.81574398e-02 -9.01490524e-02  6.45678937e-02
   1.30574929e-03  1.00295931e-01 -5.12546301e-02  1.54721558e-01
  -6.72365576e-02  5.54706268e-02 -7.40070641e-02  1.56469882e-01
   8.54660645e-02  1.01047523e-01 -7.97429606e-02 -7.16546252e-02
   9.27175730e-02 -5.97845241e-02  7.21109211e-02 -3.07399686e-02
  -5.91302514e-02 -2.31313445e-02 -6.81991503e-02  1.15816996e-01
   6.09356649e-02 -9.01017897e-03 -1.63419880e-02 -7.00657517e-02
   5.66817299e-02 -2.26295311e-02 -7.03618750e-02 -4.09797505e-02]]
[[ 9.36460346e-02 -6.82511851e-02 -6.00387119e-02 -1.71397194e-01
  -2.83088125e-02  1.36060046e-03 -7.97390640e-02 -5.06588593e-02
  -8.69289413e-02 -4.18663546e-02 -8.60459208e-02 -3.48593369e-02
  -8.49602148e-02  1.22841947e-01 -3.52735259e-02  1.86525658e-01
  -6.49736300e-02  1.00263223e-01 -6.23263158e-02  3.15100588e-02
   7.20052570e-02  1.83755353e-01 -1.30695596e-01  5.04892729e-02
   1.56661034e-01 -7.34602883e-02  1.03068791e-01  6.35779202e-02
   1.66429386e-01 -6.05461746e-02 -6.59392476e-02  2.53983395e-04
   5.41148633e-02 -2.19205543e-02 -1.56822801e-02  9.66108462e-04
   7.73931071e-02 -7.81909674e-02  1.77110270e-01 -2.42051203e-02
  -2.99840569e-02 -6.96268007e-02 -9.40293297e-02 -4.03928608e-02
  -2.45544761e-02 -8.55614841e-02  1.31412923e-01 -7.63447955e-02
  -6.32840618e-02  3.56577262e-02 -9.85575542e-02 -4.36086580e-03
   1.97027519e-01 -4.56792116e-02  4.33093272e-02 -1.21927401e-02
  -8.85490030e-02 -9.84702539e-03  1.16677709e-01 -8.28445479e-02
   6.99366778e-02 -4.14238460e-02  2.56769359e-01 -6.83227032e-02
   1.77744538e-01  2.11620793e-01  4.71753851e-02  1.66242808e-01
  -8.03565010e-02  1.03379525e-01 -5.00305034e-02  8.84048939e-02
   7.08580315e-02  5.92748374e-02  4.21550833e-02 -9.30130035e-02
  -9.93973482e-03 -4.25041243e-02  8.35406557e-02 -8.85673761e-02
   1.10383686e-02  7.66751766e-02 -7.67341852e-02 -4.73876148e-02
   1.63998064e-02 -8.76131356e-02 -6.18897863e-02 -3.04171331e-02
   6.97406456e-02  1.21106796e-01  7.15623051e-02  3.50634605e-02
  -3.31225246e-02 -5.50823398e-02  1.81257457e-01 -7.02955946e-02
  -7.51911029e-02 -7.81574398e-02 -9.01490524e-02  6.45678937e-02
   1.30574929e-03  1.00295931e-01 -5.12546301e-02  1.54721558e-01
  -6.72365576e-02  5.54706268e-02 -7.40070641e-02  1.56469882e-01
   8.54660645e-02  1.01047523e-01 -7.97429606e-02 -7.16546252e-02
   9.27175730e-02 -5.97845241e-02  7.21109211e-02 -3.07399686e-02
  -5.91302514e-02 -2.31313445e-02 -6.81991503e-02  1.15816996e-01
   6.09356649e-02 -9.01017897e-03 -1.63419880e-02 -7.00657517e-02
   5.66817299e-02 -2.26295311e-02 -7.03618750e-02 -4.09797505e-02]]
