[[ 0.05413733 -0.05499496 -0.05099773 -0.16119277 -0.04491355  0.00212615
  -0.07802539 -0.02660546 -0.0945446  -0.03139421 -0.0874606  -0.06393499
  -0.09971366  0.16319303 -0.03328307  0.18947816 -0.08576259  0.05307379
  -0.03156975  0.09217317  0.03308767  0.19587612 -0.14087619  0.01472593
   0.16361977 -0.06823933  0.1215024   0.0454308   0.14554228 -0.0600055
  -0.05638275  0.00770608  0.03316421 -0.05184339 -0.02394124  0.05229503
   0.01255464 -0.07280734  0.20221782 -0.0570019  -0.04706866 -0.04776281
  -0.10495305 -0.04154589 -0.03307392 -0.08664061  0.10040367 -0.07487857
  -0.0554629   0.02546827 -0.11157493  0.00109799  0.21719047 -0.04824767
   0.0412391  -0.01505544 -0.09036629  0.00088546  0.07998762 -0.08418378
   0.10120514 -0.05649957  0.23789    -0.06734859  0.15136598  0.20591822
   0.07228155  0.19047974 -0.09084492  0.13575569 -0.04570412  0.06925053
   0.06143365  0.05694855  0.04851907 -0.09232563 -0.04092922 -0.04593242
   0.08762109 -0.08844805 -0.03847031  0.03900519 -0.07682552 -0.03004341
  -0.00719342 -0.12966153 -0.02740416 -0.06134273  0.13589069  0.10230824
   0.08616335  0.05973414 -0.01896605 -0.07138689  0.13657235 -0.08533712
  -0.08516481 -0.09080997 -0.07520039  0.0343018  -0.01650877  0.04790452
  -0.0164574   0.10976477 -0.0931895   0.05220284 -0.08522892  0.16407204
   0.0821647   0.08074134 -0.07477003 -0.07339022  0.11534051 -0.0692961
   0.02375066 -0.03761802 -0.05373855 -0.02479216 -0.07144127  0.08215863
   0.06427906  0.00130594 -0.02020086 -0.08028501  0.04248748  0.0069555
  -0.07793872 -0.04910697]]
[[ 0.05413733 -0.05499496 -0.05099773 -0.16119277 -0.04491355  0.00212615
  -0.07802539 -0.02660546 -0.0945446  -0.03139421 -0.0874606  -0.06393499
  -0.09971366  0.16319303 -0.03328307  0.18947816 -0.08576259  0.05307379
  -0.03156975  0.09217317  0.03308767  0.19587612 -0.14087619  0.01472593
   0.16361977 -0.06823933  0.1215024   0.0454308   0.14554228 -0.0600055
  -0.05638275  0.00770608  0.03316421 -0.05184339 -0.02394124  0.05229503
   0.01255464 -0.07280734  0.20221782 -0.0570019  -0.04706866 -0.04776281
  -0.10495305 -0.04154589 -0.03307392 -0.08664061  0.10040367 -0.07487857
  -0.0554629   0.02546827 -0.11157493  0.00109799  0.21719047 -0.04824767
   0.0412391  -0.01505544 -0.09036629  0.00088546  0.07998762 -0.08418378
   0.10120514 -0.05649957  0.23789    -0.06734859  0.15136598  0.20591822
   0.07228155  0.19047974 -0.09084492  0.13575569 -0.04570412  0.06925053
   0.06143365  0.05694855  0.04851907 -0.09232563 -0.04092922 -0.04593242
   0.08762109 -0.08844805 -0.03847031  0.03900519 -0.07682552 -0.03004341
  -0.00719342 -0.12966153 -0.02740416 -0.06134273  0.13589069  0.10230824
   0.08616335  0.05973414 -0.01896605 -0.07138689  0.13657235 -0.08533712
  -0.08516481 -0.09080997 -0.07520039  0.0343018  -0.01650877  0.04790452
  -0.0164574   0.10976477 -0.0931895   0.05220284 -0.08522892  0.16407204
   0.0821647   0.08074134 -0.07477003 -0.07339022  0.11534051 -0.0692961
   0.02375066 -0.03761802 -0.05373855 -0.02479216 -0.07144127  0.08215863
   0.06427906  0.00130594 -0.02020086 -0.08028501  0.04248748  0.0069555
  -0.07793872 -0.04910697]]
[[ 0.05413733 -0.05499496 -0.05099773 -0.16119277 -0.04491355  0.00212615
  -0.07802539 -0.02660546 -0.0945446  -0.03139421 -0.0874606  -0.06393499
  -0.09971366  0.16319303 -0.03328307  0.18947816 -0.08576259  0.05307379
  -0.03156975  0.09217317  0.03308767  0.19587612 -0.14087619  0.01472593
   0.16361977 -0.06823933  0.1215024   0.0454308   0.14554228 -0.0600055
  -0.05638275  0.00770608  0.03316421 -0.05184339 -0.02394124  0.05229503
   0.01255464 -0.07280734  0.20221782 -0.0570019  -0.04706866 -0.04776281
  -0.10495305 -0.04154589 -0.03307392 -0.08664061  0.10040367 -0.07487857
  -0.0554629   0.02546827 -0.11157493  0.00109799  0.21719047 -0.04824767
   0.0412391  -0.01505544 -0.09036629  0.00088546  0.07998762 -0.08418378
   0.10120514 -0.05649957  0.23789    -0.06734859  0.15136598  0.20591822
   0.07228155  0.19047974 -0.09084492  0.13575569 -0.04570412  0.06925053
   0.06143365  0.05694855  0.04851907 -0.09232563 -0.04092922 -0.04593242
   0.08762109 -0.08844805 -0.03847031  0.03900519 -0.07682552 -0.03004341
  -0.00719342 -0.12966153 -0.02740416 -0.06134273  0.13589069  0.10230824
   0.08616335  0.05973414 -0.01896605 -0.07138689  0.13657235 -0.08533712
  -0.08516481 -0.09080997 -0.07520039  0.0343018  -0.01650877  0.04790452
  -0.0164574   0.10976477 -0.0931895   0.05220284 -0.08522892  0.16407204
   0.0821647   0.08074134 -0.07477003 -0.07339022  0.11534051 -0.0692961
   0.02375066 -0.03761802 -0.05373855 -0.02479216 -0.07144127  0.08215863
   0.06427906  0.00130594 -0.02020086 -0.08028501  0.04248748  0.0069555
  -0.07793872 -0.04910697]]
[[ 0.05413733 -0.05499496 -0.05099773 -0.16119277 -0.04491355  0.00212615
  -0.07802539 -0.02660546 -0.0945446  -0.03139421 -0.0874606  -0.06393499
  -0.09971366  0.16319303 -0.03328307  0.18947816 -0.08576259  0.05307379
  -0.03156975  0.09217317  0.03308767  0.19587612 -0.14087619  0.01472593
   0.16361977 -0.06823933  0.1215024   0.0454308   0.14554228 -0.0600055
  -0.05638275  0.00770608  0.03316421 -0.05184339 -0.02394124  0.05229503
   0.01255464 -0.07280734  0.20221782 -0.0570019  -0.04706866 -0.04776281
  -0.10495305 -0.04154589 -0.03307392 -0.08664061  0.10040367 -0.07487857
  -0.0554629   0.02546827 -0.11157493  0.00109799  0.21719047 -0.04824767
   0.0412391  -0.01505544 -0.09036629  0.00088546  0.07998762 -0.08418378
   0.10120514 -0.05649957  0.23789    -0.06734859  0.15136598  0.20591822
   0.07228155  0.19047974 -0.09084492  0.13575569 -0.04570412  0.06925053
   0.06143365  0.05694855  0.04851907 -0.09232563 -0.04092922 -0.04593242
   0.08762109 -0.08844805 -0.03847031  0.03900519 -0.07682552 -0.03004341
  -0.00719342 -0.12966153 -0.02740416 -0.06134273  0.13589069  0.10230824
   0.08616335  0.05973414 -0.01896605 -0.07138689  0.13657235 -0.08533712
  -0.08516481 -0.09080997 -0.07520039  0.0343018  -0.01650877  0.04790452
  -0.0164574   0.10976477 -0.0931895   0.05220284 -0.08522892  0.16407204
   0.0821647   0.08074134 -0.07477003 -0.07339022  0.11534051 -0.0692961
   0.02375066 -0.03761802 -0.05373855 -0.02479216 -0.07144127  0.08215863
   0.06427906  0.00130594 -0.02020086 -0.08028501  0.04248748  0.0069555
  -0.07793872 -0.04910697]]
[[ 0.05413733 -0.05499496 -0.05099773 -0.16119277 -0.04491355  0.00212615
  -0.07802539 -0.02660546 -0.0945446  -0.03139421 -0.0874606  -0.06393499
  -0.09971366  0.16319303 -0.03328307  0.18947816 -0.08576259  0.05307379
  -0.03156975  0.09217317  0.03308767  0.19587612 -0.14087619  0.01472593
   0.16361977 -0.06823933  0.1215024   0.0454308   0.14554228 -0.0600055
  -0.05638275  0.00770608  0.03316421 -0.05184339 -0.02394124  0.05229503
   0.01255464 -0.07280734  0.20221782 -0.0570019  -0.04706866 -0.04776281
  -0.10495305 -0.04154589 -0.03307392 -0.08664061  0.10040367 -0.07487857
  -0.0554629   0.02546827 -0.11157493  0.00109799  0.21719047 -0.04824767
   0.0412391  -0.01505544 -0.09036629  0.00088546  0.07998762 -0.08418378
   0.10120514 -0.05649957  0.23789    -0.06734859  0.15136598  0.20591822
   0.07228155  0.19047974 -0.09084492  0.13575569 -0.04570412  0.06925053
   0.06143365  0.05694855  0.04851907 -0.09232563 -0.04092922 -0.04593242
   0.08762109 -0.08844805 -0.03847031  0.03900519 -0.07682552 -0.03004341
  -0.00719342 -0.12966153 -0.02740416 -0.06134273  0.13589069  0.10230824
   0.08616335  0.05973414 -0.01896605 -0.07138689  0.13657235 -0.08533712
  -0.08516481 -0.09080997 -0.07520039  0.0343018  -0.01650877  0.04790452
  -0.0164574   0.10976477 -0.0931895   0.05220284 -0.08522892  0.16407204
   0.0821647   0.08074134 -0.07477003 -0.07339022  0.11534051 -0.0692961
   0.02375066 -0.03761802 -0.05373855 -0.02479216 -0.07144127  0.08215863
   0.06427906  0.00130594 -0.02020086 -0.08028501  0.04248748  0.0069555
  -0.07793872 -0.04910697]]
[[ 0.05413733 -0.05499496 -0.05099773 -0.16119277 -0.04491355  0.00212615
  -0.07802539 -0.02660546 -0.0945446  -0.03139421 -0.0874606  -0.06393499
  -0.09971366  0.16319303 -0.03328307  0.18947816 -0.08576259  0.05307379
  -0.03156975  0.09217317  0.03308767  0.19587612 -0.14087619  0.01472593
   0.16361977 -0.06823933  0.1215024   0.0454308   0.14554228 -0.0600055
  -0.05638275  0.00770608  0.03316421 -0.05184339 -0.02394124  0.05229503
   0.01255464 -0.07280734  0.20221782 -0.0570019  -0.04706866 -0.04776281
  -0.10495305 -0.04154589 -0.03307392 -0.08664061  0.10040367 -0.07487857
  -0.0554629   0.02546827 -0.11157493  0.00109799  0.21719047 -0.04824767
   0.0412391  -0.01505544 -0.09036629  0.00088546  0.07998762 -0.08418378
   0.10120514 -0.05649957  0.23789    -0.06734859  0.15136598  0.20591822
   0.07228155  0.19047974 -0.09084492  0.13575569 -0.04570412  0.06925053
   0.06143365  0.05694855  0.04851907 -0.09232563 -0.04092922 -0.04593242
   0.08762109 -0.08844805 -0.03847031  0.03900519 -0.07682552 -0.03004341
  -0.00719342 -0.12966153 -0.02740416 -0.06134273  0.13589069  0.10230824
   0.08616335  0.05973414 -0.01896605 -0.07138689  0.13657235 -0.08533712
  -0.08516481 -0.09080997 -0.07520039  0.0343018  -0.01650877  0.04790452
  -0.0164574   0.10976477 -0.0931895   0.05220284 -0.08522892  0.16407204
   0.0821647   0.08074134 -0.07477003 -0.07339022  0.11534051 -0.0692961
   0.02375066 -0.03761802 -0.05373855 -0.02479216 -0.07144127  0.08215863
   0.06427906  0.00130594 -0.02020086 -0.08028501  0.04248748  0.0069555
  -0.07793872 -0.04910697]]
