[[ 0.09833413 -0.06711259 -0.07103243 -0.18269119 -0.05706993  0.01873915
  -0.07593837 -0.03605957 -0.08448017 -0.02984138 -0.08957632 -0.02641285
  -0.09651795  0.16410552 -0.02519391  0.17354938 -0.0867523   0.05289709
  -0.02829993  0.09674713  0.03460844  0.17770812 -0.13846123  0.02944982
   0.12701866 -0.07384951  0.15439029  0.03799267  0.17210265 -0.06269783
  -0.05023478  0.01524785  0.05484289 -0.04290103 -0.0242975   0.04690116
   0.0298258  -0.07857069  0.20612624 -0.05590723 -0.04505365 -0.04120097
  -0.10078136 -0.02809946 -0.02986493 -0.08387414  0.11974677 -0.07384969
  -0.05077912  0.02296359 -0.11327033 -0.00598565  0.22873172 -0.05434678
   0.07679395 -0.00745152 -0.08793767 -0.00052329  0.09366772 -0.08537491
   0.09750419 -0.04758865  0.22531915 -0.08232191  0.16616859  0.20096387
   0.07205325  0.17436472 -0.09589802  0.14216518 -0.0500816   0.04852806
   0.05744341  0.04203375  0.04811916 -0.08748991 -0.0252961  -0.04871716
   0.07324926 -0.09579442 -0.01969522  0.07027015 -0.08221944 -0.0133263
  -0.01311671 -0.11634629 -0.03622967 -0.04619321  0.12318946  0.08960499
   0.04684776  0.04729436 -0.02757473 -0.07184142  0.1415273  -0.07703327
  -0.08170749 -0.088949   -0.07896797  0.03418394 -0.01645452  0.0492503
  -0.03346905  0.08407849 -0.08920618  0.06171419 -0.08100513  0.14258447
   0.07986318  0.08462131 -0.07613178 -0.07503784  0.13203758 -0.06829724
   0.05639828 -0.03729076 -0.05025117 -0.00774088 -0.06775372  0.1044317
   0.04643008 -0.01254876 -0.0237258  -0.08268365  0.0699745   0.00427588
  -0.07558125 -0.04997088]]
[[ 0.09833413 -0.06711259 -0.07103243 -0.18269119 -0.05706993  0.01873915
  -0.07593837 -0.03605957 -0.08448017 -0.02984138 -0.08957632 -0.02641285
  -0.09651795  0.16410552 -0.02519391  0.17354938 -0.0867523   0.05289709
  -0.02829993  0.09674713  0.03460844  0.17770812 -0.13846123  0.02944982
   0.12701866 -0.07384951  0.15439029  0.03799267  0.17210265 -0.06269783
  -0.05023478  0.01524785  0.05484289 -0.04290103 -0.0242975   0.04690116
   0.0298258  -0.07857069  0.20612624 -0.05590723 -0.04505365 -0.04120097
  -0.10078136 -0.02809946 -0.02986493 -0.08387414  0.11974677 -0.07384969
  -0.05077912  0.02296359 -0.11327033 -0.00598565  0.22873172 -0.05434678
   0.07679395 -0.00745152 -0.08793767 -0.00052329  0.09366772 -0.08537491
   0.09750419 -0.04758865  0.22531915 -0.08232191  0.16616859  0.20096387
   0.07205325  0.17436472 -0.09589802  0.14216518 -0.0500816   0.04852806
   0.05744341  0.04203375  0.04811916 -0.08748991 -0.0252961  -0.04871716
   0.07324926 -0.09579442 -0.01969522  0.07027015 -0.08221944 -0.0133263
  -0.01311671 -0.11634629 -0.03622967 -0.04619321  0.12318946  0.08960499
   0.04684776  0.04729436 -0.02757473 -0.07184142  0.1415273  -0.07703327
  -0.08170749 -0.088949   -0.07896797  0.03418394 -0.01645452  0.0492503
  -0.03346905  0.08407849 -0.08920618  0.06171419 -0.08100513  0.14258447
   0.07986318  0.08462131 -0.07613178 -0.07503784  0.13203758 -0.06829724
   0.05639828 -0.03729076 -0.05025117 -0.00774088 -0.06775372  0.1044317
   0.04643008 -0.01254876 -0.0237258  -0.08268365  0.0699745   0.00427588
  -0.07558125 -0.04997088]]
[[ 0.09833413 -0.06711259 -0.07103243 -0.18269119 -0.05706993  0.01873915
  -0.07593837 -0.03605957 -0.08448017 -0.02984138 -0.08957632 -0.02641285
  -0.09651795  0.16410552 -0.02519391  0.17354938 -0.0867523   0.05289709
  -0.02829993  0.09674713  0.03460844  0.17770812 -0.13846123  0.02944982
   0.12701866 -0.07384951  0.15439029  0.03799267  0.17210265 -0.06269783
  -0.05023478  0.01524785  0.05484289 -0.04290103 -0.0242975   0.04690116
   0.0298258  -0.07857069  0.20612624 -0.05590723 -0.04505365 -0.04120097
  -0.10078136 -0.02809946 -0.02986493 -0.08387414  0.11974677 -0.07384969
  -0.05077912  0.02296359 -0.11327033 -0.00598565  0.22873172 -0.05434678
   0.07679395 -0.00745152 -0.08793767 -0.00052329  0.09366772 -0.08537491
   0.09750419 -0.04758865  0.22531915 -0.08232191  0.16616859  0.20096387
   0.07205325  0.17436472 -0.09589802  0.14216518 -0.0500816   0.04852806
   0.05744341  0.04203375  0.04811916 -0.08748991 -0.0252961  -0.04871716
   0.07324926 -0.09579442 -0.01969522  0.07027015 -0.08221944 -0.0133263
  -0.01311671 -0.11634629 -0.03622967 -0.04619321  0.12318946  0.08960499
   0.04684776  0.04729436 -0.02757473 -0.07184142  0.1415273  -0.07703327
  -0.08170749 -0.088949   -0.07896797  0.03418394 -0.01645452  0.0492503
  -0.03346905  0.08407849 -0.08920618  0.06171419 -0.08100513  0.14258447
   0.07986318  0.08462131 -0.07613178 -0.07503784  0.13203758 -0.06829724
   0.05639828 -0.03729076 -0.05025117 -0.00774088 -0.06775372  0.1044317
   0.04643008 -0.01254876 -0.0237258  -0.08268365  0.0699745   0.00427588
  -0.07558125 -0.04997088]]
[[ 0.09833413 -0.06711259 -0.07103243 -0.18269119 -0.05706993  0.01873915
  -0.07593837 -0.03605957 -0.08448017 -0.02984138 -0.08957632 -0.02641285
  -0.09651795  0.16410552 -0.02519391  0.17354938 -0.0867523   0.05289709
  -0.02829993  0.09674713  0.03460844  0.17770812 -0.13846123  0.02944982
   0.12701866 -0.07384951  0.15439029  0.03799267  0.17210265 -0.06269783
  -0.05023478  0.01524785  0.05484289 -0.04290103 -0.0242975   0.04690116
   0.0298258  -0.07857069  0.20612624 -0.05590723 -0.04505365 -0.04120097
  -0.10078136 -0.02809946 -0.02986493 -0.08387414  0.11974677 -0.07384969
  -0.05077912  0.02296359 -0.11327033 -0.00598565  0.22873172 -0.05434678
   0.07679395 -0.00745152 -0.08793767 -0.00052329  0.09366772 -0.08537491
   0.09750419 -0.04758865  0.22531915 -0.08232191  0.16616859  0.20096387
   0.07205325  0.17436472 -0.09589802  0.14216518 -0.0500816   0.04852806
   0.05744341  0.04203375  0.04811916 -0.08748991 -0.0252961  -0.04871716
   0.07324926 -0.09579442 -0.01969522  0.07027015 -0.08221944 -0.0133263
  -0.01311671 -0.11634629 -0.03622967 -0.04619321  0.12318946  0.08960499
   0.04684776  0.04729436 -0.02757473 -0.07184142  0.1415273  -0.07703327
  -0.08170749 -0.088949   -0.07896797  0.03418394 -0.01645452  0.0492503
  -0.03346905  0.08407849 -0.08920618  0.06171419 -0.08100513  0.14258447
   0.07986318  0.08462131 -0.07613178 -0.07503784  0.13203758 -0.06829724
   0.05639828 -0.03729076 -0.05025117 -0.00774088 -0.06775372  0.1044317
   0.04643008 -0.01254876 -0.0237258  -0.08268365  0.0699745   0.00427588
  -0.07558125 -0.04997088]]
[[ 0.09833413 -0.06711259 -0.07103243 -0.18269119 -0.05706993  0.01873915
  -0.07593837 -0.03605957 -0.08448017 -0.02984138 -0.08957632 -0.02641285
  -0.09651795  0.16410552 -0.02519391  0.17354938 -0.0867523   0.05289709
  -0.02829993  0.09674713  0.03460844  0.17770812 -0.13846123  0.02944982
   0.12701866 -0.07384951  0.15439029  0.03799267  0.17210265 -0.06269783
  -0.05023478  0.01524785  0.05484289 -0.04290103 -0.0242975   0.04690116
   0.0298258  -0.07857069  0.20612624 -0.05590723 -0.04505365 -0.04120097
  -0.10078136 -0.02809946 -0.02986493 -0.08387414  0.11974677 -0.07384969
  -0.05077912  0.02296359 -0.11327033 -0.00598565  0.22873172 -0.05434678
   0.07679395 -0.00745152 -0.08793767 -0.00052329  0.09366772 -0.08537491
   0.09750419 -0.04758865  0.22531915 -0.08232191  0.16616859  0.20096387
   0.07205325  0.17436472 -0.09589802  0.14216518 -0.0500816   0.04852806
   0.05744341  0.04203375  0.04811916 -0.08748991 -0.0252961  -0.04871716
   0.07324926 -0.09579442 -0.01969522  0.07027015 -0.08221944 -0.0133263
  -0.01311671 -0.11634629 -0.03622967 -0.04619321  0.12318946  0.08960499
   0.04684776  0.04729436 -0.02757473 -0.07184142  0.1415273  -0.07703327
  -0.08170749 -0.088949   -0.07896797  0.03418394 -0.01645452  0.0492503
  -0.03346905  0.08407849 -0.08920618  0.06171419 -0.08100513  0.14258447
   0.07986318  0.08462131 -0.07613178 -0.07503784  0.13203758 -0.06829724
   0.05639828 -0.03729076 -0.05025117 -0.00774088 -0.06775372  0.1044317
   0.04643008 -0.01254876 -0.0237258  -0.08268365  0.0699745   0.00427588
  -0.07558125 -0.04997088]]
[[ 0.09833413 -0.06711259 -0.07103243 -0.18269119 -0.05706993  0.01873915
  -0.07593837 -0.03605957 -0.08448017 -0.02984138 -0.08957632 -0.02641285
  -0.09651795  0.16410552 -0.02519391  0.17354938 -0.0867523   0.05289709
  -0.02829993  0.09674713  0.03460844  0.17770812 -0.13846123  0.02944982
   0.12701866 -0.07384951  0.15439029  0.03799267  0.17210265 -0.06269783
  -0.05023478  0.01524785  0.05484289 -0.04290103 -0.0242975   0.04690116
   0.0298258  -0.07857069  0.20612624 -0.05590723 -0.04505365 -0.04120097
  -0.10078136 -0.02809946 -0.02986493 -0.08387414  0.11974677 -0.07384969
  -0.05077912  0.02296359 -0.11327033 -0.00598565  0.22873172 -0.05434678
   0.07679395 -0.00745152 -0.08793767 -0.00052329  0.09366772 -0.08537491
   0.09750419 -0.04758865  0.22531915 -0.08232191  0.16616859  0.20096387
   0.07205325  0.17436472 -0.09589802  0.14216518 -0.0500816   0.04852806
   0.05744341  0.04203375  0.04811916 -0.08748991 -0.0252961  -0.04871716
   0.07324926 -0.09579442 -0.01969522  0.07027015 -0.08221944 -0.0133263
  -0.01311671 -0.11634629 -0.03622967 -0.04619321  0.12318946  0.08960499
   0.04684776  0.04729436 -0.02757473 -0.07184142  0.1415273  -0.07703327
  -0.08170749 -0.088949   -0.07896797  0.03418394 -0.01645452  0.0492503
  -0.03346905  0.08407849 -0.08920618  0.06171419 -0.08100513  0.14258447
   0.07986318  0.08462131 -0.07613178 -0.07503784  0.13203758 -0.06829724
   0.05639828 -0.03729076 -0.05025117 -0.00774088 -0.06775372  0.1044317
   0.04643008 -0.01254876 -0.0237258  -0.08268365  0.0699745   0.00427588
  -0.07558125 -0.04997088]]
