[[ 0.074408   -0.07114573 -0.07060406 -0.1956052  -0.04273553 -0.00210068
  -0.08369411 -0.03913356 -0.09009659 -0.02957948 -0.08636809 -0.02688701
  -0.0885257   0.1355344  -0.0375844   0.16024102 -0.07703019  0.08060268
  -0.06061824  0.04075918  0.05952114  0.17825755 -0.10261595  0.03975625
   0.13017604 -0.0759256   0.13568509  0.03306365  0.14271642 -0.05383604
  -0.06593052  0.0076945   0.05430821 -0.0500866  -0.03937311 -0.00667016
   0.05802332 -0.08598446  0.1938691  -0.01885387 -0.03828933 -0.06867091
  -0.10232801 -0.04400177 -0.04478314 -0.08647192  0.13259067 -0.07710148
  -0.06288145  0.01132749 -0.10500067  0.00329639  0.19658099 -0.03932571
   0.04511354 -0.02690368 -0.05567145 -0.01090112  0.10521957 -0.08724006
   0.09131438 -0.05703712  0.26577237 -0.07992753  0.17104903  0.19699886
   0.0608561   0.17024857 -0.07930531  0.13867562 -0.04895485  0.07008264
   0.06267394  0.07801099  0.0255474  -0.09755604  0.00511594 -0.04304866
   0.08431707 -0.10364204  0.03202448  0.0670366  -0.08013935 -0.05493381
   0.01424947 -0.09542891 -0.04986789 -0.03299849  0.09543941  0.07551348
   0.04031986  0.04995665 -0.02617691 -0.06931111  0.16597003 -0.06697594
  -0.07464696 -0.08757962 -0.09058432  0.05703424  0.01041041  0.08988253
  -0.03054979  0.16132832 -0.08405391  0.07136316 -0.08010378  0.16790174
   0.07361956  0.109349   -0.07379065 -0.07120428  0.11625062 -0.05643123
   0.08571536 -0.02851199 -0.05720506 -0.04105694 -0.06401507  0.06842004
   0.08253699 -0.02984048 -0.01620085 -0.07374607  0.04978973  0.02065401
  -0.07357003 -0.04103219]]
[[ 0.074408   -0.07114573 -0.07060406 -0.1956052  -0.04273553 -0.00210068
  -0.08369411 -0.03913356 -0.09009659 -0.02957948 -0.08636809 -0.02688701
  -0.0885257   0.1355344  -0.0375844   0.16024102 -0.07703019  0.08060268
  -0.06061824  0.04075918  0.05952114  0.17825755 -0.10261595  0.03975625
   0.13017604 -0.0759256   0.13568509  0.03306365  0.14271642 -0.05383604
  -0.06593052  0.0076945   0.05430821 -0.0500866  -0.03937311 -0.00667016
   0.05802332 -0.08598446  0.1938691  -0.01885387 -0.03828933 -0.06867091
  -0.10232801 -0.04400177 -0.04478314 -0.08647192  0.13259067 -0.07710148
  -0.06288145  0.01132749 -0.10500067  0.00329639  0.19658099 -0.03932571
   0.04511354 -0.02690368 -0.05567145 -0.01090112  0.10521957 -0.08724006
   0.09131438 -0.05703712  0.26577237 -0.07992753  0.17104903  0.19699886
   0.0608561   0.17024857 -0.07930531  0.13867562 -0.04895485  0.07008264
   0.06267394  0.07801099  0.0255474  -0.09755604  0.00511594 -0.04304866
   0.08431707 -0.10364204  0.03202448  0.0670366  -0.08013935 -0.05493381
   0.01424947 -0.09542891 -0.04986789 -0.03299849  0.09543941  0.07551348
   0.04031986  0.04995665 -0.02617691 -0.06931111  0.16597003 -0.06697594
  -0.07464696 -0.08757962 -0.09058432  0.05703424  0.01041041  0.08988253
  -0.03054979  0.16132832 -0.08405391  0.07136316 -0.08010378  0.16790174
   0.07361956  0.109349   -0.07379065 -0.07120428  0.11625062 -0.05643123
   0.08571536 -0.02851199 -0.05720506 -0.04105694 -0.06401507  0.06842004
   0.08253699 -0.02984048 -0.01620085 -0.07374607  0.04978973  0.02065401
  -0.07357003 -0.04103219]]
[[ 0.074408   -0.07114573 -0.07060406 -0.1956052  -0.04273553 -0.00210068
  -0.08369411 -0.03913356 -0.09009659 -0.02957948 -0.08636809 -0.02688701
  -0.0885257   0.1355344  -0.0375844   0.16024102 -0.07703019  0.08060268
  -0.06061824  0.04075918  0.05952114  0.17825755 -0.10261595  0.03975625
   0.13017604 -0.0759256   0.13568509  0.03306365  0.14271642 -0.05383604
  -0.06593052  0.0076945   0.05430821 -0.0500866  -0.03937311 -0.00667016
   0.05802332 -0.08598446  0.1938691  -0.01885387 -0.03828933 -0.06867091
  -0.10232801 -0.04400177 -0.04478314 -0.08647192  0.13259067 -0.07710148
  -0.06288145  0.01132749 -0.10500067  0.00329639  0.19658099 -0.03932571
   0.04511354 -0.02690368 -0.05567145 -0.01090112  0.10521957 -0.08724006
   0.09131438 -0.05703712  0.26577237 -0.07992753  0.17104903  0.19699886
   0.0608561   0.17024857 -0.07930531  0.13867562 -0.04895485  0.07008264
   0.06267394  0.07801099  0.0255474  -0.09755604  0.00511594 -0.04304866
   0.08431707 -0.10364204  0.03202448  0.0670366  -0.08013935 -0.05493381
   0.01424947 -0.09542891 -0.04986789 -0.03299849  0.09543941  0.07551348
   0.04031986  0.04995665 -0.02617691 -0.06931111  0.16597003 -0.06697594
  -0.07464696 -0.08757962 -0.09058432  0.05703424  0.01041041  0.08988253
  -0.03054979  0.16132832 -0.08405391  0.07136316 -0.08010378  0.16790174
   0.07361956  0.109349   -0.07379065 -0.07120428  0.11625062 -0.05643123
   0.08571536 -0.02851199 -0.05720506 -0.04105694 -0.06401507  0.06842004
   0.08253699 -0.02984048 -0.01620085 -0.07374607  0.04978973  0.02065401
  -0.07357003 -0.04103219]]
[[ 0.074408   -0.07114573 -0.07060406 -0.1956052  -0.04273553 -0.00210068
  -0.08369411 -0.03913356 -0.09009659 -0.02957948 -0.08636809 -0.02688701
  -0.0885257   0.1355344  -0.0375844   0.16024102 -0.07703019  0.08060268
  -0.06061824  0.04075918  0.05952114  0.17825755 -0.10261595  0.03975625
   0.13017604 -0.0759256   0.13568509  0.03306365  0.14271642 -0.05383604
  -0.06593052  0.0076945   0.05430821 -0.0500866  -0.03937311 -0.00667016
   0.05802332 -0.08598446  0.1938691  -0.01885387 -0.03828933 -0.06867091
  -0.10232801 -0.04400177 -0.04478314 -0.08647192  0.13259067 -0.07710148
  -0.06288145  0.01132749 -0.10500067  0.00329639  0.19658099 -0.03932571
   0.04511354 -0.02690368 -0.05567145 -0.01090112  0.10521957 -0.08724006
   0.09131438 -0.05703712  0.26577237 -0.07992753  0.17104903  0.19699886
   0.0608561   0.17024857 -0.07930531  0.13867562 -0.04895485  0.07008264
   0.06267394  0.07801099  0.0255474  -0.09755604  0.00511594 -0.04304866
   0.08431707 -0.10364204  0.03202448  0.0670366  -0.08013935 -0.05493381
   0.01424947 -0.09542891 -0.04986789 -0.03299849  0.09543941  0.07551348
   0.04031986  0.04995665 -0.02617691 -0.06931111  0.16597003 -0.06697594
  -0.07464696 -0.08757962 -0.09058432  0.05703424  0.01041041  0.08988253
  -0.03054979  0.16132832 -0.08405391  0.07136316 -0.08010378  0.16790174
   0.07361956  0.109349   -0.07379065 -0.07120428  0.11625062 -0.05643123
   0.08571536 -0.02851199 -0.05720506 -0.04105694 -0.06401507  0.06842004
   0.08253699 -0.02984048 -0.01620085 -0.07374607  0.04978973  0.02065401
  -0.07357003 -0.04103219]]
[[ 0.074408   -0.07114573 -0.07060406 -0.1956052  -0.04273553 -0.00210068
  -0.08369411 -0.03913356 -0.09009659 -0.02957948 -0.08636809 -0.02688701
  -0.0885257   0.1355344  -0.0375844   0.16024102 -0.07703019  0.08060268
  -0.06061824  0.04075918  0.05952114  0.17825755 -0.10261595  0.03975625
   0.13017604 -0.0759256   0.13568509  0.03306365  0.14271642 -0.05383604
  -0.06593052  0.0076945   0.05430821 -0.0500866  -0.03937311 -0.00667016
   0.05802332 -0.08598446  0.1938691  -0.01885387 -0.03828933 -0.06867091
  -0.10232801 -0.04400177 -0.04478314 -0.08647192  0.13259067 -0.07710148
  -0.06288145  0.01132749 -0.10500067  0.00329639  0.19658099 -0.03932571
   0.04511354 -0.02690368 -0.05567145 -0.01090112  0.10521957 -0.08724006
   0.09131438 -0.05703712  0.26577237 -0.07992753  0.17104903  0.19699886
   0.0608561   0.17024857 -0.07930531  0.13867562 -0.04895485  0.07008264
   0.06267394  0.07801099  0.0255474  -0.09755604  0.00511594 -0.04304866
   0.08431707 -0.10364204  0.03202448  0.0670366  -0.08013935 -0.05493381
   0.01424947 -0.09542891 -0.04986789 -0.03299849  0.09543941  0.07551348
   0.04031986  0.04995665 -0.02617691 -0.06931111  0.16597003 -0.06697594
  -0.07464696 -0.08757962 -0.09058432  0.05703424  0.01041041  0.08988253
  -0.03054979  0.16132832 -0.08405391  0.07136316 -0.08010378  0.16790174
   0.07361956  0.109349   -0.07379065 -0.07120428  0.11625062 -0.05643123
   0.08571536 -0.02851199 -0.05720506 -0.04105694 -0.06401507  0.06842004
   0.08253699 -0.02984048 -0.01620085 -0.07374607  0.04978973  0.02065401
  -0.07357003 -0.04103219]]
[[ 0.074408   -0.07114573 -0.07060406 -0.1956052  -0.04273553 -0.00210068
  -0.08369411 -0.03913356 -0.09009659 -0.02957948 -0.08636809 -0.02688701
  -0.0885257   0.1355344  -0.0375844   0.16024102 -0.07703019  0.08060268
  -0.06061824  0.04075918  0.05952114  0.17825755 -0.10261595  0.03975625
   0.13017604 -0.0759256   0.13568509  0.03306365  0.14271642 -0.05383604
  -0.06593052  0.0076945   0.05430821 -0.0500866  -0.03937311 -0.00667016
   0.05802332 -0.08598446  0.1938691  -0.01885387 -0.03828933 -0.06867091
  -0.10232801 -0.04400177 -0.04478314 -0.08647192  0.13259067 -0.07710148
  -0.06288145  0.01132749 -0.10500067  0.00329639  0.19658099 -0.03932571
   0.04511354 -0.02690368 -0.05567145 -0.01090112  0.10521957 -0.08724006
   0.09131438 -0.05703712  0.26577237 -0.07992753  0.17104903  0.19699886
   0.0608561   0.17024857 -0.07930531  0.13867562 -0.04895485  0.07008264
   0.06267394  0.07801099  0.0255474  -0.09755604  0.00511594 -0.04304866
   0.08431707 -0.10364204  0.03202448  0.0670366  -0.08013935 -0.05493381
   0.01424947 -0.09542891 -0.04986789 -0.03299849  0.09543941  0.07551348
   0.04031986  0.04995665 -0.02617691 -0.06931111  0.16597003 -0.06697594
  -0.07464696 -0.08757962 -0.09058432  0.05703424  0.01041041  0.08988253
  -0.03054979  0.16132832 -0.08405391  0.07136316 -0.08010378  0.16790174
   0.07361956  0.109349   -0.07379065 -0.07120428  0.11625062 -0.05643123
   0.08571536 -0.02851199 -0.05720506 -0.04105694 -0.06401507  0.06842004
   0.08253699 -0.02984048 -0.01620085 -0.07374607  0.04978973  0.02065401
  -0.07357003 -0.04103219]]
