[[ 0.08566211 -0.0523527  -0.023071   -0.17927696 -0.03218917  0.00367372
  -0.05999612 -0.07359095 -0.08520849  0.02073381 -0.08468922  0.00836796
  -0.04614827  0.16111858 -0.03599445  0.20237257 -0.07443964  0.07839749
  -0.02795884  0.14106932  0.00091255  0.11743087 -0.13762987  0.07132588
   0.10126783 -0.06711545  0.13883328  0.06258208  0.17767298 -0.057163
  -0.03049583  0.0253077   0.08785079 -0.07104891 -0.03977872  0.04024526
   0.06469516 -0.07672799  0.17550918 -0.04986906 -0.03269771 -0.04060939
  -0.10267241 -0.00143389 -0.06393657 -0.08464049  0.12227734 -0.07077769
  -0.05022469 -0.01732386 -0.08748747  0.08691956  0.17699242 -0.02934686
   0.06687115 -0.01086566 -0.00067593 -0.00091196  0.10153635 -0.06906553
   0.11060747 -0.03866459  0.2095828  -0.06029013  0.19728611  0.19951817
   0.06399351  0.14679158 -0.08092506  0.13082814 -0.069313    0.05232091
   0.05038445  0.08219276  0.05542277 -0.08020364 -0.01647809 -0.03727816
   0.09243822 -0.1039827  -0.02635046  0.0960897  -0.07466206 -0.04987779
   0.01961777 -0.08031361 -0.01013541 -0.03904324  0.05310373  0.12004478
   0.057993    0.06243174 -0.0295719  -0.06046021  0.19017376 -0.04322154
  -0.07174867 -0.06856047 -0.07652968  0.06382426  0.04162626  0.0784223
  -0.0369778   0.11563559 -0.09128647  0.11099181 -0.06134769  0.18117376
   0.10469837  0.0951461  -0.05103913 -0.06816153  0.19058497 -0.06780829
   0.11007336 -0.01273535 -0.05092435  0.02901229 -0.04476409  0.11317222
   0.04187233 -0.01186282 -0.01349136 -0.07030015  0.05462654 -0.00535013
  -0.05656205 -0.04353872]]
[[ 0.08566211 -0.0523527  -0.023071   -0.17927696 -0.03218917  0.00367372
  -0.05999612 -0.07359095 -0.08520849  0.02073381 -0.08468922  0.00836796
  -0.04614827  0.16111858 -0.03599445  0.20237257 -0.07443964  0.07839749
  -0.02795884  0.14106932  0.00091255  0.11743087 -0.13762987  0.07132588
   0.10126783 -0.06711545  0.13883328  0.06258208  0.17767298 -0.057163
  -0.03049583  0.0253077   0.08785079 -0.07104891 -0.03977872  0.04024526
   0.06469516 -0.07672799  0.17550918 -0.04986906 -0.03269771 -0.04060939
  -0.10267241 -0.00143389 -0.06393657 -0.08464049  0.12227734 -0.07077769
  -0.05022469 -0.01732386 -0.08748747  0.08691956  0.17699242 -0.02934686
   0.06687115 -0.01086566 -0.00067593 -0.00091196  0.10153635 -0.06906553
   0.11060747 -0.03866459  0.2095828  -0.06029013  0.19728611  0.19951817
   0.06399351  0.14679158 -0.08092506  0.13082814 -0.069313    0.05232091
   0.05038445  0.08219276  0.05542277 -0.08020364 -0.01647809 -0.03727816
   0.09243822 -0.1039827  -0.02635046  0.0960897  -0.07466206 -0.04987779
   0.01961777 -0.08031361 -0.01013541 -0.03904324  0.05310373  0.12004478
   0.057993    0.06243174 -0.0295719  -0.06046021  0.19017376 -0.04322154
  -0.07174867 -0.06856047 -0.07652968  0.06382426  0.04162626  0.0784223
  -0.0369778   0.11563559 -0.09128647  0.11099181 -0.06134769  0.18117376
   0.10469837  0.0951461  -0.05103913 -0.06816153  0.19058497 -0.06780829
   0.11007336 -0.01273535 -0.05092435  0.02901229 -0.04476409  0.11317222
   0.04187233 -0.01186282 -0.01349136 -0.07030015  0.05462654 -0.00535013
  -0.05656205 -0.04353872]]
[[ 0.08566211 -0.0523527  -0.023071   -0.17927696 -0.03218917  0.00367372
  -0.05999612 -0.07359095 -0.08520849  0.02073381 -0.08468922  0.00836796
  -0.04614827  0.16111858 -0.03599445  0.20237257 -0.07443964  0.07839749
  -0.02795884  0.14106932  0.00091255  0.11743087 -0.13762987  0.07132588
   0.10126783 -0.06711545  0.13883328  0.06258208  0.17767298 -0.057163
  -0.03049583  0.0253077   0.08785079 -0.07104891 -0.03977872  0.04024526
   0.06469516 -0.07672799  0.17550918 -0.04986906 -0.03269771 -0.04060939
  -0.10267241 -0.00143389 -0.06393657 -0.08464049  0.12227734 -0.07077769
  -0.05022469 -0.01732386 -0.08748747  0.08691956  0.17699242 -0.02934686
   0.06687115 -0.01086566 -0.00067593 -0.00091196  0.10153635 -0.06906553
   0.11060747 -0.03866459  0.2095828  -0.06029013  0.19728611  0.19951817
   0.06399351  0.14679158 -0.08092506  0.13082814 -0.069313    0.05232091
   0.05038445  0.08219276  0.05542277 -0.08020364 -0.01647809 -0.03727816
   0.09243822 -0.1039827  -0.02635046  0.0960897  -0.07466206 -0.04987779
   0.01961777 -0.08031361 -0.01013541 -0.03904324  0.05310373  0.12004478
   0.057993    0.06243174 -0.0295719  -0.06046021  0.19017376 -0.04322154
  -0.07174867 -0.06856047 -0.07652968  0.06382426  0.04162626  0.0784223
  -0.0369778   0.11563559 -0.09128647  0.11099181 -0.06134769  0.18117376
   0.10469837  0.0951461  -0.05103913 -0.06816153  0.19058497 -0.06780829
   0.11007336 -0.01273535 -0.05092435  0.02901229 -0.04476409  0.11317222
   0.04187233 -0.01186282 -0.01349136 -0.07030015  0.05462654 -0.00535013
  -0.05656205 -0.04353872]]
[[ 0.08566211 -0.0523527  -0.023071   -0.17927696 -0.03218917  0.00367372
  -0.05999612 -0.07359095 -0.08520849  0.02073381 -0.08468922  0.00836796
  -0.04614827  0.16111858 -0.03599445  0.20237257 -0.07443964  0.07839749
  -0.02795884  0.14106932  0.00091255  0.11743087 -0.13762987  0.07132588
   0.10126783 -0.06711545  0.13883328  0.06258208  0.17767298 -0.057163
  -0.03049583  0.0253077   0.08785079 -0.07104891 -0.03977872  0.04024526
   0.06469516 -0.07672799  0.17550918 -0.04986906 -0.03269771 -0.04060939
  -0.10267241 -0.00143389 -0.06393657 -0.08464049  0.12227734 -0.07077769
  -0.05022469 -0.01732386 -0.08748747  0.08691956  0.17699242 -0.02934686
   0.06687115 -0.01086566 -0.00067593 -0.00091196  0.10153635 -0.06906553
   0.11060747 -0.03866459  0.2095828  -0.06029013  0.19728611  0.19951817
   0.06399351  0.14679158 -0.08092506  0.13082814 -0.069313    0.05232091
   0.05038445  0.08219276  0.05542277 -0.08020364 -0.01647809 -0.03727816
   0.09243822 -0.1039827  -0.02635046  0.0960897  -0.07466206 -0.04987779
   0.01961777 -0.08031361 -0.01013541 -0.03904324  0.05310373  0.12004478
   0.057993    0.06243174 -0.0295719  -0.06046021  0.19017376 -0.04322154
  -0.07174867 -0.06856047 -0.07652968  0.06382426  0.04162626  0.0784223
  -0.0369778   0.11563559 -0.09128647  0.11099181 -0.06134769  0.18117376
   0.10469837  0.0951461  -0.05103913 -0.06816153  0.19058497 -0.06780829
   0.11007336 -0.01273535 -0.05092435  0.02901229 -0.04476409  0.11317222
   0.04187233 -0.01186282 -0.01349136 -0.07030015  0.05462654 -0.00535013
  -0.05656205 -0.04353872]]
[[ 0.08566211 -0.0523527  -0.023071   -0.17927696 -0.03218917  0.00367372
  -0.05999612 -0.07359095 -0.08520849  0.02073381 -0.08468922  0.00836796
  -0.04614827  0.16111858 -0.03599445  0.20237257 -0.07443964  0.07839749
  -0.02795884  0.14106932  0.00091255  0.11743087 -0.13762987  0.07132588
   0.10126783 -0.06711545  0.13883328  0.06258208  0.17767298 -0.057163
  -0.03049583  0.0253077   0.08785079 -0.07104891 -0.03977872  0.04024526
   0.06469516 -0.07672799  0.17550918 -0.04986906 -0.03269771 -0.04060939
  -0.10267241 -0.00143389 -0.06393657 -0.08464049  0.12227734 -0.07077769
  -0.05022469 -0.01732386 -0.08748747  0.08691956  0.17699242 -0.02934686
   0.06687115 -0.01086566 -0.00067593 -0.00091196  0.10153635 -0.06906553
   0.11060747 -0.03866459  0.2095828  -0.06029013  0.19728611  0.19951817
   0.06399351  0.14679158 -0.08092506  0.13082814 -0.069313    0.05232091
   0.05038445  0.08219276  0.05542277 -0.08020364 -0.01647809 -0.03727816
   0.09243822 -0.1039827  -0.02635046  0.0960897  -0.07466206 -0.04987779
   0.01961777 -0.08031361 -0.01013541 -0.03904324  0.05310373  0.12004478
   0.057993    0.06243174 -0.0295719  -0.06046021  0.19017376 -0.04322154
  -0.07174867 -0.06856047 -0.07652968  0.06382426  0.04162626  0.0784223
  -0.0369778   0.11563559 -0.09128647  0.11099181 -0.06134769  0.18117376
   0.10469837  0.0951461  -0.05103913 -0.06816153  0.19058497 -0.06780829
   0.11007336 -0.01273535 -0.05092435  0.02901229 -0.04476409  0.11317222
   0.04187233 -0.01186282 -0.01349136 -0.07030015  0.05462654 -0.00535013
  -0.05656205 -0.04353872]]
