[[ 7.4268438e-02 -5.2123483e-02 -3.2411732e-02 -1.8169272e-01
  -3.2147117e-02  2.3636045e-02 -6.1713919e-02 -7.7140234e-02
  -8.9021720e-02  4.9548787e-03 -8.4708259e-02  1.0967796e-02
  -5.7611793e-02  1.5575273e-01 -4.1373331e-02  1.9953375e-01
  -7.7547729e-02  8.7597437e-02 -3.7085265e-02  1.5169384e-01
   2.2977563e-02  1.2200871e-01 -1.3979994e-01  8.6132005e-02
   1.0585071e-01 -6.5501548e-02  1.3938281e-01  6.8013519e-02
   1.8862230e-01 -6.1052747e-02 -2.0061709e-02  2.5044115e-02
   7.6745011e-02 -5.2589417e-02 -4.2659398e-02  4.1819967e-02
   5.2187338e-02 -7.7660881e-02  2.0312442e-01 -5.5496875e-02
  -2.4290361e-02 -5.3486023e-02 -1.0200450e-01  3.3635385e-03
  -5.6083828e-02 -8.5472547e-02  1.1989201e-01 -7.3150977e-02
  -5.0608303e-02 -1.1754877e-04 -9.1591582e-02  8.4561825e-02
   1.9241361e-01 -2.6259359e-02  7.2394975e-02 -5.8114743e-03
  -9.9649094e-03  1.0010686e-03  9.8988414e-02 -7.2318681e-02
   9.9983767e-02 -3.2597542e-02  2.2062868e-01 -5.7848942e-02
   1.7108481e-01  1.8684091e-01  7.4702069e-02  1.3070258e-01
  -8.2402818e-02  1.2602711e-01 -7.1217999e-02  4.4675782e-02
   6.2387727e-02  4.6157952e-02  6.6283070e-02 -8.0156185e-02
  -2.6136078e-02 -3.7273575e-02  9.5621809e-02 -1.0628381e-01
  -2.8167590e-02  9.5371932e-02 -7.6657824e-02 -4.4165924e-02
   1.4113339e-02 -7.7031426e-02 -1.8654592e-02 -4.1155774e-02
   3.6783334e-02  1.2483252e-01  3.6639869e-02  5.7050802e-02
  -2.6261466e-02 -5.5709336e-02  1.9769922e-01 -3.8670324e-02
  -6.8131790e-02 -6.9745846e-02 -8.1332043e-02  7.1437456e-02
   3.0219333e-02  5.4210000e-02 -3.4670744e-02  1.1475825e-01
  -9.2215151e-02  1.1601173e-01 -6.1311785e-02  1.6457650e-01
   9.4284892e-02  8.9697443e-02 -5.9528317e-02 -6.8275832e-02
   1.8135171e-01 -6.7717128e-02  8.8785626e-02 -9.2100669e-03
  -5.7456680e-02  2.6897512e-02 -5.1831912e-02  1.4318411e-01
   2.5059693e-02 -9.5340814e-03 -3.3685561e-02 -7.2030351e-02
   5.5074848e-02 -1.6196104e-02 -5.9891820e-02 -3.6035419e-02]]
[[ 7.4268438e-02 -5.2123483e-02 -3.2411732e-02 -1.8169272e-01
  -3.2147117e-02  2.3636045e-02 -6.1713919e-02 -7.7140234e-02
  -8.9021720e-02  4.9548787e-03 -8.4708259e-02  1.0967796e-02
  -5.7611793e-02  1.5575273e-01 -4.1373331e-02  1.9953375e-01
  -7.7547729e-02  8.7597437e-02 -3.7085265e-02  1.5169384e-01
   2.2977563e-02  1.2200871e-01 -1.3979994e-01  8.6132005e-02
   1.0585071e-01 -6.5501548e-02  1.3938281e-01  6.8013519e-02
   1.8862230e-01 -6.1052747e-02 -2.0061709e-02  2.5044115e-02
   7.6745011e-02 -5.2589417e-02 -4.2659398e-02  4.1819967e-02
   5.2187338e-02 -7.7660881e-02  2.0312442e-01 -5.5496875e-02
  -2.4290361e-02 -5.3486023e-02 -1.0200450e-01  3.3635385e-03
  -5.6083828e-02 -8.5472547e-02  1.1989201e-01 -7.3150977e-02
  -5.0608303e-02 -1.1754877e-04 -9.1591582e-02  8.4561825e-02
   1.9241361e-01 -2.6259359e-02  7.2394975e-02 -5.8114743e-03
  -9.9649094e-03  1.0010686e-03  9.8988414e-02 -7.2318681e-02
   9.9983767e-02 -3.2597542e-02  2.2062868e-01 -5.7848942e-02
   1.7108481e-01  1.8684091e-01  7.4702069e-02  1.3070258e-01
  -8.2402818e-02  1.2602711e-01 -7.1217999e-02  4.4675782e-02
   6.2387727e-02  4.6157952e-02  6.6283070e-02 -8.0156185e-02
  -2.6136078e-02 -3.7273575e-02  9.5621809e-02 -1.0628381e-01
  -2.8167590e-02  9.5371932e-02 -7.6657824e-02 -4.4165924e-02
   1.4113339e-02 -7.7031426e-02 -1.8654592e-02 -4.1155774e-02
   3.6783334e-02  1.2483252e-01  3.6639869e-02  5.7050802e-02
  -2.6261466e-02 -5.5709336e-02  1.9769922e-01 -3.8670324e-02
  -6.8131790e-02 -6.9745846e-02 -8.1332043e-02  7.1437456e-02
   3.0219333e-02  5.4210000e-02 -3.4670744e-02  1.1475825e-01
  -9.2215151e-02  1.1601173e-01 -6.1311785e-02  1.6457650e-01
   9.4284892e-02  8.9697443e-02 -5.9528317e-02 -6.8275832e-02
   1.8135171e-01 -6.7717128e-02  8.8785626e-02 -9.2100669e-03
  -5.7456680e-02  2.6897512e-02 -5.1831912e-02  1.4318411e-01
   2.5059693e-02 -9.5340814e-03 -3.3685561e-02 -7.2030351e-02
   5.5074848e-02 -1.6196104e-02 -5.9891820e-02 -3.6035419e-02]]
[[ 7.4268438e-02 -5.2123483e-02 -3.2411732e-02 -1.8169272e-01
  -3.2147117e-02  2.3636045e-02 -6.1713919e-02 -7.7140234e-02
  -8.9021720e-02  4.9548787e-03 -8.4708259e-02  1.0967796e-02
  -5.7611793e-02  1.5575273e-01 -4.1373331e-02  1.9953375e-01
  -7.7547729e-02  8.7597437e-02 -3.7085265e-02  1.5169384e-01
   2.2977563e-02  1.2200871e-01 -1.3979994e-01  8.6132005e-02
   1.0585071e-01 -6.5501548e-02  1.3938281e-01  6.8013519e-02
   1.8862230e-01 -6.1052747e-02 -2.0061709e-02  2.5044115e-02
   7.6745011e-02 -5.2589417e-02 -4.2659398e-02  4.1819967e-02
   5.2187338e-02 -7.7660881e-02  2.0312442e-01 -5.5496875e-02
  -2.4290361e-02 -5.3486023e-02 -1.0200450e-01  3.3635385e-03
  -5.6083828e-02 -8.5472547e-02  1.1989201e-01 -7.3150977e-02
  -5.0608303e-02 -1.1754877e-04 -9.1591582e-02  8.4561825e-02
   1.9241361e-01 -2.6259359e-02  7.2394975e-02 -5.8114743e-03
  -9.9649094e-03  1.0010686e-03  9.8988414e-02 -7.2318681e-02
   9.9983767e-02 -3.2597542e-02  2.2062868e-01 -5.7848942e-02
   1.7108481e-01  1.8684091e-01  7.4702069e-02  1.3070258e-01
  -8.2402818e-02  1.2602711e-01 -7.1217999e-02  4.4675782e-02
   6.2387727e-02  4.6157952e-02  6.6283070e-02 -8.0156185e-02
  -2.6136078e-02 -3.7273575e-02  9.5621809e-02 -1.0628381e-01
  -2.8167590e-02  9.5371932e-02 -7.6657824e-02 -4.4165924e-02
   1.4113339e-02 -7.7031426e-02 -1.8654592e-02 -4.1155774e-02
   3.6783334e-02  1.2483252e-01  3.6639869e-02  5.7050802e-02
  -2.6261466e-02 -5.5709336e-02  1.9769922e-01 -3.8670324e-02
  -6.8131790e-02 -6.9745846e-02 -8.1332043e-02  7.1437456e-02
   3.0219333e-02  5.4210000e-02 -3.4670744e-02  1.1475825e-01
  -9.2215151e-02  1.1601173e-01 -6.1311785e-02  1.6457650e-01
   9.4284892e-02  8.9697443e-02 -5.9528317e-02 -6.8275832e-02
   1.8135171e-01 -6.7717128e-02  8.8785626e-02 -9.2100669e-03
  -5.7456680e-02  2.6897512e-02 -5.1831912e-02  1.4318411e-01
   2.5059693e-02 -9.5340814e-03 -3.3685561e-02 -7.2030351e-02
   5.5074848e-02 -1.6196104e-02 -5.9891820e-02 -3.6035419e-02]]
[[ 7.4268438e-02 -5.2123483e-02 -3.2411732e-02 -1.8169272e-01
  -3.2147117e-02  2.3636045e-02 -6.1713919e-02 -7.7140234e-02
  -8.9021720e-02  4.9548787e-03 -8.4708259e-02  1.0967796e-02
  -5.7611793e-02  1.5575273e-01 -4.1373331e-02  1.9953375e-01
  -7.7547729e-02  8.7597437e-02 -3.7085265e-02  1.5169384e-01
   2.2977563e-02  1.2200871e-01 -1.3979994e-01  8.6132005e-02
   1.0585071e-01 -6.5501548e-02  1.3938281e-01  6.8013519e-02
   1.8862230e-01 -6.1052747e-02 -2.0061709e-02  2.5044115e-02
   7.6745011e-02 -5.2589417e-02 -4.2659398e-02  4.1819967e-02
   5.2187338e-02 -7.7660881e-02  2.0312442e-01 -5.5496875e-02
  -2.4290361e-02 -5.3486023e-02 -1.0200450e-01  3.3635385e-03
  -5.6083828e-02 -8.5472547e-02  1.1989201e-01 -7.3150977e-02
  -5.0608303e-02 -1.1754877e-04 -9.1591582e-02  8.4561825e-02
   1.9241361e-01 -2.6259359e-02  7.2394975e-02 -5.8114743e-03
  -9.9649094e-03  1.0010686e-03  9.8988414e-02 -7.2318681e-02
   9.9983767e-02 -3.2597542e-02  2.2062868e-01 -5.7848942e-02
   1.7108481e-01  1.8684091e-01  7.4702069e-02  1.3070258e-01
  -8.2402818e-02  1.2602711e-01 -7.1217999e-02  4.4675782e-02
   6.2387727e-02  4.6157952e-02  6.6283070e-02 -8.0156185e-02
  -2.6136078e-02 -3.7273575e-02  9.5621809e-02 -1.0628381e-01
  -2.8167590e-02  9.5371932e-02 -7.6657824e-02 -4.4165924e-02
   1.4113339e-02 -7.7031426e-02 -1.8654592e-02 -4.1155774e-02
   3.6783334e-02  1.2483252e-01  3.6639869e-02  5.7050802e-02
  -2.6261466e-02 -5.5709336e-02  1.9769922e-01 -3.8670324e-02
  -6.8131790e-02 -6.9745846e-02 -8.1332043e-02  7.1437456e-02
   3.0219333e-02  5.4210000e-02 -3.4670744e-02  1.1475825e-01
  -9.2215151e-02  1.1601173e-01 -6.1311785e-02  1.6457650e-01
   9.4284892e-02  8.9697443e-02 -5.9528317e-02 -6.8275832e-02
   1.8135171e-01 -6.7717128e-02  8.8785626e-02 -9.2100669e-03
  -5.7456680e-02  2.6897512e-02 -5.1831912e-02  1.4318411e-01
   2.5059693e-02 -9.5340814e-03 -3.3685561e-02 -7.2030351e-02
   5.5074848e-02 -1.6196104e-02 -5.9891820e-02 -3.6035419e-02]]
[[ 7.4268438e-02 -5.2123483e-02 -3.2411732e-02 -1.8169272e-01
  -3.2147117e-02  2.3636045e-02 -6.1713919e-02 -7.7140234e-02
  -8.9021720e-02  4.9548787e-03 -8.4708259e-02  1.0967796e-02
  -5.7611793e-02  1.5575273e-01 -4.1373331e-02  1.9953375e-01
  -7.7547729e-02  8.7597437e-02 -3.7085265e-02  1.5169384e-01
   2.2977563e-02  1.2200871e-01 -1.3979994e-01  8.6132005e-02
   1.0585071e-01 -6.5501548e-02  1.3938281e-01  6.8013519e-02
   1.8862230e-01 -6.1052747e-02 -2.0061709e-02  2.5044115e-02
   7.6745011e-02 -5.2589417e-02 -4.2659398e-02  4.1819967e-02
   5.2187338e-02 -7.7660881e-02  2.0312442e-01 -5.5496875e-02
  -2.4290361e-02 -5.3486023e-02 -1.0200450e-01  3.3635385e-03
  -5.6083828e-02 -8.5472547e-02  1.1989201e-01 -7.3150977e-02
  -5.0608303e-02 -1.1754877e-04 -9.1591582e-02  8.4561825e-02
   1.9241361e-01 -2.6259359e-02  7.2394975e-02 -5.8114743e-03
  -9.9649094e-03  1.0010686e-03  9.8988414e-02 -7.2318681e-02
   9.9983767e-02 -3.2597542e-02  2.2062868e-01 -5.7848942e-02
   1.7108481e-01  1.8684091e-01  7.4702069e-02  1.3070258e-01
  -8.2402818e-02  1.2602711e-01 -7.1217999e-02  4.4675782e-02
   6.2387727e-02  4.6157952e-02  6.6283070e-02 -8.0156185e-02
  -2.6136078e-02 -3.7273575e-02  9.5621809e-02 -1.0628381e-01
  -2.8167590e-02  9.5371932e-02 -7.6657824e-02 -4.4165924e-02
   1.4113339e-02 -7.7031426e-02 -1.8654592e-02 -4.1155774e-02
   3.6783334e-02  1.2483252e-01  3.6639869e-02  5.7050802e-02
  -2.6261466e-02 -5.5709336e-02  1.9769922e-01 -3.8670324e-02
  -6.8131790e-02 -6.9745846e-02 -8.1332043e-02  7.1437456e-02
   3.0219333e-02  5.4210000e-02 -3.4670744e-02  1.1475825e-01
  -9.2215151e-02  1.1601173e-01 -6.1311785e-02  1.6457650e-01
   9.4284892e-02  8.9697443e-02 -5.9528317e-02 -6.8275832e-02
   1.8135171e-01 -6.7717128e-02  8.8785626e-02 -9.2100669e-03
  -5.7456680e-02  2.6897512e-02 -5.1831912e-02  1.4318411e-01
   2.5059693e-02 -9.5340814e-03 -3.3685561e-02 -7.2030351e-02
   5.5074848e-02 -1.6196104e-02 -5.9891820e-02 -3.6035419e-02]]
