[[ 0.0726079  -0.04988039 -0.02373092 -0.1815927  -0.03830239 -0.00532793
  -0.06112089 -0.07543019 -0.08412407  0.04273397 -0.08287401  0.00305402
  -0.04205647  0.17090884 -0.03479798  0.1898105  -0.06961341  0.09899405
  -0.02795352  0.13982297  0.01645676  0.10879133 -0.12986548  0.08160507
   0.10243197 -0.07112297  0.16762634  0.04859649  0.17197767 -0.04983222
  -0.03546328 -0.00684276  0.08262914 -0.05537419 -0.04492019  0.00960718
   0.06577753 -0.07887832  0.21124071 -0.05183174 -0.03979222 -0.05433311
  -0.09881715 -0.00865227 -0.05626807 -0.08184459  0.1283475  -0.07210707
  -0.05498871  0.00160776 -0.08962547  0.05910896  0.18138283 -0.03499957
   0.08290837 -0.01214202  0.0079237  -0.01516784  0.09131435 -0.07384344
   0.10272963 -0.03854924  0.21366912 -0.0666475   0.171622    0.20874076
   0.06253486  0.14612374 -0.08250275  0.11570196 -0.07026661  0.0446347
   0.05713683  0.07255752  0.05592123 -0.080481   -0.02893211 -0.03339929
   0.08418129 -0.10834016 -0.00599906  0.08212319 -0.07509302 -0.05879749
   0.00239731 -0.07798204 -0.02329852 -0.0183016   0.04363487  0.13590012
   0.02480038  0.05384547 -0.01464166 -0.06635638  0.18602674 -0.03485037
  -0.07000005 -0.0723905  -0.07591264  0.05359143  0.0281479   0.05093745
  -0.03439973  0.08832273 -0.08954041  0.11799225 -0.06327611  0.17692354
   0.11759397  0.09032031 -0.04619948 -0.06285401  0.18546045 -0.06311033
   0.13810746 -0.0197101  -0.05312968  0.02224639 -0.04307199  0.12545478
   0.05873603 -0.02812276 -0.02057209 -0.07076967  0.05705026  0.0251646
  -0.06062845 -0.04652804]]
[[ 0.0726079  -0.04988039 -0.02373092 -0.1815927  -0.03830239 -0.00532793
  -0.06112089 -0.07543019 -0.08412407  0.04273397 -0.08287401  0.00305402
  -0.04205647  0.17090884 -0.03479798  0.1898105  -0.06961341  0.09899405
  -0.02795352  0.13982297  0.01645676  0.10879133 -0.12986548  0.08160507
   0.10243197 -0.07112297  0.16762634  0.04859649  0.17197767 -0.04983222
  -0.03546328 -0.00684276  0.08262914 -0.05537419 -0.04492019  0.00960718
   0.06577753 -0.07887832  0.21124071 -0.05183174 -0.03979222 -0.05433311
  -0.09881715 -0.00865227 -0.05626807 -0.08184459  0.1283475  -0.07210707
  -0.05498871  0.00160776 -0.08962547  0.05910896  0.18138283 -0.03499957
   0.08290837 -0.01214202  0.0079237  -0.01516784  0.09131435 -0.07384344
   0.10272963 -0.03854924  0.21366912 -0.0666475   0.171622    0.20874076
   0.06253486  0.14612374 -0.08250275  0.11570196 -0.07026661  0.0446347
   0.05713683  0.07255752  0.05592123 -0.080481   -0.02893211 -0.03339929
   0.08418129 -0.10834016 -0.00599906  0.08212319 -0.07509302 -0.05879749
   0.00239731 -0.07798204 -0.02329852 -0.0183016   0.04363487  0.13590012
   0.02480038  0.05384547 -0.01464166 -0.06635638  0.18602674 -0.03485037
  -0.07000005 -0.0723905  -0.07591264  0.05359143  0.0281479   0.05093745
  -0.03439973  0.08832273 -0.08954041  0.11799225 -0.06327611  0.17692354
   0.11759397  0.09032031 -0.04619948 -0.06285401  0.18546045 -0.06311033
   0.13810746 -0.0197101  -0.05312968  0.02224639 -0.04307199  0.12545478
   0.05873603 -0.02812276 -0.02057209 -0.07076967  0.05705026  0.0251646
  -0.06062845 -0.04652804]]
[[ 0.0726079  -0.04988039 -0.02373092 -0.1815927  -0.03830239 -0.00532793
  -0.06112089 -0.07543019 -0.08412407  0.04273397 -0.08287401  0.00305402
  -0.04205647  0.17090884 -0.03479798  0.1898105  -0.06961341  0.09899405
  -0.02795352  0.13982297  0.01645676  0.10879133 -0.12986548  0.08160507
   0.10243197 -0.07112297  0.16762634  0.04859649  0.17197767 -0.04983222
  -0.03546328 -0.00684276  0.08262914 -0.05537419 -0.04492019  0.00960718
   0.06577753 -0.07887832  0.21124071 -0.05183174 -0.03979222 -0.05433311
  -0.09881715 -0.00865227 -0.05626807 -0.08184459  0.1283475  -0.07210707
  -0.05498871  0.00160776 -0.08962547  0.05910896  0.18138283 -0.03499957
   0.08290837 -0.01214202  0.0079237  -0.01516784  0.09131435 -0.07384344
   0.10272963 -0.03854924  0.21366912 -0.0666475   0.171622    0.20874076
   0.06253486  0.14612374 -0.08250275  0.11570196 -0.07026661  0.0446347
   0.05713683  0.07255752  0.05592123 -0.080481   -0.02893211 -0.03339929
   0.08418129 -0.10834016 -0.00599906  0.08212319 -0.07509302 -0.05879749
   0.00239731 -0.07798204 -0.02329852 -0.0183016   0.04363487  0.13590012
   0.02480038  0.05384547 -0.01464166 -0.06635638  0.18602674 -0.03485037
  -0.07000005 -0.0723905  -0.07591264  0.05359143  0.0281479   0.05093745
  -0.03439973  0.08832273 -0.08954041  0.11799225 -0.06327611  0.17692354
   0.11759397  0.09032031 -0.04619948 -0.06285401  0.18546045 -0.06311033
   0.13810746 -0.0197101  -0.05312968  0.02224639 -0.04307199  0.12545478
   0.05873603 -0.02812276 -0.02057209 -0.07076967  0.05705026  0.0251646
  -0.06062845 -0.04652804]]
[[ 0.0726079  -0.04988039 -0.02373092 -0.1815927  -0.03830239 -0.00532793
  -0.06112089 -0.07543019 -0.08412407  0.04273397 -0.08287401  0.00305402
  -0.04205647  0.17090884 -0.03479798  0.1898105  -0.06961341  0.09899405
  -0.02795352  0.13982297  0.01645676  0.10879133 -0.12986548  0.08160507
   0.10243197 -0.07112297  0.16762634  0.04859649  0.17197767 -0.04983222
  -0.03546328 -0.00684276  0.08262914 -0.05537419 -0.04492019  0.00960718
   0.06577753 -0.07887832  0.21124071 -0.05183174 -0.03979222 -0.05433311
  -0.09881715 -0.00865227 -0.05626807 -0.08184459  0.1283475  -0.07210707
  -0.05498871  0.00160776 -0.08962547  0.05910896  0.18138283 -0.03499957
   0.08290837 -0.01214202  0.0079237  -0.01516784  0.09131435 -0.07384344
   0.10272963 -0.03854924  0.21366912 -0.0666475   0.171622    0.20874076
   0.06253486  0.14612374 -0.08250275  0.11570196 -0.07026661  0.0446347
   0.05713683  0.07255752  0.05592123 -0.080481   -0.02893211 -0.03339929
   0.08418129 -0.10834016 -0.00599906  0.08212319 -0.07509302 -0.05879749
   0.00239731 -0.07798204 -0.02329852 -0.0183016   0.04363487  0.13590012
   0.02480038  0.05384547 -0.01464166 -0.06635638  0.18602674 -0.03485037
  -0.07000005 -0.0723905  -0.07591264  0.05359143  0.0281479   0.05093745
  -0.03439973  0.08832273 -0.08954041  0.11799225 -0.06327611  0.17692354
   0.11759397  0.09032031 -0.04619948 -0.06285401  0.18546045 -0.06311033
   0.13810746 -0.0197101  -0.05312968  0.02224639 -0.04307199  0.12545478
   0.05873603 -0.02812276 -0.02057209 -0.07076967  0.05705026  0.0251646
  -0.06062845 -0.04652804]]
[[ 0.0726079  -0.04988039 -0.02373092 -0.1815927  -0.03830239 -0.00532793
  -0.06112089 -0.07543019 -0.08412407  0.04273397 -0.08287401  0.00305402
  -0.04205647  0.17090884 -0.03479798  0.1898105  -0.06961341  0.09899405
  -0.02795352  0.13982297  0.01645676  0.10879133 -0.12986548  0.08160507
   0.10243197 -0.07112297  0.16762634  0.04859649  0.17197767 -0.04983222
  -0.03546328 -0.00684276  0.08262914 -0.05537419 -0.04492019  0.00960718
   0.06577753 -0.07887832  0.21124071 -0.05183174 -0.03979222 -0.05433311
  -0.09881715 -0.00865227 -0.05626807 -0.08184459  0.1283475  -0.07210707
  -0.05498871  0.00160776 -0.08962547  0.05910896  0.18138283 -0.03499957
   0.08290837 -0.01214202  0.0079237  -0.01516784  0.09131435 -0.07384344
   0.10272963 -0.03854924  0.21366912 -0.0666475   0.171622    0.20874076
   0.06253486  0.14612374 -0.08250275  0.11570196 -0.07026661  0.0446347
   0.05713683  0.07255752  0.05592123 -0.080481   -0.02893211 -0.03339929
   0.08418129 -0.10834016 -0.00599906  0.08212319 -0.07509302 -0.05879749
   0.00239731 -0.07798204 -0.02329852 -0.0183016   0.04363487  0.13590012
   0.02480038  0.05384547 -0.01464166 -0.06635638  0.18602674 -0.03485037
  -0.07000005 -0.0723905  -0.07591264  0.05359143  0.0281479   0.05093745
  -0.03439973  0.08832273 -0.08954041  0.11799225 -0.06327611  0.17692354
   0.11759397  0.09032031 -0.04619948 -0.06285401  0.18546045 -0.06311033
   0.13810746 -0.0197101  -0.05312968  0.02224639 -0.04307199  0.12545478
   0.05873603 -0.02812276 -0.02057209 -0.07076967  0.05705026  0.0251646
  -0.06062845 -0.04652804]]
