[[ 0.04471273 -0.03451588 -0.02663759 -0.17326376 -0.02315799 -0.01129856
  -0.06475727 -0.07088351 -0.0870229  -0.00373876 -0.0809795  -0.02324976
  -0.04957973  0.12500197 -0.02636788  0.18236749 -0.06606652  0.09979177
  -0.05223176  0.11228025  0.03096503  0.1288161  -0.13959372  0.07168385
   0.14659546 -0.06146704  0.12914535  0.0873526   0.18117663 -0.04893909
  -0.04147444 -0.0096128   0.04432962 -0.04373449 -0.03286387  0.03088759
   0.08519769 -0.07882308  0.18432517 -0.04989533 -0.04629505 -0.05791523
  -0.0964431  -0.01021552 -0.04085238 -0.08043345  0.10208242 -0.06733303
  -0.05402432  0.03181325 -0.08513206  0.04869557  0.1744844  -0.03287298
   0.07013313 -0.0118915  -0.03199076 -0.02859029  0.11054366 -0.08179067
   0.09255377 -0.02913274  0.22411445 -0.0583179   0.14096007  0.21557137
   0.04196695  0.19367182 -0.07296871  0.08874298 -0.07194014  0.04807809
   0.10151795  0.05437224  0.05806192 -0.08327091 -0.02749685 -0.04608222
   0.10347917 -0.10293284 -0.01946279  0.04780009 -0.07690436 -0.06209033
   0.00297958 -0.09918752 -0.03886573 -0.00724025  0.03069408  0.16212706
   0.04321827  0.06619184 -0.01032625 -0.06968933  0.20250207 -0.03682789
  -0.07473193 -0.06938609 -0.08673261  0.06367712  0.05211833  0.08521512
  -0.03381092  0.15199338 -0.08927574  0.0726311  -0.06971125  0.18690471
   0.11043166  0.10421128 -0.05372087 -0.06305861  0.15673397 -0.06077067
   0.11286785 -0.00438177 -0.05700901 -0.01112939 -0.05911022  0.12803261
   0.05968557 -0.01696074 -0.01582895 -0.07310566  0.0600124   0.03070753
  -0.06834311 -0.04969262]]
[[ 0.04471273 -0.03451588 -0.02663759 -0.17326376 -0.02315799 -0.01129856
  -0.06475727 -0.07088351 -0.0870229  -0.00373876 -0.0809795  -0.02324976
  -0.04957973  0.12500197 -0.02636788  0.18236749 -0.06606652  0.09979177
  -0.05223176  0.11228025  0.03096503  0.1288161  -0.13959372  0.07168385
   0.14659546 -0.06146704  0.12914535  0.0873526   0.18117663 -0.04893909
  -0.04147444 -0.0096128   0.04432962 -0.04373449 -0.03286387  0.03088759
   0.08519769 -0.07882308  0.18432517 -0.04989533 -0.04629505 -0.05791523
  -0.0964431  -0.01021552 -0.04085238 -0.08043345  0.10208242 -0.06733303
  -0.05402432  0.03181325 -0.08513206  0.04869557  0.1744844  -0.03287298
   0.07013313 -0.0118915  -0.03199076 -0.02859029  0.11054366 -0.08179067
   0.09255377 -0.02913274  0.22411445 -0.0583179   0.14096007  0.21557137
   0.04196695  0.19367182 -0.07296871  0.08874298 -0.07194014  0.04807809
   0.10151795  0.05437224  0.05806192 -0.08327091 -0.02749685 -0.04608222
   0.10347917 -0.10293284 -0.01946279  0.04780009 -0.07690436 -0.06209033
   0.00297958 -0.09918752 -0.03886573 -0.00724025  0.03069408  0.16212706
   0.04321827  0.06619184 -0.01032625 -0.06968933  0.20250207 -0.03682789
  -0.07473193 -0.06938609 -0.08673261  0.06367712  0.05211833  0.08521512
  -0.03381092  0.15199338 -0.08927574  0.0726311  -0.06971125  0.18690471
   0.11043166  0.10421128 -0.05372087 -0.06305861  0.15673397 -0.06077067
   0.11286785 -0.00438177 -0.05700901 -0.01112939 -0.05911022  0.12803261
   0.05968557 -0.01696074 -0.01582895 -0.07310566  0.0600124   0.03070753
  -0.06834311 -0.04969262]]
[[ 0.04471273 -0.03451588 -0.02663759 -0.17326376 -0.02315799 -0.01129856
  -0.06475727 -0.07088351 -0.0870229  -0.00373876 -0.0809795  -0.02324976
  -0.04957973  0.12500197 -0.02636788  0.18236749 -0.06606652  0.09979177
  -0.05223176  0.11228025  0.03096503  0.1288161  -0.13959372  0.07168385
   0.14659546 -0.06146704  0.12914535  0.0873526   0.18117663 -0.04893909
  -0.04147444 -0.0096128   0.04432962 -0.04373449 -0.03286387  0.03088759
   0.08519769 -0.07882308  0.18432517 -0.04989533 -0.04629505 -0.05791523
  -0.0964431  -0.01021552 -0.04085238 -0.08043345  0.10208242 -0.06733303
  -0.05402432  0.03181325 -0.08513206  0.04869557  0.1744844  -0.03287298
   0.07013313 -0.0118915  -0.03199076 -0.02859029  0.11054366 -0.08179067
   0.09255377 -0.02913274  0.22411445 -0.0583179   0.14096007  0.21557137
   0.04196695  0.19367182 -0.07296871  0.08874298 -0.07194014  0.04807809
   0.10151795  0.05437224  0.05806192 -0.08327091 -0.02749685 -0.04608222
   0.10347917 -0.10293284 -0.01946279  0.04780009 -0.07690436 -0.06209033
   0.00297958 -0.09918752 -0.03886573 -0.00724025  0.03069408  0.16212706
   0.04321827  0.06619184 -0.01032625 -0.06968933  0.20250207 -0.03682789
  -0.07473193 -0.06938609 -0.08673261  0.06367712  0.05211833  0.08521512
  -0.03381092  0.15199338 -0.08927574  0.0726311  -0.06971125  0.18690471
   0.11043166  0.10421128 -0.05372087 -0.06305861  0.15673397 -0.06077067
   0.11286785 -0.00438177 -0.05700901 -0.01112939 -0.05911022  0.12803261
   0.05968557 -0.01696074 -0.01582895 -0.07310566  0.0600124   0.03070753
  -0.06834311 -0.04969262]]
[[ 0.04471273 -0.03451588 -0.02663759 -0.17326376 -0.02315799 -0.01129856
  -0.06475727 -0.07088351 -0.0870229  -0.00373876 -0.0809795  -0.02324976
  -0.04957973  0.12500197 -0.02636788  0.18236749 -0.06606652  0.09979177
  -0.05223176  0.11228025  0.03096503  0.1288161  -0.13959372  0.07168385
   0.14659546 -0.06146704  0.12914535  0.0873526   0.18117663 -0.04893909
  -0.04147444 -0.0096128   0.04432962 -0.04373449 -0.03286387  0.03088759
   0.08519769 -0.07882308  0.18432517 -0.04989533 -0.04629505 -0.05791523
  -0.0964431  -0.01021552 -0.04085238 -0.08043345  0.10208242 -0.06733303
  -0.05402432  0.03181325 -0.08513206  0.04869557  0.1744844  -0.03287298
   0.07013313 -0.0118915  -0.03199076 -0.02859029  0.11054366 -0.08179067
   0.09255377 -0.02913274  0.22411445 -0.0583179   0.14096007  0.21557137
   0.04196695  0.19367182 -0.07296871  0.08874298 -0.07194014  0.04807809
   0.10151795  0.05437224  0.05806192 -0.08327091 -0.02749685 -0.04608222
   0.10347917 -0.10293284 -0.01946279  0.04780009 -0.07690436 -0.06209033
   0.00297958 -0.09918752 -0.03886573 -0.00724025  0.03069408  0.16212706
   0.04321827  0.06619184 -0.01032625 -0.06968933  0.20250207 -0.03682789
  -0.07473193 -0.06938609 -0.08673261  0.06367712  0.05211833  0.08521512
  -0.03381092  0.15199338 -0.08927574  0.0726311  -0.06971125  0.18690471
   0.11043166  0.10421128 -0.05372087 -0.06305861  0.15673397 -0.06077067
   0.11286785 -0.00438177 -0.05700901 -0.01112939 -0.05911022  0.12803261
   0.05968557 -0.01696074 -0.01582895 -0.07310566  0.0600124   0.03070753
  -0.06834311 -0.04969262]]
[[ 0.04471273 -0.03451588 -0.02663759 -0.17326376 -0.02315799 -0.01129856
  -0.06475727 -0.07088351 -0.0870229  -0.00373876 -0.0809795  -0.02324976
  -0.04957973  0.12500197 -0.02636788  0.18236749 -0.06606652  0.09979177
  -0.05223176  0.11228025  0.03096503  0.1288161  -0.13959372  0.07168385
   0.14659546 -0.06146704  0.12914535  0.0873526   0.18117663 -0.04893909
  -0.04147444 -0.0096128   0.04432962 -0.04373449 -0.03286387  0.03088759
   0.08519769 -0.07882308  0.18432517 -0.04989533 -0.04629505 -0.05791523
  -0.0964431  -0.01021552 -0.04085238 -0.08043345  0.10208242 -0.06733303
  -0.05402432  0.03181325 -0.08513206  0.04869557  0.1744844  -0.03287298
   0.07013313 -0.0118915  -0.03199076 -0.02859029  0.11054366 -0.08179067
   0.09255377 -0.02913274  0.22411445 -0.0583179   0.14096007  0.21557137
   0.04196695  0.19367182 -0.07296871  0.08874298 -0.07194014  0.04807809
   0.10151795  0.05437224  0.05806192 -0.08327091 -0.02749685 -0.04608222
   0.10347917 -0.10293284 -0.01946279  0.04780009 -0.07690436 -0.06209033
   0.00297958 -0.09918752 -0.03886573 -0.00724025  0.03069408  0.16212706
   0.04321827  0.06619184 -0.01032625 -0.06968933  0.20250207 -0.03682789
  -0.07473193 -0.06938609 -0.08673261  0.06367712  0.05211833  0.08521512
  -0.03381092  0.15199338 -0.08927574  0.0726311  -0.06971125  0.18690471
   0.11043166  0.10421128 -0.05372087 -0.06305861  0.15673397 -0.06077067
   0.11286785 -0.00438177 -0.05700901 -0.01112939 -0.05911022  0.12803261
   0.05968557 -0.01696074 -0.01582895 -0.07310566  0.0600124   0.03070753
  -0.06834311 -0.04969262]]
