[[ 0.0338813  -0.03660995 -0.02289775 -0.1573868  -0.01656714 -0.00719672
  -0.06174986 -0.06939349 -0.08558338 -0.0037656  -0.08214273 -0.01659585
  -0.0598469   0.1441002  -0.03861307  0.2004915  -0.06880807  0.10226306
  -0.04720009  0.136871    0.03380913  0.13244203 -0.1414057   0.06416035
   0.14621483 -0.06170153  0.12701353  0.07414222  0.17267498 -0.05197191
  -0.03268858 -0.01962044  0.05338246 -0.02753033 -0.03714692  0.03926824
   0.0707303  -0.07492571  0.18787967 -0.05807441 -0.04268952 -0.05894422
  -0.09238304  0.00864579 -0.04285131 -0.08228692  0.09366377 -0.07238267
  -0.05199123  0.02593255 -0.09160821  0.04817835  0.17358209 -0.03524612
   0.07227422  0.00083663 -0.03701442 -0.02860447  0.10449502 -0.07986046
   0.10119742 -0.01612553  0.24202426 -0.06153648  0.16157033  0.21387832
   0.05766295  0.19154565 -0.07528334  0.08238372 -0.07123503  0.04207545
   0.10476399  0.04208694  0.04942287 -0.08507852 -0.0230062  -0.04024693
   0.10203587 -0.10708161 -0.02498407  0.06014736 -0.07676112 -0.06113271
  -0.00875774 -0.09280121 -0.02815913 -0.02509083  0.04780408  0.16345517
   0.01816077  0.0699328  -0.0051048  -0.06307788  0.19533147 -0.04060604
  -0.07599006 -0.0714606  -0.0808766   0.06739481  0.03572389  0.06652481
  -0.03017346  0.12887779 -0.08932965  0.08291876 -0.06902356  0.17569721
   0.11056614  0.09603037 -0.05019018 -0.0601576   0.16348732 -0.05896354
   0.11097738 -0.02607574 -0.04334778 -0.00621041 -0.05834463  0.13893281
   0.05301629 -0.00358945 -0.02709192 -0.07077736  0.03487306  0.03295992
  -0.06410149 -0.04535598]]
[[ 0.0338813  -0.03660995 -0.02289775 -0.1573868  -0.01656714 -0.00719672
  -0.06174986 -0.06939349 -0.08558338 -0.0037656  -0.08214273 -0.01659585
  -0.0598469   0.1441002  -0.03861307  0.2004915  -0.06880807  0.10226306
  -0.04720009  0.136871    0.03380913  0.13244203 -0.1414057   0.06416035
   0.14621483 -0.06170153  0.12701353  0.07414222  0.17267498 -0.05197191
  -0.03268858 -0.01962044  0.05338246 -0.02753033 -0.03714692  0.03926824
   0.0707303  -0.07492571  0.18787967 -0.05807441 -0.04268952 -0.05894422
  -0.09238304  0.00864579 -0.04285131 -0.08228692  0.09366377 -0.07238267
  -0.05199123  0.02593255 -0.09160821  0.04817835  0.17358209 -0.03524612
   0.07227422  0.00083663 -0.03701442 -0.02860447  0.10449502 -0.07986046
   0.10119742 -0.01612553  0.24202426 -0.06153648  0.16157033  0.21387832
   0.05766295  0.19154565 -0.07528334  0.08238372 -0.07123503  0.04207545
   0.10476399  0.04208694  0.04942287 -0.08507852 -0.0230062  -0.04024693
   0.10203587 -0.10708161 -0.02498407  0.06014736 -0.07676112 -0.06113271
  -0.00875774 -0.09280121 -0.02815913 -0.02509083  0.04780408  0.16345517
   0.01816077  0.0699328  -0.0051048  -0.06307788  0.19533147 -0.04060604
  -0.07599006 -0.0714606  -0.0808766   0.06739481  0.03572389  0.06652481
  -0.03017346  0.12887779 -0.08932965  0.08291876 -0.06902356  0.17569721
   0.11056614  0.09603037 -0.05019018 -0.0601576   0.16348732 -0.05896354
   0.11097738 -0.02607574 -0.04334778 -0.00621041 -0.05834463  0.13893281
   0.05301629 -0.00358945 -0.02709192 -0.07077736  0.03487306  0.03295992
  -0.06410149 -0.04535598]]
[[ 0.0338813  -0.03660995 -0.02289775 -0.1573868  -0.01656714 -0.00719672
  -0.06174986 -0.06939349 -0.08558338 -0.0037656  -0.08214273 -0.01659585
  -0.0598469   0.1441002  -0.03861307  0.2004915  -0.06880807  0.10226306
  -0.04720009  0.136871    0.03380913  0.13244203 -0.1414057   0.06416035
   0.14621483 -0.06170153  0.12701353  0.07414222  0.17267498 -0.05197191
  -0.03268858 -0.01962044  0.05338246 -0.02753033 -0.03714692  0.03926824
   0.0707303  -0.07492571  0.18787967 -0.05807441 -0.04268952 -0.05894422
  -0.09238304  0.00864579 -0.04285131 -0.08228692  0.09366377 -0.07238267
  -0.05199123  0.02593255 -0.09160821  0.04817835  0.17358209 -0.03524612
   0.07227422  0.00083663 -0.03701442 -0.02860447  0.10449502 -0.07986046
   0.10119742 -0.01612553  0.24202426 -0.06153648  0.16157033  0.21387832
   0.05766295  0.19154565 -0.07528334  0.08238372 -0.07123503  0.04207545
   0.10476399  0.04208694  0.04942287 -0.08507852 -0.0230062  -0.04024693
   0.10203587 -0.10708161 -0.02498407  0.06014736 -0.07676112 -0.06113271
  -0.00875774 -0.09280121 -0.02815913 -0.02509083  0.04780408  0.16345517
   0.01816077  0.0699328  -0.0051048  -0.06307788  0.19533147 -0.04060604
  -0.07599006 -0.0714606  -0.0808766   0.06739481  0.03572389  0.06652481
  -0.03017346  0.12887779 -0.08932965  0.08291876 -0.06902356  0.17569721
   0.11056614  0.09603037 -0.05019018 -0.0601576   0.16348732 -0.05896354
   0.11097738 -0.02607574 -0.04334778 -0.00621041 -0.05834463  0.13893281
   0.05301629 -0.00358945 -0.02709192 -0.07077736  0.03487306  0.03295992
  -0.06410149 -0.04535598]]
[[ 0.0338813  -0.03660995 -0.02289775 -0.1573868  -0.01656714 -0.00719672
  -0.06174986 -0.06939349 -0.08558338 -0.0037656  -0.08214273 -0.01659585
  -0.0598469   0.1441002  -0.03861307  0.2004915  -0.06880807  0.10226306
  -0.04720009  0.136871    0.03380913  0.13244203 -0.1414057   0.06416035
   0.14621483 -0.06170153  0.12701353  0.07414222  0.17267498 -0.05197191
  -0.03268858 -0.01962044  0.05338246 -0.02753033 -0.03714692  0.03926824
   0.0707303  -0.07492571  0.18787967 -0.05807441 -0.04268952 -0.05894422
  -0.09238304  0.00864579 -0.04285131 -0.08228692  0.09366377 -0.07238267
  -0.05199123  0.02593255 -0.09160821  0.04817835  0.17358209 -0.03524612
   0.07227422  0.00083663 -0.03701442 -0.02860447  0.10449502 -0.07986046
   0.10119742 -0.01612553  0.24202426 -0.06153648  0.16157033  0.21387832
   0.05766295  0.19154565 -0.07528334  0.08238372 -0.07123503  0.04207545
   0.10476399  0.04208694  0.04942287 -0.08507852 -0.0230062  -0.04024693
   0.10203587 -0.10708161 -0.02498407  0.06014736 -0.07676112 -0.06113271
  -0.00875774 -0.09280121 -0.02815913 -0.02509083  0.04780408  0.16345517
   0.01816077  0.0699328  -0.0051048  -0.06307788  0.19533147 -0.04060604
  -0.07599006 -0.0714606  -0.0808766   0.06739481  0.03572389  0.06652481
  -0.03017346  0.12887779 -0.08932965  0.08291876 -0.06902356  0.17569721
   0.11056614  0.09603037 -0.05019018 -0.0601576   0.16348732 -0.05896354
   0.11097738 -0.02607574 -0.04334778 -0.00621041 -0.05834463  0.13893281
   0.05301629 -0.00358945 -0.02709192 -0.07077736  0.03487306  0.03295992
  -0.06410149 -0.04535598]]
[[ 0.0338813  -0.03660995 -0.02289775 -0.1573868  -0.01656714 -0.00719672
  -0.06174986 -0.06939349 -0.08558338 -0.0037656  -0.08214273 -0.01659585
  -0.0598469   0.1441002  -0.03861307  0.2004915  -0.06880807  0.10226306
  -0.04720009  0.136871    0.03380913  0.13244203 -0.1414057   0.06416035
   0.14621483 -0.06170153  0.12701353  0.07414222  0.17267498 -0.05197191
  -0.03268858 -0.01962044  0.05338246 -0.02753033 -0.03714692  0.03926824
   0.0707303  -0.07492571  0.18787967 -0.05807441 -0.04268952 -0.05894422
  -0.09238304  0.00864579 -0.04285131 -0.08228692  0.09366377 -0.07238267
  -0.05199123  0.02593255 -0.09160821  0.04817835  0.17358209 -0.03524612
   0.07227422  0.00083663 -0.03701442 -0.02860447  0.10449502 -0.07986046
   0.10119742 -0.01612553  0.24202426 -0.06153648  0.16157033  0.21387832
   0.05766295  0.19154565 -0.07528334  0.08238372 -0.07123503  0.04207545
   0.10476399  0.04208694  0.04942287 -0.08507852 -0.0230062  -0.04024693
   0.10203587 -0.10708161 -0.02498407  0.06014736 -0.07676112 -0.06113271
  -0.00875774 -0.09280121 -0.02815913 -0.02509083  0.04780408  0.16345517
   0.01816077  0.0699328  -0.0051048  -0.06307788  0.19533147 -0.04060604
  -0.07599006 -0.0714606  -0.0808766   0.06739481  0.03572389  0.06652481
  -0.03017346  0.12887779 -0.08932965  0.08291876 -0.06902356  0.17569721
   0.11056614  0.09603037 -0.05019018 -0.0601576   0.16348732 -0.05896354
   0.11097738 -0.02607574 -0.04334778 -0.00621041 -0.05834463  0.13893281
   0.05301629 -0.00358945 -0.02709192 -0.07077736  0.03487306  0.03295992
  -0.06410149 -0.04535598]]
