[[ 8.52515846e-02 -5.22412434e-02 -2.66504288e-02 -1.81942463e-01
  -4.21658829e-02  1.28431767e-02 -6.15209490e-02 -7.76224956e-02
  -8.68971646e-02  7.75124365e-03 -8.49088803e-02  8.93154088e-03
  -5.48958331e-02  1.57701164e-01 -3.55801061e-02  2.00055122e-01
  -7.80328587e-02  7.16942847e-02 -3.81195173e-02  1.44385397e-01
   8.21237266e-03  1.12259023e-01 -1.44248620e-01  7.30762705e-02
   1.04074515e-01 -6.53193593e-02  1.37977466e-01  6.74995109e-02
   1.84866205e-01 -5.93925193e-02 -2.84958258e-02  3.16846780e-02
   8.23120549e-02 -6.47206232e-02 -4.19578701e-02  4.14188318e-02
   6.09049127e-02 -7.78301209e-02  1.85311541e-01 -4.64144200e-02
  -3.31334956e-02 -4.35070470e-02 -1.03349663e-01  3.36214108e-03
  -6.42851368e-02 -8.54494125e-02  1.23788506e-01 -7.13239983e-02
  -5.33064418e-02 -1.74730830e-02 -9.00667012e-02  8.79962668e-02
   1.84746996e-01 -2.67569590e-02  6.42639920e-02 -4.43318160e-03
  -2.93790782e-03  3.09959541e-05  1.13202639e-01 -7.01294243e-02
   9.97998193e-02 -3.37209962e-02  2.14896068e-01 -6.18416667e-02
   2.01276869e-01  1.82149366e-01  6.61935806e-02  1.33647710e-01
  -8.12735707e-02  1.18184239e-01 -6.85301572e-02  5.49898930e-02
   5.08286767e-02  7.31328502e-02  5.44004478e-02 -7.91922733e-02
  -1.84515547e-02 -3.61729860e-02  8.79648402e-02 -1.03314340e-01
  -2.72592735e-02  1.08614340e-01 -7.55224898e-02 -5.17245792e-02
   1.34167569e-02 -7.83872455e-02 -1.26117542e-02 -3.57652456e-02
   6.11334704e-02  1.23725452e-01  4.43318002e-02  5.96715771e-02
  -2.76291184e-02 -5.94476052e-02  1.87263995e-01 -4.01540250e-02
  -6.76211640e-02 -6.97826222e-02 -7.96280280e-02  7.28425235e-02
   4.56547067e-02  7.78225437e-02 -3.63930725e-02  1.12264842e-01
  -9.13120210e-02  1.11901149e-01 -6.05700314e-02  1.74549103e-01
   9.82863232e-02  9.05702040e-02 -5.31080812e-02 -6.84944540e-02
   1.90625727e-01 -6.75599575e-02  9.55195576e-02 -1.27029596e-02
  -5.54719418e-02  3.24173570e-02 -4.48779613e-02  1.24451928e-01
   2.97881979e-02  4.13163099e-04 -3.05943005e-02 -7.06097409e-02
   5.96366674e-02 -1.01609128e-02 -5.84562980e-02 -4.26688120e-02]]
[[ 8.52515846e-02 -5.22412434e-02 -2.66504288e-02 -1.81942463e-01
  -4.21658829e-02  1.28431767e-02 -6.15209490e-02 -7.76224956e-02
  -8.68971646e-02  7.75124365e-03 -8.49088803e-02  8.93154088e-03
  -5.48958331e-02  1.57701164e-01 -3.55801061e-02  2.00055122e-01
  -7.80328587e-02  7.16942847e-02 -3.81195173e-02  1.44385397e-01
   8.21237266e-03  1.12259023e-01 -1.44248620e-01  7.30762705e-02
   1.04074515e-01 -6.53193593e-02  1.37977466e-01  6.74995109e-02
   1.84866205e-01 -5.93925193e-02 -2.84958258e-02  3.16846780e-02
   8.23120549e-02 -6.47206232e-02 -4.19578701e-02  4.14188318e-02
   6.09049127e-02 -7.78301209e-02  1.85311541e-01 -4.64144200e-02
  -3.31334956e-02 -4.35070470e-02 -1.03349663e-01  3.36214108e-03
  -6.42851368e-02 -8.54494125e-02  1.23788506e-01 -7.13239983e-02
  -5.33064418e-02 -1.74730830e-02 -9.00667012e-02  8.79962668e-02
   1.84746996e-01 -2.67569590e-02  6.42639920e-02 -4.43318160e-03
  -2.93790782e-03  3.09959541e-05  1.13202639e-01 -7.01294243e-02
   9.97998193e-02 -3.37209962e-02  2.14896068e-01 -6.18416667e-02
   2.01276869e-01  1.82149366e-01  6.61935806e-02  1.33647710e-01
  -8.12735707e-02  1.18184239e-01 -6.85301572e-02  5.49898930e-02
   5.08286767e-02  7.31328502e-02  5.44004478e-02 -7.91922733e-02
  -1.84515547e-02 -3.61729860e-02  8.79648402e-02 -1.03314340e-01
  -2.72592735e-02  1.08614340e-01 -7.55224898e-02 -5.17245792e-02
   1.34167569e-02 -7.83872455e-02 -1.26117542e-02 -3.57652456e-02
   6.11334704e-02  1.23725452e-01  4.43318002e-02  5.96715771e-02
  -2.76291184e-02 -5.94476052e-02  1.87263995e-01 -4.01540250e-02
  -6.76211640e-02 -6.97826222e-02 -7.96280280e-02  7.28425235e-02
   4.56547067e-02  7.78225437e-02 -3.63930725e-02  1.12264842e-01
  -9.13120210e-02  1.11901149e-01 -6.05700314e-02  1.74549103e-01
   9.82863232e-02  9.05702040e-02 -5.31080812e-02 -6.84944540e-02
   1.90625727e-01 -6.75599575e-02  9.55195576e-02 -1.27029596e-02
  -5.54719418e-02  3.24173570e-02 -4.48779613e-02  1.24451928e-01
   2.97881979e-02  4.13163099e-04 -3.05943005e-02 -7.06097409e-02
   5.96366674e-02 -1.01609128e-02 -5.84562980e-02 -4.26688120e-02]]
[[ 8.52515846e-02 -5.22412434e-02 -2.66504288e-02 -1.81942463e-01
  -4.21658829e-02  1.28431767e-02 -6.15209490e-02 -7.76224956e-02
  -8.68971646e-02  7.75124365e-03 -8.49088803e-02  8.93154088e-03
  -5.48958331e-02  1.57701164e-01 -3.55801061e-02  2.00055122e-01
  -7.80328587e-02  7.16942847e-02 -3.81195173e-02  1.44385397e-01
   8.21237266e-03  1.12259023e-01 -1.44248620e-01  7.30762705e-02
   1.04074515e-01 -6.53193593e-02  1.37977466e-01  6.74995109e-02
   1.84866205e-01 -5.93925193e-02 -2.84958258e-02  3.16846780e-02
   8.23120549e-02 -6.47206232e-02 -4.19578701e-02  4.14188318e-02
   6.09049127e-02 -7.78301209e-02  1.85311541e-01 -4.64144200e-02
  -3.31334956e-02 -4.35070470e-02 -1.03349663e-01  3.36214108e-03
  -6.42851368e-02 -8.54494125e-02  1.23788506e-01 -7.13239983e-02
  -5.33064418e-02 -1.74730830e-02 -9.00667012e-02  8.79962668e-02
   1.84746996e-01 -2.67569590e-02  6.42639920e-02 -4.43318160e-03
  -2.93790782e-03  3.09959541e-05  1.13202639e-01 -7.01294243e-02
   9.97998193e-02 -3.37209962e-02  2.14896068e-01 -6.18416667e-02
   2.01276869e-01  1.82149366e-01  6.61935806e-02  1.33647710e-01
  -8.12735707e-02  1.18184239e-01 -6.85301572e-02  5.49898930e-02
   5.08286767e-02  7.31328502e-02  5.44004478e-02 -7.91922733e-02
  -1.84515547e-02 -3.61729860e-02  8.79648402e-02 -1.03314340e-01
  -2.72592735e-02  1.08614340e-01 -7.55224898e-02 -5.17245792e-02
   1.34167569e-02 -7.83872455e-02 -1.26117542e-02 -3.57652456e-02
   6.11334704e-02  1.23725452e-01  4.43318002e-02  5.96715771e-02
  -2.76291184e-02 -5.94476052e-02  1.87263995e-01 -4.01540250e-02
  -6.76211640e-02 -6.97826222e-02 -7.96280280e-02  7.28425235e-02
   4.56547067e-02  7.78225437e-02 -3.63930725e-02  1.12264842e-01
  -9.13120210e-02  1.11901149e-01 -6.05700314e-02  1.74549103e-01
   9.82863232e-02  9.05702040e-02 -5.31080812e-02 -6.84944540e-02
   1.90625727e-01 -6.75599575e-02  9.55195576e-02 -1.27029596e-02
  -5.54719418e-02  3.24173570e-02 -4.48779613e-02  1.24451928e-01
   2.97881979e-02  4.13163099e-04 -3.05943005e-02 -7.06097409e-02
   5.96366674e-02 -1.01609128e-02 -5.84562980e-02 -4.26688120e-02]]
[[ 8.52515846e-02 -5.22412434e-02 -2.66504288e-02 -1.81942463e-01
  -4.21658829e-02  1.28431767e-02 -6.15209490e-02 -7.76224956e-02
  -8.68971646e-02  7.75124365e-03 -8.49088803e-02  8.93154088e-03
  -5.48958331e-02  1.57701164e-01 -3.55801061e-02  2.00055122e-01
  -7.80328587e-02  7.16942847e-02 -3.81195173e-02  1.44385397e-01
   8.21237266e-03  1.12259023e-01 -1.44248620e-01  7.30762705e-02
   1.04074515e-01 -6.53193593e-02  1.37977466e-01  6.74995109e-02
   1.84866205e-01 -5.93925193e-02 -2.84958258e-02  3.16846780e-02
   8.23120549e-02 -6.47206232e-02 -4.19578701e-02  4.14188318e-02
   6.09049127e-02 -7.78301209e-02  1.85311541e-01 -4.64144200e-02
  -3.31334956e-02 -4.35070470e-02 -1.03349663e-01  3.36214108e-03
  -6.42851368e-02 -8.54494125e-02  1.23788506e-01 -7.13239983e-02
  -5.33064418e-02 -1.74730830e-02 -9.00667012e-02  8.79962668e-02
   1.84746996e-01 -2.67569590e-02  6.42639920e-02 -4.43318160e-03
  -2.93790782e-03  3.09959541e-05  1.13202639e-01 -7.01294243e-02
   9.97998193e-02 -3.37209962e-02  2.14896068e-01 -6.18416667e-02
   2.01276869e-01  1.82149366e-01  6.61935806e-02  1.33647710e-01
  -8.12735707e-02  1.18184239e-01 -6.85301572e-02  5.49898930e-02
   5.08286767e-02  7.31328502e-02  5.44004478e-02 -7.91922733e-02
  -1.84515547e-02 -3.61729860e-02  8.79648402e-02 -1.03314340e-01
  -2.72592735e-02  1.08614340e-01 -7.55224898e-02 -5.17245792e-02
   1.34167569e-02 -7.83872455e-02 -1.26117542e-02 -3.57652456e-02
   6.11334704e-02  1.23725452e-01  4.43318002e-02  5.96715771e-02
  -2.76291184e-02 -5.94476052e-02  1.87263995e-01 -4.01540250e-02
  -6.76211640e-02 -6.97826222e-02 -7.96280280e-02  7.28425235e-02
   4.56547067e-02  7.78225437e-02 -3.63930725e-02  1.12264842e-01
  -9.13120210e-02  1.11901149e-01 -6.05700314e-02  1.74549103e-01
   9.82863232e-02  9.05702040e-02 -5.31080812e-02 -6.84944540e-02
   1.90625727e-01 -6.75599575e-02  9.55195576e-02 -1.27029596e-02
  -5.54719418e-02  3.24173570e-02 -4.48779613e-02  1.24451928e-01
   2.97881979e-02  4.13163099e-04 -3.05943005e-02 -7.06097409e-02
   5.96366674e-02 -1.01609128e-02 -5.84562980e-02 -4.26688120e-02]]
[[ 8.52515846e-02 -5.22412434e-02 -2.66504288e-02 -1.81942463e-01
  -4.21658829e-02  1.28431767e-02 -6.15209490e-02 -7.76224956e-02
  -8.68971646e-02  7.75124365e-03 -8.49088803e-02  8.93154088e-03
  -5.48958331e-02  1.57701164e-01 -3.55801061e-02  2.00055122e-01
  -7.80328587e-02  7.16942847e-02 -3.81195173e-02  1.44385397e-01
   8.21237266e-03  1.12259023e-01 -1.44248620e-01  7.30762705e-02
   1.04074515e-01 -6.53193593e-02  1.37977466e-01  6.74995109e-02
   1.84866205e-01 -5.93925193e-02 -2.84958258e-02  3.16846780e-02
   8.23120549e-02 -6.47206232e-02 -4.19578701e-02  4.14188318e-02
   6.09049127e-02 -7.78301209e-02  1.85311541e-01 -4.64144200e-02
  -3.31334956e-02 -4.35070470e-02 -1.03349663e-01  3.36214108e-03
  -6.42851368e-02 -8.54494125e-02  1.23788506e-01 -7.13239983e-02
  -5.33064418e-02 -1.74730830e-02 -9.00667012e-02  8.79962668e-02
   1.84746996e-01 -2.67569590e-02  6.42639920e-02 -4.43318160e-03
  -2.93790782e-03  3.09959541e-05  1.13202639e-01 -7.01294243e-02
   9.97998193e-02 -3.37209962e-02  2.14896068e-01 -6.18416667e-02
   2.01276869e-01  1.82149366e-01  6.61935806e-02  1.33647710e-01
  -8.12735707e-02  1.18184239e-01 -6.85301572e-02  5.49898930e-02
   5.08286767e-02  7.31328502e-02  5.44004478e-02 -7.91922733e-02
  -1.84515547e-02 -3.61729860e-02  8.79648402e-02 -1.03314340e-01
  -2.72592735e-02  1.08614340e-01 -7.55224898e-02 -5.17245792e-02
   1.34167569e-02 -7.83872455e-02 -1.26117542e-02 -3.57652456e-02
   6.11334704e-02  1.23725452e-01  4.43318002e-02  5.96715771e-02
  -2.76291184e-02 -5.94476052e-02  1.87263995e-01 -4.01540250e-02
  -6.76211640e-02 -6.97826222e-02 -7.96280280e-02  7.28425235e-02
   4.56547067e-02  7.78225437e-02 -3.63930725e-02  1.12264842e-01
  -9.13120210e-02  1.11901149e-01 -6.05700314e-02  1.74549103e-01
   9.82863232e-02  9.05702040e-02 -5.31080812e-02 -6.84944540e-02
   1.90625727e-01 -6.75599575e-02  9.55195576e-02 -1.27029596e-02
  -5.54719418e-02  3.24173570e-02 -4.48779613e-02  1.24451928e-01
   2.97881979e-02  4.13163099e-04 -3.05943005e-02 -7.06097409e-02
   5.96366674e-02 -1.01609128e-02 -5.84562980e-02 -4.26688120e-02]]
