[[ 0.10759205 -0.04476997 -0.03928624 -0.1731389  -0.03001754  0.01427897
  -0.06923776 -0.06610724 -0.08299696 -0.02670611 -0.08186883 -0.00975975
  -0.06770337  0.11375069 -0.03421427  0.18539134 -0.06297362  0.09824941
  -0.05689128  0.05200615  0.06834768  0.13216923 -0.14263853  0.07729585
   0.14126092 -0.06742195  0.11018307  0.08880957  0.18852332 -0.05250505
  -0.05558428 -0.00276954  0.05079222 -0.02039657 -0.02573906  0.01439136
   0.11288071 -0.07643986  0.19716829 -0.02978301 -0.03077532 -0.06226238
  -0.09138568 -0.03528161 -0.03705033 -0.081466    0.14346339 -0.07068464
  -0.0566246   0.04389882 -0.07386605  0.02591314  0.16418004 -0.03820226
   0.081775   -0.01741389 -0.05760877 -0.02468784  0.10342097 -0.07978863
   0.06185567 -0.03276815  0.2292911  -0.05370512  0.15967584  0.21833679
   0.02307175  0.17432076 -0.07418182  0.07870357 -0.06313435  0.0525311
   0.11138575  0.06875549  0.04911069 -0.08551826 -0.00768746 -0.04273286
   0.09284762 -0.09593334 -0.0103924   0.08927037 -0.07337943 -0.05357197
   0.02398486 -0.07649323 -0.0613201   0.01109774  0.01142717  0.13304265
   0.0657201   0.03207624 -0.02852849 -0.05411487  0.20318334 -0.04426874
  -0.07250381 -0.05982976 -0.08298104  0.05813404  0.03207253  0.08911406
  -0.05289079  0.15196986 -0.07338565  0.08140566 -0.06892307  0.1858066
   0.09399898  0.10892139 -0.06647608 -0.06507065  0.14139882 -0.05513958
   0.12331842  0.0159887  -0.05823778 -0.01079008 -0.06043127  0.12992147
   0.05393758 -0.01676921 -0.00658683 -0.07003886  0.07455746 -0.01557175
  -0.07278566 -0.05201382]]
[[ 0.10759205 -0.04476997 -0.03928624 -0.1731389  -0.03001754  0.01427897
  -0.06923776 -0.06610724 -0.08299696 -0.02670611 -0.08186883 -0.00975975
  -0.06770337  0.11375069 -0.03421427  0.18539134 -0.06297362  0.09824941
  -0.05689128  0.05200615  0.06834768  0.13216923 -0.14263853  0.07729585
   0.14126092 -0.06742195  0.11018307  0.08880957  0.18852332 -0.05250505
  -0.05558428 -0.00276954  0.05079222 -0.02039657 -0.02573906  0.01439136
   0.11288071 -0.07643986  0.19716829 -0.02978301 -0.03077532 -0.06226238
  -0.09138568 -0.03528161 -0.03705033 -0.081466    0.14346339 -0.07068464
  -0.0566246   0.04389882 -0.07386605  0.02591314  0.16418004 -0.03820226
   0.081775   -0.01741389 -0.05760877 -0.02468784  0.10342097 -0.07978863
   0.06185567 -0.03276815  0.2292911  -0.05370512  0.15967584  0.21833679
   0.02307175  0.17432076 -0.07418182  0.07870357 -0.06313435  0.0525311
   0.11138575  0.06875549  0.04911069 -0.08551826 -0.00768746 -0.04273286
   0.09284762 -0.09593334 -0.0103924   0.08927037 -0.07337943 -0.05357197
   0.02398486 -0.07649323 -0.0613201   0.01109774  0.01142717  0.13304265
   0.0657201   0.03207624 -0.02852849 -0.05411487  0.20318334 -0.04426874
  -0.07250381 -0.05982976 -0.08298104  0.05813404  0.03207253  0.08911406
  -0.05289079  0.15196986 -0.07338565  0.08140566 -0.06892307  0.1858066
   0.09399898  0.10892139 -0.06647608 -0.06507065  0.14139882 -0.05513958
   0.12331842  0.0159887  -0.05823778 -0.01079008 -0.06043127  0.12992147
   0.05393758 -0.01676921 -0.00658683 -0.07003886  0.07455746 -0.01557175
  -0.07278566 -0.05201382]]
[[ 0.10759205 -0.04476997 -0.03928624 -0.1731389  -0.03001754  0.01427897
  -0.06923776 -0.06610724 -0.08299696 -0.02670611 -0.08186883 -0.00975975
  -0.06770337  0.11375069 -0.03421427  0.18539134 -0.06297362  0.09824941
  -0.05689128  0.05200615  0.06834768  0.13216923 -0.14263853  0.07729585
   0.14126092 -0.06742195  0.11018307  0.08880957  0.18852332 -0.05250505
  -0.05558428 -0.00276954  0.05079222 -0.02039657 -0.02573906  0.01439136
   0.11288071 -0.07643986  0.19716829 -0.02978301 -0.03077532 -0.06226238
  -0.09138568 -0.03528161 -0.03705033 -0.081466    0.14346339 -0.07068464
  -0.0566246   0.04389882 -0.07386605  0.02591314  0.16418004 -0.03820226
   0.081775   -0.01741389 -0.05760877 -0.02468784  0.10342097 -0.07978863
   0.06185567 -0.03276815  0.2292911  -0.05370512  0.15967584  0.21833679
   0.02307175  0.17432076 -0.07418182  0.07870357 -0.06313435  0.0525311
   0.11138575  0.06875549  0.04911069 -0.08551826 -0.00768746 -0.04273286
   0.09284762 -0.09593334 -0.0103924   0.08927037 -0.07337943 -0.05357197
   0.02398486 -0.07649323 -0.0613201   0.01109774  0.01142717  0.13304265
   0.0657201   0.03207624 -0.02852849 -0.05411487  0.20318334 -0.04426874
  -0.07250381 -0.05982976 -0.08298104  0.05813404  0.03207253  0.08911406
  -0.05289079  0.15196986 -0.07338565  0.08140566 -0.06892307  0.1858066
   0.09399898  0.10892139 -0.06647608 -0.06507065  0.14139882 -0.05513958
   0.12331842  0.0159887  -0.05823778 -0.01079008 -0.06043127  0.12992147
   0.05393758 -0.01676921 -0.00658683 -0.07003886  0.07455746 -0.01557175
  -0.07278566 -0.05201382]]
[[ 0.10759205 -0.04476997 -0.03928624 -0.1731389  -0.03001754  0.01427897
  -0.06923776 -0.06610724 -0.08299696 -0.02670611 -0.08186883 -0.00975975
  -0.06770337  0.11375069 -0.03421427  0.18539134 -0.06297362  0.09824941
  -0.05689128  0.05200615  0.06834768  0.13216923 -0.14263853  0.07729585
   0.14126092 -0.06742195  0.11018307  0.08880957  0.18852332 -0.05250505
  -0.05558428 -0.00276954  0.05079222 -0.02039657 -0.02573906  0.01439136
   0.11288071 -0.07643986  0.19716829 -0.02978301 -0.03077532 -0.06226238
  -0.09138568 -0.03528161 -0.03705033 -0.081466    0.14346339 -0.07068464
  -0.0566246   0.04389882 -0.07386605  0.02591314  0.16418004 -0.03820226
   0.081775   -0.01741389 -0.05760877 -0.02468784  0.10342097 -0.07978863
   0.06185567 -0.03276815  0.2292911  -0.05370512  0.15967584  0.21833679
   0.02307175  0.17432076 -0.07418182  0.07870357 -0.06313435  0.0525311
   0.11138575  0.06875549  0.04911069 -0.08551826 -0.00768746 -0.04273286
   0.09284762 -0.09593334 -0.0103924   0.08927037 -0.07337943 -0.05357197
   0.02398486 -0.07649323 -0.0613201   0.01109774  0.01142717  0.13304265
   0.0657201   0.03207624 -0.02852849 -0.05411487  0.20318334 -0.04426874
  -0.07250381 -0.05982976 -0.08298104  0.05813404  0.03207253  0.08911406
  -0.05289079  0.15196986 -0.07338565  0.08140566 -0.06892307  0.1858066
   0.09399898  0.10892139 -0.06647608 -0.06507065  0.14139882 -0.05513958
   0.12331842  0.0159887  -0.05823778 -0.01079008 -0.06043127  0.12992147
   0.05393758 -0.01676921 -0.00658683 -0.07003886  0.07455746 -0.01557175
  -0.07278566 -0.05201382]]
[[ 0.10759205 -0.04476997 -0.03928624 -0.1731389  -0.03001754  0.01427897
  -0.06923776 -0.06610724 -0.08299696 -0.02670611 -0.08186883 -0.00975975
  -0.06770337  0.11375069 -0.03421427  0.18539134 -0.06297362  0.09824941
  -0.05689128  0.05200615  0.06834768  0.13216923 -0.14263853  0.07729585
   0.14126092 -0.06742195  0.11018307  0.08880957  0.18852332 -0.05250505
  -0.05558428 -0.00276954  0.05079222 -0.02039657 -0.02573906  0.01439136
   0.11288071 -0.07643986  0.19716829 -0.02978301 -0.03077532 -0.06226238
  -0.09138568 -0.03528161 -0.03705033 -0.081466    0.14346339 -0.07068464
  -0.0566246   0.04389882 -0.07386605  0.02591314  0.16418004 -0.03820226
   0.081775   -0.01741389 -0.05760877 -0.02468784  0.10342097 -0.07978863
   0.06185567 -0.03276815  0.2292911  -0.05370512  0.15967584  0.21833679
   0.02307175  0.17432076 -0.07418182  0.07870357 -0.06313435  0.0525311
   0.11138575  0.06875549  0.04911069 -0.08551826 -0.00768746 -0.04273286
   0.09284762 -0.09593334 -0.0103924   0.08927037 -0.07337943 -0.05357197
   0.02398486 -0.07649323 -0.0613201   0.01109774  0.01142717  0.13304265
   0.0657201   0.03207624 -0.02852849 -0.05411487  0.20318334 -0.04426874
  -0.07250381 -0.05982976 -0.08298104  0.05813404  0.03207253  0.08911406
  -0.05289079  0.15196986 -0.07338565  0.08140566 -0.06892307  0.1858066
   0.09399898  0.10892139 -0.06647608 -0.06507065  0.14139882 -0.05513958
   0.12331842  0.0159887  -0.05823778 -0.01079008 -0.06043127  0.12992147
   0.05393758 -0.01676921 -0.00658683 -0.07003886  0.07455746 -0.01557175
  -0.07278566 -0.05201382]]
