[[ 0.06831422 -0.0468681  -0.02124024 -0.18025598 -0.02960658  0.00562738
  -0.06123898 -0.0759826  -0.08315849  0.02309357 -0.08366894 -0.00160489
  -0.04510974  0.16358183 -0.04649287  0.20704065 -0.07465155  0.07833734
  -0.02896327  0.13928993  0.00835885  0.10908534 -0.13827567  0.07428144
   0.11394252 -0.06813764  0.14225553  0.05083362  0.18286468 -0.05631375
  -0.02825204  0.00439262  0.0687022  -0.05836487 -0.04284298  0.04252098
   0.06451587 -0.07643766  0.18911117 -0.05105534 -0.03293841 -0.04590316
  -0.10167781  0.00589107 -0.06306055 -0.0858746   0.12125177 -0.0720038
  -0.05036196 -0.00329106 -0.09082022  0.07625573  0.17522363 -0.03090762
   0.07575741 -0.01369113  0.00302998 -0.00322959  0.09467869 -0.07053159
   0.10532824 -0.04001363  0.20827387 -0.05442624  0.18305433  0.2053161
   0.06335419  0.15491708 -0.08323383  0.11112856 -0.07247049  0.05321301
   0.06208076  0.06885809  0.05451729 -0.08390681 -0.02122929 -0.03401947
   0.09249509 -0.10361817 -0.02810143  0.09031667 -0.07510135 -0.05233475
   0.00803526 -0.0764072  -0.0206632  -0.03549223  0.04665718  0.14030215
   0.04519188  0.06576576 -0.03341603 -0.05989676  0.19811168 -0.03590277
  -0.07472809 -0.06859076 -0.07536775  0.06665418  0.03432225  0.05877423
  -0.03578839  0.10467973 -0.08962474  0.10809989 -0.06591027  0.1821187
   0.11702693  0.09980464 -0.04608006 -0.06625934  0.18817683 -0.06613954
   0.11792226 -0.0117071  -0.05148549  0.02507713 -0.04579459  0.1188509
   0.05158976 -0.01700541 -0.01504609 -0.0719819   0.04796642 -0.00429862
  -0.0576675  -0.04440781]]
[[ 0.06831422 -0.0468681  -0.02124024 -0.18025598 -0.02960658  0.00562738
  -0.06123898 -0.0759826  -0.08315849  0.02309357 -0.08366894 -0.00160489
  -0.04510974  0.16358183 -0.04649287  0.20704065 -0.07465155  0.07833734
  -0.02896327  0.13928993  0.00835885  0.10908534 -0.13827567  0.07428144
   0.11394252 -0.06813764  0.14225553  0.05083362  0.18286468 -0.05631375
  -0.02825204  0.00439262  0.0687022  -0.05836487 -0.04284298  0.04252098
   0.06451587 -0.07643766  0.18911117 -0.05105534 -0.03293841 -0.04590316
  -0.10167781  0.00589107 -0.06306055 -0.0858746   0.12125177 -0.0720038
  -0.05036196 -0.00329106 -0.09082022  0.07625573  0.17522363 -0.03090762
   0.07575741 -0.01369113  0.00302998 -0.00322959  0.09467869 -0.07053159
   0.10532824 -0.04001363  0.20827387 -0.05442624  0.18305433  0.2053161
   0.06335419  0.15491708 -0.08323383  0.11112856 -0.07247049  0.05321301
   0.06208076  0.06885809  0.05451729 -0.08390681 -0.02122929 -0.03401947
   0.09249509 -0.10361817 -0.02810143  0.09031667 -0.07510135 -0.05233475
   0.00803526 -0.0764072  -0.0206632  -0.03549223  0.04665718  0.14030215
   0.04519188  0.06576576 -0.03341603 -0.05989676  0.19811168 -0.03590277
  -0.07472809 -0.06859076 -0.07536775  0.06665418  0.03432225  0.05877423
  -0.03578839  0.10467973 -0.08962474  0.10809989 -0.06591027  0.1821187
   0.11702693  0.09980464 -0.04608006 -0.06625934  0.18817683 -0.06613954
   0.11792226 -0.0117071  -0.05148549  0.02507713 -0.04579459  0.1188509
   0.05158976 -0.01700541 -0.01504609 -0.0719819   0.04796642 -0.00429862
  -0.0576675  -0.04440781]]
[[ 0.06831422 -0.0468681  -0.02124024 -0.18025598 -0.02960658  0.00562738
  -0.06123898 -0.0759826  -0.08315849  0.02309357 -0.08366894 -0.00160489
  -0.04510974  0.16358183 -0.04649287  0.20704065 -0.07465155  0.07833734
  -0.02896327  0.13928993  0.00835885  0.10908534 -0.13827567  0.07428144
   0.11394252 -0.06813764  0.14225553  0.05083362  0.18286468 -0.05631375
  -0.02825204  0.00439262  0.0687022  -0.05836487 -0.04284298  0.04252098
   0.06451587 -0.07643766  0.18911117 -0.05105534 -0.03293841 -0.04590316
  -0.10167781  0.00589107 -0.06306055 -0.0858746   0.12125177 -0.0720038
  -0.05036196 -0.00329106 -0.09082022  0.07625573  0.17522363 -0.03090762
   0.07575741 -0.01369113  0.00302998 -0.00322959  0.09467869 -0.07053159
   0.10532824 -0.04001363  0.20827387 -0.05442624  0.18305433  0.2053161
   0.06335419  0.15491708 -0.08323383  0.11112856 -0.07247049  0.05321301
   0.06208076  0.06885809  0.05451729 -0.08390681 -0.02122929 -0.03401947
   0.09249509 -0.10361817 -0.02810143  0.09031667 -0.07510135 -0.05233475
   0.00803526 -0.0764072  -0.0206632  -0.03549223  0.04665718  0.14030215
   0.04519188  0.06576576 -0.03341603 -0.05989676  0.19811168 -0.03590277
  -0.07472809 -0.06859076 -0.07536775  0.06665418  0.03432225  0.05877423
  -0.03578839  0.10467973 -0.08962474  0.10809989 -0.06591027  0.1821187
   0.11702693  0.09980464 -0.04608006 -0.06625934  0.18817683 -0.06613954
   0.11792226 -0.0117071  -0.05148549  0.02507713 -0.04579459  0.1188509
   0.05158976 -0.01700541 -0.01504609 -0.0719819   0.04796642 -0.00429862
  -0.0576675  -0.04440781]]
[[ 0.06831422 -0.0468681  -0.02124024 -0.18025598 -0.02960658  0.00562738
  -0.06123898 -0.0759826  -0.08315849  0.02309357 -0.08366894 -0.00160489
  -0.04510974  0.16358183 -0.04649287  0.20704065 -0.07465155  0.07833734
  -0.02896327  0.13928993  0.00835885  0.10908534 -0.13827567  0.07428144
   0.11394252 -0.06813764  0.14225553  0.05083362  0.18286468 -0.05631375
  -0.02825204  0.00439262  0.0687022  -0.05836487 -0.04284298  0.04252098
   0.06451587 -0.07643766  0.18911117 -0.05105534 -0.03293841 -0.04590316
  -0.10167781  0.00589107 -0.06306055 -0.0858746   0.12125177 -0.0720038
  -0.05036196 -0.00329106 -0.09082022  0.07625573  0.17522363 -0.03090762
   0.07575741 -0.01369113  0.00302998 -0.00322959  0.09467869 -0.07053159
   0.10532824 -0.04001363  0.20827387 -0.05442624  0.18305433  0.2053161
   0.06335419  0.15491708 -0.08323383  0.11112856 -0.07247049  0.05321301
   0.06208076  0.06885809  0.05451729 -0.08390681 -0.02122929 -0.03401947
   0.09249509 -0.10361817 -0.02810143  0.09031667 -0.07510135 -0.05233475
   0.00803526 -0.0764072  -0.0206632  -0.03549223  0.04665718  0.14030215
   0.04519188  0.06576576 -0.03341603 -0.05989676  0.19811168 -0.03590277
  -0.07472809 -0.06859076 -0.07536775  0.06665418  0.03432225  0.05877423
  -0.03578839  0.10467973 -0.08962474  0.10809989 -0.06591027  0.1821187
   0.11702693  0.09980464 -0.04608006 -0.06625934  0.18817683 -0.06613954
   0.11792226 -0.0117071  -0.05148549  0.02507713 -0.04579459  0.1188509
   0.05158976 -0.01700541 -0.01504609 -0.0719819   0.04796642 -0.00429862
  -0.0576675  -0.04440781]]
[[ 0.06831422 -0.0468681  -0.02124024 -0.18025598 -0.02960658  0.00562738
  -0.06123898 -0.0759826  -0.08315849  0.02309357 -0.08366894 -0.00160489
  -0.04510974  0.16358183 -0.04649287  0.20704065 -0.07465155  0.07833734
  -0.02896327  0.13928993  0.00835885  0.10908534 -0.13827567  0.07428144
   0.11394252 -0.06813764  0.14225553  0.05083362  0.18286468 -0.05631375
  -0.02825204  0.00439262  0.0687022  -0.05836487 -0.04284298  0.04252098
   0.06451587 -0.07643766  0.18911117 -0.05105534 -0.03293841 -0.04590316
  -0.10167781  0.00589107 -0.06306055 -0.0858746   0.12125177 -0.0720038
  -0.05036196 -0.00329106 -0.09082022  0.07625573  0.17522363 -0.03090762
   0.07575741 -0.01369113  0.00302998 -0.00322959  0.09467869 -0.07053159
   0.10532824 -0.04001363  0.20827387 -0.05442624  0.18305433  0.2053161
   0.06335419  0.15491708 -0.08323383  0.11112856 -0.07247049  0.05321301
   0.06208076  0.06885809  0.05451729 -0.08390681 -0.02122929 -0.03401947
   0.09249509 -0.10361817 -0.02810143  0.09031667 -0.07510135 -0.05233475
   0.00803526 -0.0764072  -0.0206632  -0.03549223  0.04665718  0.14030215
   0.04519188  0.06576576 -0.03341603 -0.05989676  0.19811168 -0.03590277
  -0.07472809 -0.06859076 -0.07536775  0.06665418  0.03432225  0.05877423
  -0.03578839  0.10467973 -0.08962474  0.10809989 -0.06591027  0.1821187
   0.11702693  0.09980464 -0.04608006 -0.06625934  0.18817683 -0.06613954
   0.11792226 -0.0117071  -0.05148549  0.02507713 -0.04579459  0.1188509
   0.05158976 -0.01700541 -0.01504609 -0.0719819   0.04796642 -0.00429862
  -0.0576675  -0.04440781]]
