[[ 0.07294902 -0.0449668  -0.02778788 -0.1845059  -0.0393587  -0.00553061
  -0.06740687 -0.07346627 -0.08741663  0.02933194 -0.08377051 -0.00454484
  -0.04898594  0.16443984 -0.03811353  0.2034536  -0.07348584  0.07288349
  -0.02713781  0.13216217  0.02624567  0.11372195 -0.13427189  0.07039658
   0.12470286 -0.06813232  0.14529772  0.05088033  0.16746217 -0.0515881
  -0.02667155  0.00075369  0.06270071 -0.05467902 -0.0413488   0.0312413
   0.05722936 -0.07864476  0.21544017 -0.0429033  -0.03550603 -0.04775837
  -0.10101723 -0.0062148  -0.06121259 -0.08365338  0.12578237 -0.0720812
  -0.05298638  0.01469293 -0.09300023  0.06578882  0.16634957 -0.03642026
   0.07962854 -0.00989634  0.00271682  0.00159278  0.09875703 -0.07307997
   0.09924299 -0.03648609  0.20894176 -0.06811637  0.18104514  0.19313906
   0.06362971  0.15713164 -0.08455726  0.12346467 -0.07286538  0.06096297
   0.05495388  0.07358599  0.06121078 -0.08003267 -0.02960511 -0.032069
   0.09322521 -0.10409769 -0.01829492  0.09059812 -0.07632497 -0.06083748
  -0.01109207 -0.08724716 -0.01621589 -0.02655049  0.05247642  0.1310966
   0.04007111  0.05227909 -0.02217368 -0.06352653  0.18605132 -0.03737827
  -0.0755412  -0.07509972 -0.07681947  0.06598006  0.02732723  0.05924822
  -0.0330011   0.09775694 -0.09165177  0.11471921 -0.06726535  0.17440854
   0.11672553  0.09779064 -0.0498005  -0.06380373  0.18097538 -0.0658043
   0.13064139 -0.02684533 -0.05321776  0.01457474 -0.0439438   0.12792814
   0.04895411 -0.01473911 -0.01536938 -0.07175316  0.0592113   0.02589786
  -0.05855623 -0.04864795]]
[[ 0.07294902 -0.0449668  -0.02778788 -0.1845059  -0.0393587  -0.00553061
  -0.06740687 -0.07346627 -0.08741663  0.02933194 -0.08377051 -0.00454484
  -0.04898594  0.16443984 -0.03811353  0.2034536  -0.07348584  0.07288349
  -0.02713781  0.13216217  0.02624567  0.11372195 -0.13427189  0.07039658
   0.12470286 -0.06813232  0.14529772  0.05088033  0.16746217 -0.0515881
  -0.02667155  0.00075369  0.06270071 -0.05467902 -0.0413488   0.0312413
   0.05722936 -0.07864476  0.21544017 -0.0429033  -0.03550603 -0.04775837
  -0.10101723 -0.0062148  -0.06121259 -0.08365338  0.12578237 -0.0720812
  -0.05298638  0.01469293 -0.09300023  0.06578882  0.16634957 -0.03642026
   0.07962854 -0.00989634  0.00271682  0.00159278  0.09875703 -0.07307997
   0.09924299 -0.03648609  0.20894176 -0.06811637  0.18104514  0.19313906
   0.06362971  0.15713164 -0.08455726  0.12346467 -0.07286538  0.06096297
   0.05495388  0.07358599  0.06121078 -0.08003267 -0.02960511 -0.032069
   0.09322521 -0.10409769 -0.01829492  0.09059812 -0.07632497 -0.06083748
  -0.01109207 -0.08724716 -0.01621589 -0.02655049  0.05247642  0.1310966
   0.04007111  0.05227909 -0.02217368 -0.06352653  0.18605132 -0.03737827
  -0.0755412  -0.07509972 -0.07681947  0.06598006  0.02732723  0.05924822
  -0.0330011   0.09775694 -0.09165177  0.11471921 -0.06726535  0.17440854
   0.11672553  0.09779064 -0.0498005  -0.06380373  0.18097538 -0.0658043
   0.13064139 -0.02684533 -0.05321776  0.01457474 -0.0439438   0.12792814
   0.04895411 -0.01473911 -0.01536938 -0.07175316  0.0592113   0.02589786
  -0.05855623 -0.04864795]]
[[ 0.07294902 -0.0449668  -0.02778788 -0.1845059  -0.0393587  -0.00553061
  -0.06740687 -0.07346627 -0.08741663  0.02933194 -0.08377051 -0.00454484
  -0.04898594  0.16443984 -0.03811353  0.2034536  -0.07348584  0.07288349
  -0.02713781  0.13216217  0.02624567  0.11372195 -0.13427189  0.07039658
   0.12470286 -0.06813232  0.14529772  0.05088033  0.16746217 -0.0515881
  -0.02667155  0.00075369  0.06270071 -0.05467902 -0.0413488   0.0312413
   0.05722936 -0.07864476  0.21544017 -0.0429033  -0.03550603 -0.04775837
  -0.10101723 -0.0062148  -0.06121259 -0.08365338  0.12578237 -0.0720812
  -0.05298638  0.01469293 -0.09300023  0.06578882  0.16634957 -0.03642026
   0.07962854 -0.00989634  0.00271682  0.00159278  0.09875703 -0.07307997
   0.09924299 -0.03648609  0.20894176 -0.06811637  0.18104514  0.19313906
   0.06362971  0.15713164 -0.08455726  0.12346467 -0.07286538  0.06096297
   0.05495388  0.07358599  0.06121078 -0.08003267 -0.02960511 -0.032069
   0.09322521 -0.10409769 -0.01829492  0.09059812 -0.07632497 -0.06083748
  -0.01109207 -0.08724716 -0.01621589 -0.02655049  0.05247642  0.1310966
   0.04007111  0.05227909 -0.02217368 -0.06352653  0.18605132 -0.03737827
  -0.0755412  -0.07509972 -0.07681947  0.06598006  0.02732723  0.05924822
  -0.0330011   0.09775694 -0.09165177  0.11471921 -0.06726535  0.17440854
   0.11672553  0.09779064 -0.0498005  -0.06380373  0.18097538 -0.0658043
   0.13064139 -0.02684533 -0.05321776  0.01457474 -0.0439438   0.12792814
   0.04895411 -0.01473911 -0.01536938 -0.07175316  0.0592113   0.02589786
  -0.05855623 -0.04864795]]
[[ 0.07294902 -0.0449668  -0.02778788 -0.1845059  -0.0393587  -0.00553061
  -0.06740687 -0.07346627 -0.08741663  0.02933194 -0.08377051 -0.00454484
  -0.04898594  0.16443984 -0.03811353  0.2034536  -0.07348584  0.07288349
  -0.02713781  0.13216217  0.02624567  0.11372195 -0.13427189  0.07039658
   0.12470286 -0.06813232  0.14529772  0.05088033  0.16746217 -0.0515881
  -0.02667155  0.00075369  0.06270071 -0.05467902 -0.0413488   0.0312413
   0.05722936 -0.07864476  0.21544017 -0.0429033  -0.03550603 -0.04775837
  -0.10101723 -0.0062148  -0.06121259 -0.08365338  0.12578237 -0.0720812
  -0.05298638  0.01469293 -0.09300023  0.06578882  0.16634957 -0.03642026
   0.07962854 -0.00989634  0.00271682  0.00159278  0.09875703 -0.07307997
   0.09924299 -0.03648609  0.20894176 -0.06811637  0.18104514  0.19313906
   0.06362971  0.15713164 -0.08455726  0.12346467 -0.07286538  0.06096297
   0.05495388  0.07358599  0.06121078 -0.08003267 -0.02960511 -0.032069
   0.09322521 -0.10409769 -0.01829492  0.09059812 -0.07632497 -0.06083748
  -0.01109207 -0.08724716 -0.01621589 -0.02655049  0.05247642  0.1310966
   0.04007111  0.05227909 -0.02217368 -0.06352653  0.18605132 -0.03737827
  -0.0755412  -0.07509972 -0.07681947  0.06598006  0.02732723  0.05924822
  -0.0330011   0.09775694 -0.09165177  0.11471921 -0.06726535  0.17440854
   0.11672553  0.09779064 -0.0498005  -0.06380373  0.18097538 -0.0658043
   0.13064139 -0.02684533 -0.05321776  0.01457474 -0.0439438   0.12792814
   0.04895411 -0.01473911 -0.01536938 -0.07175316  0.0592113   0.02589786
  -0.05855623 -0.04864795]]
[[ 0.07294902 -0.0449668  -0.02778788 -0.1845059  -0.0393587  -0.00553061
  -0.06740687 -0.07346627 -0.08741663  0.02933194 -0.08377051 -0.00454484
  -0.04898594  0.16443984 -0.03811353  0.2034536  -0.07348584  0.07288349
  -0.02713781  0.13216217  0.02624567  0.11372195 -0.13427189  0.07039658
   0.12470286 -0.06813232  0.14529772  0.05088033  0.16746217 -0.0515881
  -0.02667155  0.00075369  0.06270071 -0.05467902 -0.0413488   0.0312413
   0.05722936 -0.07864476  0.21544017 -0.0429033  -0.03550603 -0.04775837
  -0.10101723 -0.0062148  -0.06121259 -0.08365338  0.12578237 -0.0720812
  -0.05298638  0.01469293 -0.09300023  0.06578882  0.16634957 -0.03642026
   0.07962854 -0.00989634  0.00271682  0.00159278  0.09875703 -0.07307997
   0.09924299 -0.03648609  0.20894176 -0.06811637  0.18104514  0.19313906
   0.06362971  0.15713164 -0.08455726  0.12346467 -0.07286538  0.06096297
   0.05495388  0.07358599  0.06121078 -0.08003267 -0.02960511 -0.032069
   0.09322521 -0.10409769 -0.01829492  0.09059812 -0.07632497 -0.06083748
  -0.01109207 -0.08724716 -0.01621589 -0.02655049  0.05247642  0.1310966
   0.04007111  0.05227909 -0.02217368 -0.06352653  0.18605132 -0.03737827
  -0.0755412  -0.07509972 -0.07681947  0.06598006  0.02732723  0.05924822
  -0.0330011   0.09775694 -0.09165177  0.11471921 -0.06726535  0.17440854
   0.11672553  0.09779064 -0.0498005  -0.06380373  0.18097538 -0.0658043
   0.13064139 -0.02684533 -0.05321776  0.01457474 -0.0439438   0.12792814
   0.04895411 -0.01473911 -0.01536938 -0.07175316  0.0592113   0.02589786
  -0.05855623 -0.04864795]]
