[[ 0.09131794 -0.03010229 -0.02749338 -0.1450269  -0.01652019 -0.0080921
  -0.07282355 -0.0607842  -0.08663878 -0.02577808 -0.08114244 -0.02791588
  -0.07096994  0.11374909 -0.01976632  0.1961123  -0.06747609  0.11320139
  -0.05540129  0.05383009  0.09098768  0.17211123 -0.14011116  0.08866078
   0.13751072 -0.06966756  0.10753678  0.08139157  0.16679893 -0.0465829
  -0.05309699 -0.00578573  0.05311887 -0.01667894 -0.03091031  0.00237275
   0.087918   -0.07024648  0.2043027  -0.04457223 -0.02080952 -0.06295798
  -0.09258576 -0.04321658 -0.03258203 -0.07942909  0.11922739 -0.06625517
  -0.05450872  0.04285583 -0.07761972  0.02794974  0.19550341 -0.04730405
   0.08083619 -0.01201562 -0.06544603 -0.03508946  0.09375666 -0.07758224
   0.06601091 -0.03648655  0.2520359  -0.0449378   0.15379184  0.22368729
   0.0352377   0.18717836 -0.06795931  0.09718499 -0.05525906  0.0519054
   0.08895159  0.06217438  0.04772458 -0.08967524 -0.00438369 -0.04441192
   0.06422827 -0.09770476  0.00361451  0.09359064 -0.07029264 -0.0483753
   0.03893002 -0.08934613 -0.06280534 -0.02639331  0.03311599  0.14493129
   0.06071651  0.04435684 -0.02085892 -0.05748295  0.19809766 -0.06432405
  -0.07155004 -0.06294048 -0.08361396  0.05617611  0.01592866  0.07598546
  -0.04095816  0.16348495 -0.07230677  0.07781047 -0.07382929  0.1726712
   0.10232836  0.081581   -0.07331704 -0.06845579  0.12147417 -0.06053542
   0.11475947  0.0082214  -0.05780231 -0.00106531 -0.06503171  0.11646292
   0.06568458 -0.01723244  0.002214   -0.06620886  0.06031503 -0.02372184
  -0.06716219 -0.04086161]]
[[ 0.09131794 -0.03010229 -0.02749338 -0.1450269  -0.01652019 -0.0080921
  -0.07282355 -0.0607842  -0.08663878 -0.02577808 -0.08114244 -0.02791588
  -0.07096994  0.11374909 -0.01976632  0.1961123  -0.06747609  0.11320139
  -0.05540129  0.05383009  0.09098768  0.17211123 -0.14011116  0.08866078
   0.13751072 -0.06966756  0.10753678  0.08139157  0.16679893 -0.0465829
  -0.05309699 -0.00578573  0.05311887 -0.01667894 -0.03091031  0.00237275
   0.087918   -0.07024648  0.2043027  -0.04457223 -0.02080952 -0.06295798
  -0.09258576 -0.04321658 -0.03258203 -0.07942909  0.11922739 -0.06625517
  -0.05450872  0.04285583 -0.07761972  0.02794974  0.19550341 -0.04730405
   0.08083619 -0.01201562 -0.06544603 -0.03508946  0.09375666 -0.07758224
   0.06601091 -0.03648655  0.2520359  -0.0449378   0.15379184  0.22368729
   0.0352377   0.18717836 -0.06795931  0.09718499 -0.05525906  0.0519054
   0.08895159  0.06217438  0.04772458 -0.08967524 -0.00438369 -0.04441192
   0.06422827 -0.09770476  0.00361451  0.09359064 -0.07029264 -0.0483753
   0.03893002 -0.08934613 -0.06280534 -0.02639331  0.03311599  0.14493129
   0.06071651  0.04435684 -0.02085892 -0.05748295  0.19809766 -0.06432405
  -0.07155004 -0.06294048 -0.08361396  0.05617611  0.01592866  0.07598546
  -0.04095816  0.16348495 -0.07230677  0.07781047 -0.07382929  0.1726712
   0.10232836  0.081581   -0.07331704 -0.06845579  0.12147417 -0.06053542
   0.11475947  0.0082214  -0.05780231 -0.00106531 -0.06503171  0.11646292
   0.06568458 -0.01723244  0.002214   -0.06620886  0.06031503 -0.02372184
  -0.06716219 -0.04086161]]
[[ 0.09131794 -0.03010229 -0.02749338 -0.1450269  -0.01652019 -0.0080921
  -0.07282355 -0.0607842  -0.08663878 -0.02577808 -0.08114244 -0.02791588
  -0.07096994  0.11374909 -0.01976632  0.1961123  -0.06747609  0.11320139
  -0.05540129  0.05383009  0.09098768  0.17211123 -0.14011116  0.08866078
   0.13751072 -0.06966756  0.10753678  0.08139157  0.16679893 -0.0465829
  -0.05309699 -0.00578573  0.05311887 -0.01667894 -0.03091031  0.00237275
   0.087918   -0.07024648  0.2043027  -0.04457223 -0.02080952 -0.06295798
  -0.09258576 -0.04321658 -0.03258203 -0.07942909  0.11922739 -0.06625517
  -0.05450872  0.04285583 -0.07761972  0.02794974  0.19550341 -0.04730405
   0.08083619 -0.01201562 -0.06544603 -0.03508946  0.09375666 -0.07758224
   0.06601091 -0.03648655  0.2520359  -0.0449378   0.15379184  0.22368729
   0.0352377   0.18717836 -0.06795931  0.09718499 -0.05525906  0.0519054
   0.08895159  0.06217438  0.04772458 -0.08967524 -0.00438369 -0.04441192
   0.06422827 -0.09770476  0.00361451  0.09359064 -0.07029264 -0.0483753
   0.03893002 -0.08934613 -0.06280534 -0.02639331  0.03311599  0.14493129
   0.06071651  0.04435684 -0.02085892 -0.05748295  0.19809766 -0.06432405
  -0.07155004 -0.06294048 -0.08361396  0.05617611  0.01592866  0.07598546
  -0.04095816  0.16348495 -0.07230677  0.07781047 -0.07382929  0.1726712
   0.10232836  0.081581   -0.07331704 -0.06845579  0.12147417 -0.06053542
   0.11475947  0.0082214  -0.05780231 -0.00106531 -0.06503171  0.11646292
   0.06568458 -0.01723244  0.002214   -0.06620886  0.06031503 -0.02372184
  -0.06716219 -0.04086161]]
[[ 0.09131794 -0.03010229 -0.02749338 -0.1450269  -0.01652019 -0.0080921
  -0.07282355 -0.0607842  -0.08663878 -0.02577808 -0.08114244 -0.02791588
  -0.07096994  0.11374909 -0.01976632  0.1961123  -0.06747609  0.11320139
  -0.05540129  0.05383009  0.09098768  0.17211123 -0.14011116  0.08866078
   0.13751072 -0.06966756  0.10753678  0.08139157  0.16679893 -0.0465829
  -0.05309699 -0.00578573  0.05311887 -0.01667894 -0.03091031  0.00237275
   0.087918   -0.07024648  0.2043027  -0.04457223 -0.02080952 -0.06295798
  -0.09258576 -0.04321658 -0.03258203 -0.07942909  0.11922739 -0.06625517
  -0.05450872  0.04285583 -0.07761972  0.02794974  0.19550341 -0.04730405
   0.08083619 -0.01201562 -0.06544603 -0.03508946  0.09375666 -0.07758224
   0.06601091 -0.03648655  0.2520359  -0.0449378   0.15379184  0.22368729
   0.0352377   0.18717836 -0.06795931  0.09718499 -0.05525906  0.0519054
   0.08895159  0.06217438  0.04772458 -0.08967524 -0.00438369 -0.04441192
   0.06422827 -0.09770476  0.00361451  0.09359064 -0.07029264 -0.0483753
   0.03893002 -0.08934613 -0.06280534 -0.02639331  0.03311599  0.14493129
   0.06071651  0.04435684 -0.02085892 -0.05748295  0.19809766 -0.06432405
  -0.07155004 -0.06294048 -0.08361396  0.05617611  0.01592866  0.07598546
  -0.04095816  0.16348495 -0.07230677  0.07781047 -0.07382929  0.1726712
   0.10232836  0.081581   -0.07331704 -0.06845579  0.12147417 -0.06053542
   0.11475947  0.0082214  -0.05780231 -0.00106531 -0.06503171  0.11646292
   0.06568458 -0.01723244  0.002214   -0.06620886  0.06031503 -0.02372184
  -0.06716219 -0.04086161]]
[[ 0.09131794 -0.03010229 -0.02749338 -0.1450269  -0.01652019 -0.0080921
  -0.07282355 -0.0607842  -0.08663878 -0.02577808 -0.08114244 -0.02791588
  -0.07096994  0.11374909 -0.01976632  0.1961123  -0.06747609  0.11320139
  -0.05540129  0.05383009  0.09098768  0.17211123 -0.14011116  0.08866078
   0.13751072 -0.06966756  0.10753678  0.08139157  0.16679893 -0.0465829
  -0.05309699 -0.00578573  0.05311887 -0.01667894 -0.03091031  0.00237275
   0.087918   -0.07024648  0.2043027  -0.04457223 -0.02080952 -0.06295798
  -0.09258576 -0.04321658 -0.03258203 -0.07942909  0.11922739 -0.06625517
  -0.05450872  0.04285583 -0.07761972  0.02794974  0.19550341 -0.04730405
   0.08083619 -0.01201562 -0.06544603 -0.03508946  0.09375666 -0.07758224
   0.06601091 -0.03648655  0.2520359  -0.0449378   0.15379184  0.22368729
   0.0352377   0.18717836 -0.06795931  0.09718499 -0.05525906  0.0519054
   0.08895159  0.06217438  0.04772458 -0.08967524 -0.00438369 -0.04441192
   0.06422827 -0.09770476  0.00361451  0.09359064 -0.07029264 -0.0483753
   0.03893002 -0.08934613 -0.06280534 -0.02639331  0.03311599  0.14493129
   0.06071651  0.04435684 -0.02085892 -0.05748295  0.19809766 -0.06432405
  -0.07155004 -0.06294048 -0.08361396  0.05617611  0.01592866  0.07598546
  -0.04095816  0.16348495 -0.07230677  0.07781047 -0.07382929  0.1726712
   0.10232836  0.081581   -0.07331704 -0.06845579  0.12147417 -0.06053542
   0.11475947  0.0082214  -0.05780231 -0.00106531 -0.06503171  0.11646292
   0.06568458 -0.01723244  0.002214   -0.06620886  0.06031503 -0.02372184
  -0.06716219 -0.04086161]]
