[[ 0.09608043 -0.04251818 -0.0320356  -0.17099544 -0.01582041  0.04947378
  -0.06476467 -0.07059859 -0.09154873 -0.02306528 -0.09099659  0.01499185
  -0.06597306  0.1376194  -0.03916723  0.22232747 -0.0764163   0.09396285
  -0.03703319  0.12461708  0.02195837  0.10933045 -0.14086601  0.06790006
   0.12723751 -0.0686204   0.11132936  0.06187155  0.17025512 -0.06379796
  -0.02074177  0.01022879  0.10060492 -0.02584454 -0.03207583  0.03460698
   0.10637608 -0.07499087  0.22183698 -0.05279121  0.00587852 -0.0497444
  -0.09627087 -0.00085802 -0.05521316 -0.08472869  0.1166719  -0.07700753
  -0.05400711  0.00567185 -0.08892026  0.0638529   0.14697352 -0.04416571
   0.07712538 -0.00711875 -0.03971094 -0.00187047  0.09504753 -0.07041647
   0.1037177  -0.02610757  0.2112988  -0.05649164  0.16678312  0.19114175
   0.06595275  0.17317733 -0.08690575  0.10592464 -0.0649146   0.06137459
   0.08003928  0.06740233  0.07942224 -0.08019912 -0.03259002 -0.02706333
   0.08675461 -0.10018703 -0.01382381  0.1140704  -0.07790687 -0.03697065
   0.03047311 -0.08387972 -0.03937411 -0.0265891   0.02365442  0.13487297
   0.05849557  0.01530303 -0.02265573 -0.02840315  0.21768983 -0.05843683
  -0.07423861 -0.06581089 -0.07103674  0.05808434  0.0179706   0.072936
  -0.05266726  0.10506632 -0.08352006  0.12253884 -0.06038386  0.15747625
   0.08774277  0.09460977 -0.06788747 -0.06587759  0.15404443 -0.06455544
   0.11817233 -0.02399783 -0.04767475  0.00916277 -0.05453888  0.14984803
  -0.01122747  0.00371416 -0.00372165 -0.06858667  0.05223024 -0.03186519
  -0.06497958 -0.04954842]]
[[ 0.09608043 -0.04251818 -0.0320356  -0.17099544 -0.01582041  0.04947378
  -0.06476467 -0.07059859 -0.09154873 -0.02306528 -0.09099659  0.01499185
  -0.06597306  0.1376194  -0.03916723  0.22232747 -0.0764163   0.09396285
  -0.03703319  0.12461708  0.02195837  0.10933045 -0.14086601  0.06790006
   0.12723751 -0.0686204   0.11132936  0.06187155  0.17025512 -0.06379796
  -0.02074177  0.01022879  0.10060492 -0.02584454 -0.03207583  0.03460698
   0.10637608 -0.07499087  0.22183698 -0.05279121  0.00587852 -0.0497444
  -0.09627087 -0.00085802 -0.05521316 -0.08472869  0.1166719  -0.07700753
  -0.05400711  0.00567185 -0.08892026  0.0638529   0.14697352 -0.04416571
   0.07712538 -0.00711875 -0.03971094 -0.00187047  0.09504753 -0.07041647
   0.1037177  -0.02610757  0.2112988  -0.05649164  0.16678312  0.19114175
   0.06595275  0.17317733 -0.08690575  0.10592464 -0.0649146   0.06137459
   0.08003928  0.06740233  0.07942224 -0.08019912 -0.03259002 -0.02706333
   0.08675461 -0.10018703 -0.01382381  0.1140704  -0.07790687 -0.03697065
   0.03047311 -0.08387972 -0.03937411 -0.0265891   0.02365442  0.13487297
   0.05849557  0.01530303 -0.02265573 -0.02840315  0.21768983 -0.05843683
  -0.07423861 -0.06581089 -0.07103674  0.05808434  0.0179706   0.072936
  -0.05266726  0.10506632 -0.08352006  0.12253884 -0.06038386  0.15747625
   0.08774277  0.09460977 -0.06788747 -0.06587759  0.15404443 -0.06455544
   0.11817233 -0.02399783 -0.04767475  0.00916277 -0.05453888  0.14984803
  -0.01122747  0.00371416 -0.00372165 -0.06858667  0.05223024 -0.03186519
  -0.06497958 -0.04954842]]
[[ 0.09608043 -0.04251818 -0.0320356  -0.17099544 -0.01582041  0.04947378
  -0.06476467 -0.07059859 -0.09154873 -0.02306528 -0.09099659  0.01499185
  -0.06597306  0.1376194  -0.03916723  0.22232747 -0.0764163   0.09396285
  -0.03703319  0.12461708  0.02195837  0.10933045 -0.14086601  0.06790006
   0.12723751 -0.0686204   0.11132936  0.06187155  0.17025512 -0.06379796
  -0.02074177  0.01022879  0.10060492 -0.02584454 -0.03207583  0.03460698
   0.10637608 -0.07499087  0.22183698 -0.05279121  0.00587852 -0.0497444
  -0.09627087 -0.00085802 -0.05521316 -0.08472869  0.1166719  -0.07700753
  -0.05400711  0.00567185 -0.08892026  0.0638529   0.14697352 -0.04416571
   0.07712538 -0.00711875 -0.03971094 -0.00187047  0.09504753 -0.07041647
   0.1037177  -0.02610757  0.2112988  -0.05649164  0.16678312  0.19114175
   0.06595275  0.17317733 -0.08690575  0.10592464 -0.0649146   0.06137459
   0.08003928  0.06740233  0.07942224 -0.08019912 -0.03259002 -0.02706333
   0.08675461 -0.10018703 -0.01382381  0.1140704  -0.07790687 -0.03697065
   0.03047311 -0.08387972 -0.03937411 -0.0265891   0.02365442  0.13487297
   0.05849557  0.01530303 -0.02265573 -0.02840315  0.21768983 -0.05843683
  -0.07423861 -0.06581089 -0.07103674  0.05808434  0.0179706   0.072936
  -0.05266726  0.10506632 -0.08352006  0.12253884 -0.06038386  0.15747625
   0.08774277  0.09460977 -0.06788747 -0.06587759  0.15404443 -0.06455544
   0.11817233 -0.02399783 -0.04767475  0.00916277 -0.05453888  0.14984803
  -0.01122747  0.00371416 -0.00372165 -0.06858667  0.05223024 -0.03186519
  -0.06497958 -0.04954842]]
[[ 0.09608043 -0.04251818 -0.0320356  -0.17099544 -0.01582041  0.04947378
  -0.06476467 -0.07059859 -0.09154873 -0.02306528 -0.09099659  0.01499185
  -0.06597306  0.1376194  -0.03916723  0.22232747 -0.0764163   0.09396285
  -0.03703319  0.12461708  0.02195837  0.10933045 -0.14086601  0.06790006
   0.12723751 -0.0686204   0.11132936  0.06187155  0.17025512 -0.06379796
  -0.02074177  0.01022879  0.10060492 -0.02584454 -0.03207583  0.03460698
   0.10637608 -0.07499087  0.22183698 -0.05279121  0.00587852 -0.0497444
  -0.09627087 -0.00085802 -0.05521316 -0.08472869  0.1166719  -0.07700753
  -0.05400711  0.00567185 -0.08892026  0.0638529   0.14697352 -0.04416571
   0.07712538 -0.00711875 -0.03971094 -0.00187047  0.09504753 -0.07041647
   0.1037177  -0.02610757  0.2112988  -0.05649164  0.16678312  0.19114175
   0.06595275  0.17317733 -0.08690575  0.10592464 -0.0649146   0.06137459
   0.08003928  0.06740233  0.07942224 -0.08019912 -0.03259002 -0.02706333
   0.08675461 -0.10018703 -0.01382381  0.1140704  -0.07790687 -0.03697065
   0.03047311 -0.08387972 -0.03937411 -0.0265891   0.02365442  0.13487297
   0.05849557  0.01530303 -0.02265573 -0.02840315  0.21768983 -0.05843683
  -0.07423861 -0.06581089 -0.07103674  0.05808434  0.0179706   0.072936
  -0.05266726  0.10506632 -0.08352006  0.12253884 -0.06038386  0.15747625
   0.08774277  0.09460977 -0.06788747 -0.06587759  0.15404443 -0.06455544
   0.11817233 -0.02399783 -0.04767475  0.00916277 -0.05453888  0.14984803
  -0.01122747  0.00371416 -0.00372165 -0.06858667  0.05223024 -0.03186519
  -0.06497958 -0.04954842]]
[[ 0.09608043 -0.04251818 -0.0320356  -0.17099544 -0.01582041  0.04947378
  -0.06476467 -0.07059859 -0.09154873 -0.02306528 -0.09099659  0.01499185
  -0.06597306  0.1376194  -0.03916723  0.22232747 -0.0764163   0.09396285
  -0.03703319  0.12461708  0.02195837  0.10933045 -0.14086601  0.06790006
   0.12723751 -0.0686204   0.11132936  0.06187155  0.17025512 -0.06379796
  -0.02074177  0.01022879  0.10060492 -0.02584454 -0.03207583  0.03460698
   0.10637608 -0.07499087  0.22183698 -0.05279121  0.00587852 -0.0497444
  -0.09627087 -0.00085802 -0.05521316 -0.08472869  0.1166719  -0.07700753
  -0.05400711  0.00567185 -0.08892026  0.0638529   0.14697352 -0.04416571
   0.07712538 -0.00711875 -0.03971094 -0.00187047  0.09504753 -0.07041647
   0.1037177  -0.02610757  0.2112988  -0.05649164  0.16678312  0.19114175
   0.06595275  0.17317733 -0.08690575  0.10592464 -0.0649146   0.06137459
   0.08003928  0.06740233  0.07942224 -0.08019912 -0.03259002 -0.02706333
   0.08675461 -0.10018703 -0.01382381  0.1140704  -0.07790687 -0.03697065
   0.03047311 -0.08387972 -0.03937411 -0.0265891   0.02365442  0.13487297
   0.05849557  0.01530303 -0.02265573 -0.02840315  0.21768983 -0.05843683
  -0.07423861 -0.06581089 -0.07103674  0.05808434  0.0179706   0.072936
  -0.05266726  0.10506632 -0.08352006  0.12253884 -0.06038386  0.15747625
   0.08774277  0.09460977 -0.06788747 -0.06587759  0.15404443 -0.06455544
   0.11817233 -0.02399783 -0.04767475  0.00916277 -0.05453888  0.14984803
  -0.01122747  0.00371416 -0.00372165 -0.06858667  0.05223024 -0.03186519
  -0.06497958 -0.04954842]]
