[[ 0.0503018  -0.03897548 -0.04094894 -0.15460297 -0.00070233 -0.01811862
  -0.07228502 -0.05704623 -0.10437981 -0.04407551 -0.09795415 -0.02753199
  -0.0631242   0.12912868 -0.04967714  0.22271259 -0.07614943  0.07091819
  -0.05215347  0.11461556  0.00751662  0.15245855 -0.15248996  0.07746381
   0.16448408 -0.05799932  0.0387198   0.05851132  0.11337014 -0.06315201
  -0.03321327  0.02498448  0.11561678 -0.03510781 -0.03292033  0.03881282
   0.12174612 -0.07752283  0.21387494 -0.0491797   0.01339819 -0.04396476
  -0.09727827  0.00366421 -0.05282366 -0.08996306  0.07254966 -0.07823659
  -0.0578969   0.0439121  -0.09586138  0.10000906  0.12082914 -0.0372444
   0.05755289  0.03603986 -0.06612439  0.01955455  0.13162746 -0.08010974
   0.09952976  0.03094287  0.25082237 -0.07622322  0.15033126  0.16369766
   0.06941877  0.18904436 -0.07753315  0.08349891 -0.06617815  0.05408437
   0.06092635  0.05584894  0.06945671 -0.07233856 -0.04660387 -0.02772304
   0.11365311 -0.09596237 -0.02769079  0.10149852 -0.08526614 -0.04516945
   0.02259275 -0.11647783 -0.03114538 -0.00628376 -0.0157858   0.14891386
   0.05971389  0.0492368  -0.01838719 -0.02952312  0.200421   -0.04298063
  -0.08159224 -0.06775592 -0.08298562  0.08120374  0.02091295  0.14953977
  -0.04715794  0.11410405 -0.09238305  0.07478453 -0.06167174  0.13283429
   0.05999596  0.09684089 -0.08359099 -0.0516478   0.13454522 -0.07154495
   0.0992831  -0.04760921 -0.05450027 -0.02981229 -0.0529813   0.15155523
  -0.03868207 -0.00819837 -0.02521238 -0.0624048   0.05155141 -0.00910714
  -0.05138407 -0.05065829]]
[[ 0.0503018  -0.03897548 -0.04094894 -0.15460297 -0.00070233 -0.01811862
  -0.07228502 -0.05704623 -0.10437981 -0.04407551 -0.09795415 -0.02753199
  -0.0631242   0.12912868 -0.04967714  0.22271259 -0.07614943  0.07091819
  -0.05215347  0.11461556  0.00751662  0.15245855 -0.15248996  0.07746381
   0.16448408 -0.05799932  0.0387198   0.05851132  0.11337014 -0.06315201
  -0.03321327  0.02498448  0.11561678 -0.03510781 -0.03292033  0.03881282
   0.12174612 -0.07752283  0.21387494 -0.0491797   0.01339819 -0.04396476
  -0.09727827  0.00366421 -0.05282366 -0.08996306  0.07254966 -0.07823659
  -0.0578969   0.0439121  -0.09586138  0.10000906  0.12082914 -0.0372444
   0.05755289  0.03603986 -0.06612439  0.01955455  0.13162746 -0.08010974
   0.09952976  0.03094287  0.25082237 -0.07622322  0.15033126  0.16369766
   0.06941877  0.18904436 -0.07753315  0.08349891 -0.06617815  0.05408437
   0.06092635  0.05584894  0.06945671 -0.07233856 -0.04660387 -0.02772304
   0.11365311 -0.09596237 -0.02769079  0.10149852 -0.08526614 -0.04516945
   0.02259275 -0.11647783 -0.03114538 -0.00628376 -0.0157858   0.14891386
   0.05971389  0.0492368  -0.01838719 -0.02952312  0.200421   -0.04298063
  -0.08159224 -0.06775592 -0.08298562  0.08120374  0.02091295  0.14953977
  -0.04715794  0.11410405 -0.09238305  0.07478453 -0.06167174  0.13283429
   0.05999596  0.09684089 -0.08359099 -0.0516478   0.13454522 -0.07154495
   0.0992831  -0.04760921 -0.05450027 -0.02981229 -0.0529813   0.15155523
  -0.03868207 -0.00819837 -0.02521238 -0.0624048   0.05155141 -0.00910714
  -0.05138407 -0.05065829]]
[[ 0.0503018  -0.03897548 -0.04094894 -0.15460297 -0.00070233 -0.01811862
  -0.07228502 -0.05704623 -0.10437981 -0.04407551 -0.09795415 -0.02753199
  -0.0631242   0.12912868 -0.04967714  0.22271259 -0.07614943  0.07091819
  -0.05215347  0.11461556  0.00751662  0.15245855 -0.15248996  0.07746381
   0.16448408 -0.05799932  0.0387198   0.05851132  0.11337014 -0.06315201
  -0.03321327  0.02498448  0.11561678 -0.03510781 -0.03292033  0.03881282
   0.12174612 -0.07752283  0.21387494 -0.0491797   0.01339819 -0.04396476
  -0.09727827  0.00366421 -0.05282366 -0.08996306  0.07254966 -0.07823659
  -0.0578969   0.0439121  -0.09586138  0.10000906  0.12082914 -0.0372444
   0.05755289  0.03603986 -0.06612439  0.01955455  0.13162746 -0.08010974
   0.09952976  0.03094287  0.25082237 -0.07622322  0.15033126  0.16369766
   0.06941877  0.18904436 -0.07753315  0.08349891 -0.06617815  0.05408437
   0.06092635  0.05584894  0.06945671 -0.07233856 -0.04660387 -0.02772304
   0.11365311 -0.09596237 -0.02769079  0.10149852 -0.08526614 -0.04516945
   0.02259275 -0.11647783 -0.03114538 -0.00628376 -0.0157858   0.14891386
   0.05971389  0.0492368  -0.01838719 -0.02952312  0.200421   -0.04298063
  -0.08159224 -0.06775592 -0.08298562  0.08120374  0.02091295  0.14953977
  -0.04715794  0.11410405 -0.09238305  0.07478453 -0.06167174  0.13283429
   0.05999596  0.09684089 -0.08359099 -0.0516478   0.13454522 -0.07154495
   0.0992831  -0.04760921 -0.05450027 -0.02981229 -0.0529813   0.15155523
  -0.03868207 -0.00819837 -0.02521238 -0.0624048   0.05155141 -0.00910714
  -0.05138407 -0.05065829]]
[[ 0.0503018  -0.03897548 -0.04094894 -0.15460297 -0.00070233 -0.01811862
  -0.07228502 -0.05704623 -0.10437981 -0.04407551 -0.09795415 -0.02753199
  -0.0631242   0.12912868 -0.04967714  0.22271259 -0.07614943  0.07091819
  -0.05215347  0.11461556  0.00751662  0.15245855 -0.15248996  0.07746381
   0.16448408 -0.05799932  0.0387198   0.05851132  0.11337014 -0.06315201
  -0.03321327  0.02498448  0.11561678 -0.03510781 -0.03292033  0.03881282
   0.12174612 -0.07752283  0.21387494 -0.0491797   0.01339819 -0.04396476
  -0.09727827  0.00366421 -0.05282366 -0.08996306  0.07254966 -0.07823659
  -0.0578969   0.0439121  -0.09586138  0.10000906  0.12082914 -0.0372444
   0.05755289  0.03603986 -0.06612439  0.01955455  0.13162746 -0.08010974
   0.09952976  0.03094287  0.25082237 -0.07622322  0.15033126  0.16369766
   0.06941877  0.18904436 -0.07753315  0.08349891 -0.06617815  0.05408437
   0.06092635  0.05584894  0.06945671 -0.07233856 -0.04660387 -0.02772304
   0.11365311 -0.09596237 -0.02769079  0.10149852 -0.08526614 -0.04516945
   0.02259275 -0.11647783 -0.03114538 -0.00628376 -0.0157858   0.14891386
   0.05971389  0.0492368  -0.01838719 -0.02952312  0.200421   -0.04298063
  -0.08159224 -0.06775592 -0.08298562  0.08120374  0.02091295  0.14953977
  -0.04715794  0.11410405 -0.09238305  0.07478453 -0.06167174  0.13283429
   0.05999596  0.09684089 -0.08359099 -0.0516478   0.13454522 -0.07154495
   0.0992831  -0.04760921 -0.05450027 -0.02981229 -0.0529813   0.15155523
  -0.03868207 -0.00819837 -0.02521238 -0.0624048   0.05155141 -0.00910714
  -0.05138407 -0.05065829]]
