[[ 0.05244782 -0.04967785 -0.04831474 -0.16276127  0.003712    0.00268637
  -0.07754727 -0.05827577 -0.10546926 -0.03630109 -0.09442987 -0.02427338
  -0.08011665  0.14346726 -0.02851328  0.231435   -0.08227715  0.04347652
  -0.04099645  0.12413824  0.02067756  0.17914546 -0.14002298  0.06957321
   0.13346058 -0.06278635  0.06428806  0.03982326  0.10791013 -0.05912859
  -0.03528162  0.01483598  0.0871783  -0.04015792 -0.04026054  0.03497232
   0.06488575 -0.07980753  0.23568836 -0.03765383  0.01084668 -0.05766941
  -0.10029151 -0.01059944 -0.05023139 -0.08492588  0.07897833 -0.07392027
  -0.04770996  0.03526885 -0.10174609  0.07958314  0.13106553 -0.03968228
   0.05238219  0.01638529 -0.05885103  0.02726287  0.11364328 -0.07697181
   0.11399834 -0.00359     0.24792938 -0.07121009  0.16672115  0.15322086
   0.08055253  0.1969491  -0.07677761  0.12338992 -0.06506384  0.07002109
   0.0582309   0.05685638  0.0534474  -0.07964586 -0.05666099 -0.02579676
   0.11843655 -0.09296738 -0.03219347  0.10412481 -0.08093295 -0.04769588
   0.03866436 -0.10772575 -0.02514125 -0.03923452  0.01406461  0.11064763
   0.09123916  0.04912212 -0.02141278 -0.03539946  0.20758814 -0.06105944
  -0.07743197 -0.08134458 -0.07680267  0.07512319  0.0077177   0.12197885
  -0.04023672  0.12689492 -0.09679793  0.1140285  -0.06918292  0.14260422
   0.05995098  0.10427734 -0.08414523 -0.05571863  0.10771101 -0.0730555
   0.07314584 -0.02590477 -0.0537691  -0.03842081 -0.05195467  0.13439181
  -0.02580883 -0.01685671 -0.00564256 -0.06330423  0.04359998 -0.00944548
  -0.05342185 -0.05864196]]
[[ 0.05244782 -0.04967785 -0.04831474 -0.16276127  0.003712    0.00268637
  -0.07754727 -0.05827577 -0.10546926 -0.03630109 -0.09442987 -0.02427338
  -0.08011665  0.14346726 -0.02851328  0.231435   -0.08227715  0.04347652
  -0.04099645  0.12413824  0.02067756  0.17914546 -0.14002298  0.06957321
   0.13346058 -0.06278635  0.06428806  0.03982326  0.10791013 -0.05912859
  -0.03528162  0.01483598  0.0871783  -0.04015792 -0.04026054  0.03497232
   0.06488575 -0.07980753  0.23568836 -0.03765383  0.01084668 -0.05766941
  -0.10029151 -0.01059944 -0.05023139 -0.08492588  0.07897833 -0.07392027
  -0.04770996  0.03526885 -0.10174609  0.07958314  0.13106553 -0.03968228
   0.05238219  0.01638529 -0.05885103  0.02726287  0.11364328 -0.07697181
   0.11399834 -0.00359     0.24792938 -0.07121009  0.16672115  0.15322086
   0.08055253  0.1969491  -0.07677761  0.12338992 -0.06506384  0.07002109
   0.0582309   0.05685638  0.0534474  -0.07964586 -0.05666099 -0.02579676
   0.11843655 -0.09296738 -0.03219347  0.10412481 -0.08093295 -0.04769588
   0.03866436 -0.10772575 -0.02514125 -0.03923452  0.01406461  0.11064763
   0.09123916  0.04912212 -0.02141278 -0.03539946  0.20758814 -0.06105944
  -0.07743197 -0.08134458 -0.07680267  0.07512319  0.0077177   0.12197885
  -0.04023672  0.12689492 -0.09679793  0.1140285  -0.06918292  0.14260422
   0.05995098  0.10427734 -0.08414523 -0.05571863  0.10771101 -0.0730555
   0.07314584 -0.02590477 -0.0537691  -0.03842081 -0.05195467  0.13439181
  -0.02580883 -0.01685671 -0.00564256 -0.06330423  0.04359998 -0.00944548
  -0.05342185 -0.05864196]]
[[ 0.05244782 -0.04967785 -0.04831474 -0.16276127  0.003712    0.00268637
  -0.07754727 -0.05827577 -0.10546926 -0.03630109 -0.09442987 -0.02427338
  -0.08011665  0.14346726 -0.02851328  0.231435   -0.08227715  0.04347652
  -0.04099645  0.12413824  0.02067756  0.17914546 -0.14002298  0.06957321
   0.13346058 -0.06278635  0.06428806  0.03982326  0.10791013 -0.05912859
  -0.03528162  0.01483598  0.0871783  -0.04015792 -0.04026054  0.03497232
   0.06488575 -0.07980753  0.23568836 -0.03765383  0.01084668 -0.05766941
  -0.10029151 -0.01059944 -0.05023139 -0.08492588  0.07897833 -0.07392027
  -0.04770996  0.03526885 -0.10174609  0.07958314  0.13106553 -0.03968228
   0.05238219  0.01638529 -0.05885103  0.02726287  0.11364328 -0.07697181
   0.11399834 -0.00359     0.24792938 -0.07121009  0.16672115  0.15322086
   0.08055253  0.1969491  -0.07677761  0.12338992 -0.06506384  0.07002109
   0.0582309   0.05685638  0.0534474  -0.07964586 -0.05666099 -0.02579676
   0.11843655 -0.09296738 -0.03219347  0.10412481 -0.08093295 -0.04769588
   0.03866436 -0.10772575 -0.02514125 -0.03923452  0.01406461  0.11064763
   0.09123916  0.04912212 -0.02141278 -0.03539946  0.20758814 -0.06105944
  -0.07743197 -0.08134458 -0.07680267  0.07512319  0.0077177   0.12197885
  -0.04023672  0.12689492 -0.09679793  0.1140285  -0.06918292  0.14260422
   0.05995098  0.10427734 -0.08414523 -0.05571863  0.10771101 -0.0730555
   0.07314584 -0.02590477 -0.0537691  -0.03842081 -0.05195467  0.13439181
  -0.02580883 -0.01685671 -0.00564256 -0.06330423  0.04359998 -0.00944548
  -0.05342185 -0.05864196]]
[[ 0.05244782 -0.04967785 -0.04831474 -0.16276127  0.003712    0.00268637
  -0.07754727 -0.05827577 -0.10546926 -0.03630109 -0.09442987 -0.02427338
  -0.08011665  0.14346726 -0.02851328  0.231435   -0.08227715  0.04347652
  -0.04099645  0.12413824  0.02067756  0.17914546 -0.14002298  0.06957321
   0.13346058 -0.06278635  0.06428806  0.03982326  0.10791013 -0.05912859
  -0.03528162  0.01483598  0.0871783  -0.04015792 -0.04026054  0.03497232
   0.06488575 -0.07980753  0.23568836 -0.03765383  0.01084668 -0.05766941
  -0.10029151 -0.01059944 -0.05023139 -0.08492588  0.07897833 -0.07392027
  -0.04770996  0.03526885 -0.10174609  0.07958314  0.13106553 -0.03968228
   0.05238219  0.01638529 -0.05885103  0.02726287  0.11364328 -0.07697181
   0.11399834 -0.00359     0.24792938 -0.07121009  0.16672115  0.15322086
   0.08055253  0.1969491  -0.07677761  0.12338992 -0.06506384  0.07002109
   0.0582309   0.05685638  0.0534474  -0.07964586 -0.05666099 -0.02579676
   0.11843655 -0.09296738 -0.03219347  0.10412481 -0.08093295 -0.04769588
   0.03866436 -0.10772575 -0.02514125 -0.03923452  0.01406461  0.11064763
   0.09123916  0.04912212 -0.02141278 -0.03539946  0.20758814 -0.06105944
  -0.07743197 -0.08134458 -0.07680267  0.07512319  0.0077177   0.12197885
  -0.04023672  0.12689492 -0.09679793  0.1140285  -0.06918292  0.14260422
   0.05995098  0.10427734 -0.08414523 -0.05571863  0.10771101 -0.0730555
   0.07314584 -0.02590477 -0.0537691  -0.03842081 -0.05195467  0.13439181
  -0.02580883 -0.01685671 -0.00564256 -0.06330423  0.04359998 -0.00944548
  -0.05342185 -0.05864196]]
