[[ 0.10622513 -0.04938365 -0.05107262 -0.18543729 -0.02436149  0.04876374
  -0.06289751 -0.07174899 -0.09056813 -0.01738283 -0.08725232  0.00974856
  -0.05747419  0.13206789 -0.02658554  0.21325943 -0.07736628  0.08939118
  -0.04581557  0.12691684  0.02035061  0.11200856 -0.14388117  0.07742535
   0.1228887  -0.0638945   0.10949     0.07408608  0.18275824 -0.05968324
  -0.01527056  0.01460233  0.09417301 -0.03055956 -0.03413678  0.04094634
   0.09504305 -0.07686461  0.22662652 -0.05564843 -0.01221352 -0.0512988
  -0.09579406  0.00104011 -0.05628209 -0.08135539  0.10557419 -0.07101034
  -0.05190126  0.01624777 -0.08373099  0.07417737  0.16989079 -0.04237464
   0.09274016 -0.00067544 -0.0269625  -0.00654651  0.09229204 -0.0728076
   0.11041705 -0.01685124  0.20730923 -0.05932772  0.14153324  0.17885394
   0.05623741  0.16684224 -0.08146213  0.11884551 -0.06832929  0.05508146
   0.09019813  0.06688234  0.075918   -0.07512725 -0.03536846 -0.0340604
   0.09233393 -0.09660313 -0.01495831  0.10745794 -0.0758893  -0.03817192
   0.04510252 -0.07124414 -0.03794845 -0.01431919  0.01772888  0.13016713
   0.0509567   0.02354446 -0.02033265 -0.04140241  0.20550229 -0.05298484
  -0.06987776 -0.06360724 -0.07220233  0.05656601  0.02978555  0.09744217
  -0.04316361  0.11949202 -0.08401247  0.13326494 -0.05409231  0.15092853
   0.08614178  0.09209197 -0.06541277 -0.06490336  0.16251332 -0.06286722
   0.11589476 -0.0082398  -0.05514674  0.01003388 -0.05427839  0.15249957
  -0.01390371  0.00903337 -0.00823463 -0.06938711  0.06276851 -0.02340628
  -0.06564587 -0.05346518]]
[[ 0.10622513 -0.04938365 -0.05107262 -0.18543729 -0.02436149  0.04876374
  -0.06289751 -0.07174899 -0.09056813 -0.01738283 -0.08725232  0.00974856
  -0.05747419  0.13206789 -0.02658554  0.21325943 -0.07736628  0.08939118
  -0.04581557  0.12691684  0.02035061  0.11200856 -0.14388117  0.07742535
   0.1228887  -0.0638945   0.10949     0.07408608  0.18275824 -0.05968324
  -0.01527056  0.01460233  0.09417301 -0.03055956 -0.03413678  0.04094634
   0.09504305 -0.07686461  0.22662652 -0.05564843 -0.01221352 -0.0512988
  -0.09579406  0.00104011 -0.05628209 -0.08135539  0.10557419 -0.07101034
  -0.05190126  0.01624777 -0.08373099  0.07417737  0.16989079 -0.04237464
   0.09274016 -0.00067544 -0.0269625  -0.00654651  0.09229204 -0.0728076
   0.11041705 -0.01685124  0.20730923 -0.05932772  0.14153324  0.17885394
   0.05623741  0.16684224 -0.08146213  0.11884551 -0.06832929  0.05508146
   0.09019813  0.06688234  0.075918   -0.07512725 -0.03536846 -0.0340604
   0.09233393 -0.09660313 -0.01495831  0.10745794 -0.0758893  -0.03817192
   0.04510252 -0.07124414 -0.03794845 -0.01431919  0.01772888  0.13016713
   0.0509567   0.02354446 -0.02033265 -0.04140241  0.20550229 -0.05298484
  -0.06987776 -0.06360724 -0.07220233  0.05656601  0.02978555  0.09744217
  -0.04316361  0.11949202 -0.08401247  0.13326494 -0.05409231  0.15092853
   0.08614178  0.09209197 -0.06541277 -0.06490336  0.16251332 -0.06286722
   0.11589476 -0.0082398  -0.05514674  0.01003388 -0.05427839  0.15249957
  -0.01390371  0.00903337 -0.00823463 -0.06938711  0.06276851 -0.02340628
  -0.06564587 -0.05346518]]
[[ 0.10622513 -0.04938365 -0.05107262 -0.18543729 -0.02436149  0.04876374
  -0.06289751 -0.07174899 -0.09056813 -0.01738283 -0.08725232  0.00974856
  -0.05747419  0.13206789 -0.02658554  0.21325943 -0.07736628  0.08939118
  -0.04581557  0.12691684  0.02035061  0.11200856 -0.14388117  0.07742535
   0.1228887  -0.0638945   0.10949     0.07408608  0.18275824 -0.05968324
  -0.01527056  0.01460233  0.09417301 -0.03055956 -0.03413678  0.04094634
   0.09504305 -0.07686461  0.22662652 -0.05564843 -0.01221352 -0.0512988
  -0.09579406  0.00104011 -0.05628209 -0.08135539  0.10557419 -0.07101034
  -0.05190126  0.01624777 -0.08373099  0.07417737  0.16989079 -0.04237464
   0.09274016 -0.00067544 -0.0269625  -0.00654651  0.09229204 -0.0728076
   0.11041705 -0.01685124  0.20730923 -0.05932772  0.14153324  0.17885394
   0.05623741  0.16684224 -0.08146213  0.11884551 -0.06832929  0.05508146
   0.09019813  0.06688234  0.075918   -0.07512725 -0.03536846 -0.0340604
   0.09233393 -0.09660313 -0.01495831  0.10745794 -0.0758893  -0.03817192
   0.04510252 -0.07124414 -0.03794845 -0.01431919  0.01772888  0.13016713
   0.0509567   0.02354446 -0.02033265 -0.04140241  0.20550229 -0.05298484
  -0.06987776 -0.06360724 -0.07220233  0.05656601  0.02978555  0.09744217
  -0.04316361  0.11949202 -0.08401247  0.13326494 -0.05409231  0.15092853
   0.08614178  0.09209197 -0.06541277 -0.06490336  0.16251332 -0.06286722
   0.11589476 -0.0082398  -0.05514674  0.01003388 -0.05427839  0.15249957
  -0.01390371  0.00903337 -0.00823463 -0.06938711  0.06276851 -0.02340628
  -0.06564587 -0.05346518]]
[[ 0.10622513 -0.04938365 -0.05107262 -0.18543729 -0.02436149  0.04876374
  -0.06289751 -0.07174899 -0.09056813 -0.01738283 -0.08725232  0.00974856
  -0.05747419  0.13206789 -0.02658554  0.21325943 -0.07736628  0.08939118
  -0.04581557  0.12691684  0.02035061  0.11200856 -0.14388117  0.07742535
   0.1228887  -0.0638945   0.10949     0.07408608  0.18275824 -0.05968324
  -0.01527056  0.01460233  0.09417301 -0.03055956 -0.03413678  0.04094634
   0.09504305 -0.07686461  0.22662652 -0.05564843 -0.01221352 -0.0512988
  -0.09579406  0.00104011 -0.05628209 -0.08135539  0.10557419 -0.07101034
  -0.05190126  0.01624777 -0.08373099  0.07417737  0.16989079 -0.04237464
   0.09274016 -0.00067544 -0.0269625  -0.00654651  0.09229204 -0.0728076
   0.11041705 -0.01685124  0.20730923 -0.05932772  0.14153324  0.17885394
   0.05623741  0.16684224 -0.08146213  0.11884551 -0.06832929  0.05508146
   0.09019813  0.06688234  0.075918   -0.07512725 -0.03536846 -0.0340604
   0.09233393 -0.09660313 -0.01495831  0.10745794 -0.0758893  -0.03817192
   0.04510252 -0.07124414 -0.03794845 -0.01431919  0.01772888  0.13016713
   0.0509567   0.02354446 -0.02033265 -0.04140241  0.20550229 -0.05298484
  -0.06987776 -0.06360724 -0.07220233  0.05656601  0.02978555  0.09744217
  -0.04316361  0.11949202 -0.08401247  0.13326494 -0.05409231  0.15092853
   0.08614178  0.09209197 -0.06541277 -0.06490336  0.16251332 -0.06286722
   0.11589476 -0.0082398  -0.05514674  0.01003388 -0.05427839  0.15249957
  -0.01390371  0.00903337 -0.00823463 -0.06938711  0.06276851 -0.02340628
  -0.06564587 -0.05346518]]
[[ 0.10622513 -0.04938365 -0.05107262 -0.18543729 -0.02436149  0.04876374
  -0.06289751 -0.07174899 -0.09056813 -0.01738283 -0.08725232  0.00974856
  -0.05747419  0.13206789 -0.02658554  0.21325943 -0.07736628  0.08939118
  -0.04581557  0.12691684  0.02035061  0.11200856 -0.14388117  0.07742535
   0.1228887  -0.0638945   0.10949     0.07408608  0.18275824 -0.05968324
  -0.01527056  0.01460233  0.09417301 -0.03055956 -0.03413678  0.04094634
   0.09504305 -0.07686461  0.22662652 -0.05564843 -0.01221352 -0.0512988
  -0.09579406  0.00104011 -0.05628209 -0.08135539  0.10557419 -0.07101034
  -0.05190126  0.01624777 -0.08373099  0.07417737  0.16989079 -0.04237464
   0.09274016 -0.00067544 -0.0269625  -0.00654651  0.09229204 -0.0728076
   0.11041705 -0.01685124  0.20730923 -0.05932772  0.14153324  0.17885394
   0.05623741  0.16684224 -0.08146213  0.11884551 -0.06832929  0.05508146
   0.09019813  0.06688234  0.075918   -0.07512725 -0.03536846 -0.0340604
   0.09233393 -0.09660313 -0.01495831  0.10745794 -0.0758893  -0.03817192
   0.04510252 -0.07124414 -0.03794845 -0.01431919  0.01772888  0.13016713
   0.0509567   0.02354446 -0.02033265 -0.04140241  0.20550229 -0.05298484
  -0.06987776 -0.06360724 -0.07220233  0.05656601  0.02978555  0.09744217
  -0.04316361  0.11949202 -0.08401247  0.13326494 -0.05409231  0.15092853
   0.08614178  0.09209197 -0.06541277 -0.06490336  0.16251332 -0.06286722
   0.11589476 -0.0082398  -0.05514674  0.01003388 -0.05427839  0.15249957
  -0.01390371  0.00903337 -0.00823463 -0.06938711  0.06276851 -0.02340628
  -0.06564587 -0.05346518]]
