[[ 0.0843588  -0.04567311 -0.04804713 -0.1599596  -0.01749248  0.00519161
  -0.0773105  -0.06234384 -0.10813638 -0.0354289  -0.09554645 -0.01642878
  -0.07388374  0.13766004 -0.05439307  0.23752382 -0.08059002  0.03137126
  -0.03408128  0.09898364 -0.00096257  0.15713696 -0.15574954  0.08960058
   0.12006082 -0.06319741  0.03384362  0.03179646  0.12775418 -0.06187661
  -0.03806062  0.00922607  0.10833964 -0.02869273 -0.02762023  0.03467681
   0.10134514 -0.07115257  0.21567993 -0.02136504  0.04984933 -0.04872049
  -0.10288677 -0.02785472 -0.06093585 -0.09079944  0.10653745 -0.07659286
  -0.05379653  0.04093103 -0.09331408  0.07976607  0.11102574 -0.03800958
   0.06404006  0.02318553 -0.05649956  0.03384708  0.12247944 -0.06962024
   0.08616756  0.00812545  0.24601088 -0.07088887  0.18653733  0.15452762
   0.06351847  0.17531298 -0.08209543  0.0843427  -0.06650504  0.06149764
   0.04502876  0.07014588  0.05945589 -0.0690281  -0.05881888 -0.02743365
   0.10972915 -0.08592558 -0.03585934  0.14357215 -0.08080257 -0.05365632
   0.01622294 -0.10309136 -0.03251703 -0.02982376 -0.02188333  0.12463679
   0.10207222  0.03662667 -0.04399    -0.0176279   0.20353079 -0.0547201
  -0.08038434 -0.06717331 -0.078919    0.08411341 -0.00500984  0.11841977
  -0.04732424  0.09021877 -0.09058437  0.12766567 -0.06815373  0.14615218
   0.05895697  0.09200481 -0.08797067 -0.0542178   0.11850959 -0.07528026
   0.10152313 -0.03026274 -0.04949109 -0.03349844 -0.04344363  0.16047907
  -0.03464051 -0.02545647 -0.0321796  -0.06291932  0.05081567 -0.0196088
  -0.0404786  -0.05484256]]
[[ 0.0843588  -0.04567311 -0.04804713 -0.1599596  -0.01749248  0.00519161
  -0.0773105  -0.06234384 -0.10813638 -0.0354289  -0.09554645 -0.01642878
  -0.07388374  0.13766004 -0.05439307  0.23752382 -0.08059002  0.03137126
  -0.03408128  0.09898364 -0.00096257  0.15713696 -0.15574954  0.08960058
   0.12006082 -0.06319741  0.03384362  0.03179646  0.12775418 -0.06187661
  -0.03806062  0.00922607  0.10833964 -0.02869273 -0.02762023  0.03467681
   0.10134514 -0.07115257  0.21567993 -0.02136504  0.04984933 -0.04872049
  -0.10288677 -0.02785472 -0.06093585 -0.09079944  0.10653745 -0.07659286
  -0.05379653  0.04093103 -0.09331408  0.07976607  0.11102574 -0.03800958
   0.06404006  0.02318553 -0.05649956  0.03384708  0.12247944 -0.06962024
   0.08616756  0.00812545  0.24601088 -0.07088887  0.18653733  0.15452762
   0.06351847  0.17531298 -0.08209543  0.0843427  -0.06650504  0.06149764
   0.04502876  0.07014588  0.05945589 -0.0690281  -0.05881888 -0.02743365
   0.10972915 -0.08592558 -0.03585934  0.14357215 -0.08080257 -0.05365632
   0.01622294 -0.10309136 -0.03251703 -0.02982376 -0.02188333  0.12463679
   0.10207222  0.03662667 -0.04399    -0.0176279   0.20353079 -0.0547201
  -0.08038434 -0.06717331 -0.078919    0.08411341 -0.00500984  0.11841977
  -0.04732424  0.09021877 -0.09058437  0.12766567 -0.06815373  0.14615218
   0.05895697  0.09200481 -0.08797067 -0.0542178   0.11850959 -0.07528026
   0.10152313 -0.03026274 -0.04949109 -0.03349844 -0.04344363  0.16047907
  -0.03464051 -0.02545647 -0.0321796  -0.06291932  0.05081567 -0.0196088
  -0.0404786  -0.05484256]]
[[ 0.0843588  -0.04567311 -0.04804713 -0.1599596  -0.01749248  0.00519161
  -0.0773105  -0.06234384 -0.10813638 -0.0354289  -0.09554645 -0.01642878
  -0.07388374  0.13766004 -0.05439307  0.23752382 -0.08059002  0.03137126
  -0.03408128  0.09898364 -0.00096257  0.15713696 -0.15574954  0.08960058
   0.12006082 -0.06319741  0.03384362  0.03179646  0.12775418 -0.06187661
  -0.03806062  0.00922607  0.10833964 -0.02869273 -0.02762023  0.03467681
   0.10134514 -0.07115257  0.21567993 -0.02136504  0.04984933 -0.04872049
  -0.10288677 -0.02785472 -0.06093585 -0.09079944  0.10653745 -0.07659286
  -0.05379653  0.04093103 -0.09331408  0.07976607  0.11102574 -0.03800958
   0.06404006  0.02318553 -0.05649956  0.03384708  0.12247944 -0.06962024
   0.08616756  0.00812545  0.24601088 -0.07088887  0.18653733  0.15452762
   0.06351847  0.17531298 -0.08209543  0.0843427  -0.06650504  0.06149764
   0.04502876  0.07014588  0.05945589 -0.0690281  -0.05881888 -0.02743365
   0.10972915 -0.08592558 -0.03585934  0.14357215 -0.08080257 -0.05365632
   0.01622294 -0.10309136 -0.03251703 -0.02982376 -0.02188333  0.12463679
   0.10207222  0.03662667 -0.04399    -0.0176279   0.20353079 -0.0547201
  -0.08038434 -0.06717331 -0.078919    0.08411341 -0.00500984  0.11841977
  -0.04732424  0.09021877 -0.09058437  0.12766567 -0.06815373  0.14615218
   0.05895697  0.09200481 -0.08797067 -0.0542178   0.11850959 -0.07528026
   0.10152313 -0.03026274 -0.04949109 -0.03349844 -0.04344363  0.16047907
  -0.03464051 -0.02545647 -0.0321796  -0.06291932  0.05081567 -0.0196088
  -0.0404786  -0.05484256]]
[[ 0.0843588  -0.04567311 -0.04804713 -0.1599596  -0.01749248  0.00519161
  -0.0773105  -0.06234384 -0.10813638 -0.0354289  -0.09554645 -0.01642878
  -0.07388374  0.13766004 -0.05439307  0.23752382 -0.08059002  0.03137126
  -0.03408128  0.09898364 -0.00096257  0.15713696 -0.15574954  0.08960058
   0.12006082 -0.06319741  0.03384362  0.03179646  0.12775418 -0.06187661
  -0.03806062  0.00922607  0.10833964 -0.02869273 -0.02762023  0.03467681
   0.10134514 -0.07115257  0.21567993 -0.02136504  0.04984933 -0.04872049
  -0.10288677 -0.02785472 -0.06093585 -0.09079944  0.10653745 -0.07659286
  -0.05379653  0.04093103 -0.09331408  0.07976607  0.11102574 -0.03800958
   0.06404006  0.02318553 -0.05649956  0.03384708  0.12247944 -0.06962024
   0.08616756  0.00812545  0.24601088 -0.07088887  0.18653733  0.15452762
   0.06351847  0.17531298 -0.08209543  0.0843427  -0.06650504  0.06149764
   0.04502876  0.07014588  0.05945589 -0.0690281  -0.05881888 -0.02743365
   0.10972915 -0.08592558 -0.03585934  0.14357215 -0.08080257 -0.05365632
   0.01622294 -0.10309136 -0.03251703 -0.02982376 -0.02188333  0.12463679
   0.10207222  0.03662667 -0.04399    -0.0176279   0.20353079 -0.0547201
  -0.08038434 -0.06717331 -0.078919    0.08411341 -0.00500984  0.11841977
  -0.04732424  0.09021877 -0.09058437  0.12766567 -0.06815373  0.14615218
   0.05895697  0.09200481 -0.08797067 -0.0542178   0.11850959 -0.07528026
   0.10152313 -0.03026274 -0.04949109 -0.03349844 -0.04344363  0.16047907
  -0.03464051 -0.02545647 -0.0321796  -0.06291932  0.05081567 -0.0196088
  -0.0404786  -0.05484256]]
