[[ 0.10011107 -0.04964402 -0.03499087 -0.17284083 -0.00483846  0.06262378
  -0.07423586 -0.07079828 -0.10200837 -0.03053457 -0.09583661  0.01527708
  -0.0784253   0.14221022 -0.03512209  0.23435509 -0.08219821  0.05169374
  -0.04481509  0.12093557  0.01894862  0.09010544 -0.15009321  0.05281255
   0.11237872 -0.06815747  0.08468154  0.04353749  0.13120407 -0.06381991
  -0.02072846  0.01069944  0.10011988 -0.02311661 -0.04583726  0.04274425
   0.09778035 -0.07787567  0.23540238 -0.05549502  0.02837135 -0.04626412
  -0.10021251 -0.01773957 -0.06450766 -0.09016525  0.11558855 -0.07848386
  -0.05654133  0.01526934 -0.08880098  0.06415962  0.12771851 -0.04681448
   0.07593453 -0.00597268 -0.02648874  0.02446038  0.08838162 -0.06599874
   0.10452721 -0.02626403  0.19469957 -0.06324154  0.19582732  0.16244863
   0.06805279  0.17607434 -0.08924566  0.10118359 -0.06561826  0.06704907
   0.06170582  0.0880283   0.05883413 -0.07550689 -0.03860179 -0.02170369
   0.09443845 -0.10259764 -0.02235215  0.1431229  -0.0795513  -0.04722383
   0.03008878 -0.08227799 -0.03371409 -0.02932814  0.03072845  0.1250316
   0.08555463  0.01816334 -0.03536386 -0.02621507  0.21178426 -0.07433736
  -0.07694896 -0.06824158 -0.06617021  0.05633848  0.00695839  0.09308662
  -0.05879356  0.08735426 -0.08694894  0.14829409 -0.0631255   0.14757958
   0.0841755   0.08717356 -0.0794372  -0.05963465  0.14127484 -0.07174005
   0.11992815 -0.02055775 -0.05099733 -0.01042681 -0.04634056  0.16265178
  -0.01995745  0.00085158 -0.01265295 -0.06407967  0.04876706 -0.03153689
  -0.06719934 -0.05786531]]
[[ 0.10011107 -0.04964402 -0.03499087 -0.17284083 -0.00483846  0.06262378
  -0.07423586 -0.07079828 -0.10200837 -0.03053457 -0.09583661  0.01527708
  -0.0784253   0.14221022 -0.03512209  0.23435509 -0.08219821  0.05169374
  -0.04481509  0.12093557  0.01894862  0.09010544 -0.15009321  0.05281255
   0.11237872 -0.06815747  0.08468154  0.04353749  0.13120407 -0.06381991
  -0.02072846  0.01069944  0.10011988 -0.02311661 -0.04583726  0.04274425
   0.09778035 -0.07787567  0.23540238 -0.05549502  0.02837135 -0.04626412
  -0.10021251 -0.01773957 -0.06450766 -0.09016525  0.11558855 -0.07848386
  -0.05654133  0.01526934 -0.08880098  0.06415962  0.12771851 -0.04681448
   0.07593453 -0.00597268 -0.02648874  0.02446038  0.08838162 -0.06599874
   0.10452721 -0.02626403  0.19469957 -0.06324154  0.19582732  0.16244863
   0.06805279  0.17607434 -0.08924566  0.10118359 -0.06561826  0.06704907
   0.06170582  0.0880283   0.05883413 -0.07550689 -0.03860179 -0.02170369
   0.09443845 -0.10259764 -0.02235215  0.1431229  -0.0795513  -0.04722383
   0.03008878 -0.08227799 -0.03371409 -0.02932814  0.03072845  0.1250316
   0.08555463  0.01816334 -0.03536386 -0.02621507  0.21178426 -0.07433736
  -0.07694896 -0.06824158 -0.06617021  0.05633848  0.00695839  0.09308662
  -0.05879356  0.08735426 -0.08694894  0.14829409 -0.0631255   0.14757958
   0.0841755   0.08717356 -0.0794372  -0.05963465  0.14127484 -0.07174005
   0.11992815 -0.02055775 -0.05099733 -0.01042681 -0.04634056  0.16265178
  -0.01995745  0.00085158 -0.01265295 -0.06407967  0.04876706 -0.03153689
  -0.06719934 -0.05786531]]
[[ 0.10011107 -0.04964402 -0.03499087 -0.17284083 -0.00483846  0.06262378
  -0.07423586 -0.07079828 -0.10200837 -0.03053457 -0.09583661  0.01527708
  -0.0784253   0.14221022 -0.03512209  0.23435509 -0.08219821  0.05169374
  -0.04481509  0.12093557  0.01894862  0.09010544 -0.15009321  0.05281255
   0.11237872 -0.06815747  0.08468154  0.04353749  0.13120407 -0.06381991
  -0.02072846  0.01069944  0.10011988 -0.02311661 -0.04583726  0.04274425
   0.09778035 -0.07787567  0.23540238 -0.05549502  0.02837135 -0.04626412
  -0.10021251 -0.01773957 -0.06450766 -0.09016525  0.11558855 -0.07848386
  -0.05654133  0.01526934 -0.08880098  0.06415962  0.12771851 -0.04681448
   0.07593453 -0.00597268 -0.02648874  0.02446038  0.08838162 -0.06599874
   0.10452721 -0.02626403  0.19469957 -0.06324154  0.19582732  0.16244863
   0.06805279  0.17607434 -0.08924566  0.10118359 -0.06561826  0.06704907
   0.06170582  0.0880283   0.05883413 -0.07550689 -0.03860179 -0.02170369
   0.09443845 -0.10259764 -0.02235215  0.1431229  -0.0795513  -0.04722383
   0.03008878 -0.08227799 -0.03371409 -0.02932814  0.03072845  0.1250316
   0.08555463  0.01816334 -0.03536386 -0.02621507  0.21178426 -0.07433736
  -0.07694896 -0.06824158 -0.06617021  0.05633848  0.00695839  0.09308662
  -0.05879356  0.08735426 -0.08694894  0.14829409 -0.0631255   0.14757958
   0.0841755   0.08717356 -0.0794372  -0.05963465  0.14127484 -0.07174005
   0.11992815 -0.02055775 -0.05099733 -0.01042681 -0.04634056  0.16265178
  -0.01995745  0.00085158 -0.01265295 -0.06407967  0.04876706 -0.03153689
  -0.06719934 -0.05786531]]
[[ 0.10011107 -0.04964402 -0.03499087 -0.17284083 -0.00483846  0.06262378
  -0.07423586 -0.07079828 -0.10200837 -0.03053457 -0.09583661  0.01527708
  -0.0784253   0.14221022 -0.03512209  0.23435509 -0.08219821  0.05169374
  -0.04481509  0.12093557  0.01894862  0.09010544 -0.15009321  0.05281255
   0.11237872 -0.06815747  0.08468154  0.04353749  0.13120407 -0.06381991
  -0.02072846  0.01069944  0.10011988 -0.02311661 -0.04583726  0.04274425
   0.09778035 -0.07787567  0.23540238 -0.05549502  0.02837135 -0.04626412
  -0.10021251 -0.01773957 -0.06450766 -0.09016525  0.11558855 -0.07848386
  -0.05654133  0.01526934 -0.08880098  0.06415962  0.12771851 -0.04681448
   0.07593453 -0.00597268 -0.02648874  0.02446038  0.08838162 -0.06599874
   0.10452721 -0.02626403  0.19469957 -0.06324154  0.19582732  0.16244863
   0.06805279  0.17607434 -0.08924566  0.10118359 -0.06561826  0.06704907
   0.06170582  0.0880283   0.05883413 -0.07550689 -0.03860179 -0.02170369
   0.09443845 -0.10259764 -0.02235215  0.1431229  -0.0795513  -0.04722383
   0.03008878 -0.08227799 -0.03371409 -0.02932814  0.03072845  0.1250316
   0.08555463  0.01816334 -0.03536386 -0.02621507  0.21178426 -0.07433736
  -0.07694896 -0.06824158 -0.06617021  0.05633848  0.00695839  0.09308662
  -0.05879356  0.08735426 -0.08694894  0.14829409 -0.0631255   0.14757958
   0.0841755   0.08717356 -0.0794372  -0.05963465  0.14127484 -0.07174005
   0.11992815 -0.02055775 -0.05099733 -0.01042681 -0.04634056  0.16265178
  -0.01995745  0.00085158 -0.01265295 -0.06407967  0.04876706 -0.03153689
  -0.06719934 -0.05786531]]
[[ 0.10011107 -0.04964402 -0.03499087 -0.17284083 -0.00483846  0.06262378
  -0.07423586 -0.07079828 -0.10200837 -0.03053457 -0.09583661  0.01527708
  -0.0784253   0.14221022 -0.03512209  0.23435509 -0.08219821  0.05169374
  -0.04481509  0.12093557  0.01894862  0.09010544 -0.15009321  0.05281255
   0.11237872 -0.06815747  0.08468154  0.04353749  0.13120407 -0.06381991
  -0.02072846  0.01069944  0.10011988 -0.02311661 -0.04583726  0.04274425
   0.09778035 -0.07787567  0.23540238 -0.05549502  0.02837135 -0.04626412
  -0.10021251 -0.01773957 -0.06450766 -0.09016525  0.11558855 -0.07848386
  -0.05654133  0.01526934 -0.08880098  0.06415962  0.12771851 -0.04681448
   0.07593453 -0.00597268 -0.02648874  0.02446038  0.08838162 -0.06599874
   0.10452721 -0.02626403  0.19469957 -0.06324154  0.19582732  0.16244863
   0.06805279  0.17607434 -0.08924566  0.10118359 -0.06561826  0.06704907
   0.06170582  0.0880283   0.05883413 -0.07550689 -0.03860179 -0.02170369
   0.09443845 -0.10259764 -0.02235215  0.1431229  -0.0795513  -0.04722383
   0.03008878 -0.08227799 -0.03371409 -0.02932814  0.03072845  0.1250316
   0.08555463  0.01816334 -0.03536386 -0.02621507  0.21178426 -0.07433736
  -0.07694896 -0.06824158 -0.06617021  0.05633848  0.00695839  0.09308662
  -0.05879356  0.08735426 -0.08694894  0.14829409 -0.0631255   0.14757958
   0.0841755   0.08717356 -0.0794372  -0.05963465  0.14127484 -0.07174005
   0.11992815 -0.02055775 -0.05099733 -0.01042681 -0.04634056  0.16265178
  -0.01995745  0.00085158 -0.01265295 -0.06407967  0.04876706 -0.03153689
  -0.06719934 -0.05786531]]
