[[ 9.55037326e-02 -5.66095635e-02 -4.47444208e-02 -1.92762792e-01
  -2.93354783e-02  2.89536249e-02 -6.46022856e-02 -7.44993836e-02
  -8.81435350e-02 -2.01293249e-02 -8.49302486e-02  1.15979491e-02
  -6.71583787e-02  1.43579856e-01 -2.87655294e-02  2.03612834e-01
  -7.50290081e-02  6.70248941e-02 -4.33238670e-02  1.51079446e-01
   1.25725167e-02  1.35609016e-01 -1.42197818e-01  7.21730217e-02
   1.16196200e-01 -6.53682277e-02  1.24846399e-01  7.28651956e-02
   1.77724481e-01 -6.19975664e-02 -1.83294211e-02  2.49487571e-02
   7.74396509e-02 -4.61690463e-02 -3.39149050e-02  4.83865924e-02
   6.20834567e-02 -7.50064030e-02  2.12338686e-01 -5.98105602e-02
  -3.68360206e-02 -5.32791987e-02 -1.00284748e-01  1.47164930e-02
  -5.83220348e-02 -8.17610994e-02  1.07768066e-01 -7.08214864e-02
  -5.03870770e-02  6.84883446e-03 -9.17260870e-02  7.10631013e-02
   1.91249758e-01 -3.74405757e-02  9.66074988e-02  3.54875927e-03
  -2.39623636e-02 -1.34618691e-04  1.10233963e-01 -7.34304935e-02
   1.01825550e-01 -2.49778312e-02  2.08738402e-01 -6.54357821e-02
   1.54698655e-01  1.79581925e-01  6.62080050e-02  1.50706246e-01
  -8.04312751e-02  1.35142356e-01 -6.80141374e-02  5.85887544e-02
   7.60134980e-02  4.78651598e-02  5.46755083e-02 -7.40682259e-02
  -3.06334328e-02 -4.20815572e-02  9.69158635e-02 -9.71866101e-02
  -2.24023089e-02  8.69247913e-02 -7.54100457e-02 -4.01247889e-02
   2.99805980e-02 -7.07520470e-02 -1.76160280e-02 -2.30590161e-02
   4.60971817e-02  1.17639184e-01  3.67073268e-02  5.49792759e-02
  -1.95020065e-02 -5.04369810e-02  1.98402852e-01 -5.10549508e-02
  -6.78569898e-02 -7.13409707e-02 -7.99286515e-02  6.07684068e-02
   2.86754668e-02  9.02869776e-02 -3.45632508e-02  1.18966267e-01
  -8.93113092e-02  1.10975035e-01 -4.95043918e-02  1.54295564e-01
   9.84027386e-02  1.06780156e-01 -6.51001334e-02 -6.81777894e-02
   1.66419506e-01 -6.60444871e-02  9.53053162e-02 -1.52481385e-02
  -5.28198294e-02  1.04506668e-02 -5.21846861e-02  1.47641063e-01
   1.57055948e-02  5.61112585e-03 -1.79417133e-02 -7.13535845e-02
   7.66457692e-02 -1.70526542e-02 -6.35758936e-02 -4.70346808e-02]]
[[ 9.55037326e-02 -5.66095635e-02 -4.47444208e-02 -1.92762792e-01
  -2.93354783e-02  2.89536249e-02 -6.46022856e-02 -7.44993836e-02
  -8.81435350e-02 -2.01293249e-02 -8.49302486e-02  1.15979491e-02
  -6.71583787e-02  1.43579856e-01 -2.87655294e-02  2.03612834e-01
  -7.50290081e-02  6.70248941e-02 -4.33238670e-02  1.51079446e-01
   1.25725167e-02  1.35609016e-01 -1.42197818e-01  7.21730217e-02
   1.16196200e-01 -6.53682277e-02  1.24846399e-01  7.28651956e-02
   1.77724481e-01 -6.19975664e-02 -1.83294211e-02  2.49487571e-02
   7.74396509e-02 -4.61690463e-02 -3.39149050e-02  4.83865924e-02
   6.20834567e-02 -7.50064030e-02  2.12338686e-01 -5.98105602e-02
  -3.68360206e-02 -5.32791987e-02 -1.00284748e-01  1.47164930e-02
  -5.83220348e-02 -8.17610994e-02  1.07768066e-01 -7.08214864e-02
  -5.03870770e-02  6.84883446e-03 -9.17260870e-02  7.10631013e-02
   1.91249758e-01 -3.74405757e-02  9.66074988e-02  3.54875927e-03
  -2.39623636e-02 -1.34618691e-04  1.10233963e-01 -7.34304935e-02
   1.01825550e-01 -2.49778312e-02  2.08738402e-01 -6.54357821e-02
   1.54698655e-01  1.79581925e-01  6.62080050e-02  1.50706246e-01
  -8.04312751e-02  1.35142356e-01 -6.80141374e-02  5.85887544e-02
   7.60134980e-02  4.78651598e-02  5.46755083e-02 -7.40682259e-02
  -3.06334328e-02 -4.20815572e-02  9.69158635e-02 -9.71866101e-02
  -2.24023089e-02  8.69247913e-02 -7.54100457e-02 -4.01247889e-02
   2.99805980e-02 -7.07520470e-02 -1.76160280e-02 -2.30590161e-02
   4.60971817e-02  1.17639184e-01  3.67073268e-02  5.49792759e-02
  -1.95020065e-02 -5.04369810e-02  1.98402852e-01 -5.10549508e-02
  -6.78569898e-02 -7.13409707e-02 -7.99286515e-02  6.07684068e-02
   2.86754668e-02  9.02869776e-02 -3.45632508e-02  1.18966267e-01
  -8.93113092e-02  1.10975035e-01 -4.95043918e-02  1.54295564e-01
   9.84027386e-02  1.06780156e-01 -6.51001334e-02 -6.81777894e-02
   1.66419506e-01 -6.60444871e-02  9.53053162e-02 -1.52481385e-02
  -5.28198294e-02  1.04506668e-02 -5.21846861e-02  1.47641063e-01
   1.57055948e-02  5.61112585e-03 -1.79417133e-02 -7.13535845e-02
   7.66457692e-02 -1.70526542e-02 -6.35758936e-02 -4.70346808e-02]]
[[ 9.55037326e-02 -5.66095635e-02 -4.47444208e-02 -1.92762792e-01
  -2.93354783e-02  2.89536249e-02 -6.46022856e-02 -7.44993836e-02
  -8.81435350e-02 -2.01293249e-02 -8.49302486e-02  1.15979491e-02
  -6.71583787e-02  1.43579856e-01 -2.87655294e-02  2.03612834e-01
  -7.50290081e-02  6.70248941e-02 -4.33238670e-02  1.51079446e-01
   1.25725167e-02  1.35609016e-01 -1.42197818e-01  7.21730217e-02
   1.16196200e-01 -6.53682277e-02  1.24846399e-01  7.28651956e-02
   1.77724481e-01 -6.19975664e-02 -1.83294211e-02  2.49487571e-02
   7.74396509e-02 -4.61690463e-02 -3.39149050e-02  4.83865924e-02
   6.20834567e-02 -7.50064030e-02  2.12338686e-01 -5.98105602e-02
  -3.68360206e-02 -5.32791987e-02 -1.00284748e-01  1.47164930e-02
  -5.83220348e-02 -8.17610994e-02  1.07768066e-01 -7.08214864e-02
  -5.03870770e-02  6.84883446e-03 -9.17260870e-02  7.10631013e-02
   1.91249758e-01 -3.74405757e-02  9.66074988e-02  3.54875927e-03
  -2.39623636e-02 -1.34618691e-04  1.10233963e-01 -7.34304935e-02
   1.01825550e-01 -2.49778312e-02  2.08738402e-01 -6.54357821e-02
   1.54698655e-01  1.79581925e-01  6.62080050e-02  1.50706246e-01
  -8.04312751e-02  1.35142356e-01 -6.80141374e-02  5.85887544e-02
   7.60134980e-02  4.78651598e-02  5.46755083e-02 -7.40682259e-02
  -3.06334328e-02 -4.20815572e-02  9.69158635e-02 -9.71866101e-02
  -2.24023089e-02  8.69247913e-02 -7.54100457e-02 -4.01247889e-02
   2.99805980e-02 -7.07520470e-02 -1.76160280e-02 -2.30590161e-02
   4.60971817e-02  1.17639184e-01  3.67073268e-02  5.49792759e-02
  -1.95020065e-02 -5.04369810e-02  1.98402852e-01 -5.10549508e-02
  -6.78569898e-02 -7.13409707e-02 -7.99286515e-02  6.07684068e-02
   2.86754668e-02  9.02869776e-02 -3.45632508e-02  1.18966267e-01
  -8.93113092e-02  1.10975035e-01 -4.95043918e-02  1.54295564e-01
   9.84027386e-02  1.06780156e-01 -6.51001334e-02 -6.81777894e-02
   1.66419506e-01 -6.60444871e-02  9.53053162e-02 -1.52481385e-02
  -5.28198294e-02  1.04506668e-02 -5.21846861e-02  1.47641063e-01
   1.57055948e-02  5.61112585e-03 -1.79417133e-02 -7.13535845e-02
   7.66457692e-02 -1.70526542e-02 -6.35758936e-02 -4.70346808e-02]]
[[ 9.55037326e-02 -5.66095635e-02 -4.47444208e-02 -1.92762792e-01
  -2.93354783e-02  2.89536249e-02 -6.46022856e-02 -7.44993836e-02
  -8.81435350e-02 -2.01293249e-02 -8.49302486e-02  1.15979491e-02
  -6.71583787e-02  1.43579856e-01 -2.87655294e-02  2.03612834e-01
  -7.50290081e-02  6.70248941e-02 -4.33238670e-02  1.51079446e-01
   1.25725167e-02  1.35609016e-01 -1.42197818e-01  7.21730217e-02
   1.16196200e-01 -6.53682277e-02  1.24846399e-01  7.28651956e-02
   1.77724481e-01 -6.19975664e-02 -1.83294211e-02  2.49487571e-02
   7.74396509e-02 -4.61690463e-02 -3.39149050e-02  4.83865924e-02
   6.20834567e-02 -7.50064030e-02  2.12338686e-01 -5.98105602e-02
  -3.68360206e-02 -5.32791987e-02 -1.00284748e-01  1.47164930e-02
  -5.83220348e-02 -8.17610994e-02  1.07768066e-01 -7.08214864e-02
  -5.03870770e-02  6.84883446e-03 -9.17260870e-02  7.10631013e-02
   1.91249758e-01 -3.74405757e-02  9.66074988e-02  3.54875927e-03
  -2.39623636e-02 -1.34618691e-04  1.10233963e-01 -7.34304935e-02
   1.01825550e-01 -2.49778312e-02  2.08738402e-01 -6.54357821e-02
   1.54698655e-01  1.79581925e-01  6.62080050e-02  1.50706246e-01
  -8.04312751e-02  1.35142356e-01 -6.80141374e-02  5.85887544e-02
   7.60134980e-02  4.78651598e-02  5.46755083e-02 -7.40682259e-02
  -3.06334328e-02 -4.20815572e-02  9.69158635e-02 -9.71866101e-02
  -2.24023089e-02  8.69247913e-02 -7.54100457e-02 -4.01247889e-02
   2.99805980e-02 -7.07520470e-02 -1.76160280e-02 -2.30590161e-02
   4.60971817e-02  1.17639184e-01  3.67073268e-02  5.49792759e-02
  -1.95020065e-02 -5.04369810e-02  1.98402852e-01 -5.10549508e-02
  -6.78569898e-02 -7.13409707e-02 -7.99286515e-02  6.07684068e-02
   2.86754668e-02  9.02869776e-02 -3.45632508e-02  1.18966267e-01
  -8.93113092e-02  1.10975035e-01 -4.95043918e-02  1.54295564e-01
   9.84027386e-02  1.06780156e-01 -6.51001334e-02 -6.81777894e-02
   1.66419506e-01 -6.60444871e-02  9.53053162e-02 -1.52481385e-02
  -5.28198294e-02  1.04506668e-02 -5.21846861e-02  1.47641063e-01
   1.57055948e-02  5.61112585e-03 -1.79417133e-02 -7.13535845e-02
   7.66457692e-02 -1.70526542e-02 -6.35758936e-02 -4.70346808e-02]]
[[ 9.55037326e-02 -5.66095635e-02 -4.47444208e-02 -1.92762792e-01
  -2.93354783e-02  2.89536249e-02 -6.46022856e-02 -7.44993836e-02
  -8.81435350e-02 -2.01293249e-02 -8.49302486e-02  1.15979491e-02
  -6.71583787e-02  1.43579856e-01 -2.87655294e-02  2.03612834e-01
  -7.50290081e-02  6.70248941e-02 -4.33238670e-02  1.51079446e-01
   1.25725167e-02  1.35609016e-01 -1.42197818e-01  7.21730217e-02
   1.16196200e-01 -6.53682277e-02  1.24846399e-01  7.28651956e-02
   1.77724481e-01 -6.19975664e-02 -1.83294211e-02  2.49487571e-02
   7.74396509e-02 -4.61690463e-02 -3.39149050e-02  4.83865924e-02
   6.20834567e-02 -7.50064030e-02  2.12338686e-01 -5.98105602e-02
  -3.68360206e-02 -5.32791987e-02 -1.00284748e-01  1.47164930e-02
  -5.83220348e-02 -8.17610994e-02  1.07768066e-01 -7.08214864e-02
  -5.03870770e-02  6.84883446e-03 -9.17260870e-02  7.10631013e-02
   1.91249758e-01 -3.74405757e-02  9.66074988e-02  3.54875927e-03
  -2.39623636e-02 -1.34618691e-04  1.10233963e-01 -7.34304935e-02
   1.01825550e-01 -2.49778312e-02  2.08738402e-01 -6.54357821e-02
   1.54698655e-01  1.79581925e-01  6.62080050e-02  1.50706246e-01
  -8.04312751e-02  1.35142356e-01 -6.80141374e-02  5.85887544e-02
   7.60134980e-02  4.78651598e-02  5.46755083e-02 -7.40682259e-02
  -3.06334328e-02 -4.20815572e-02  9.69158635e-02 -9.71866101e-02
  -2.24023089e-02  8.69247913e-02 -7.54100457e-02 -4.01247889e-02
   2.99805980e-02 -7.07520470e-02 -1.76160280e-02 -2.30590161e-02
   4.60971817e-02  1.17639184e-01  3.67073268e-02  5.49792759e-02
  -1.95020065e-02 -5.04369810e-02  1.98402852e-01 -5.10549508e-02
  -6.78569898e-02 -7.13409707e-02 -7.99286515e-02  6.07684068e-02
   2.86754668e-02  9.02869776e-02 -3.45632508e-02  1.18966267e-01
  -8.93113092e-02  1.10975035e-01 -4.95043918e-02  1.54295564e-01
   9.84027386e-02  1.06780156e-01 -6.51001334e-02 -6.81777894e-02
   1.66419506e-01 -6.60444871e-02  9.53053162e-02 -1.52481385e-02
  -5.28198294e-02  1.04506668e-02 -5.21846861e-02  1.47641063e-01
   1.57055948e-02  5.61112585e-03 -1.79417133e-02 -7.13535845e-02
   7.66457692e-02 -1.70526542e-02 -6.35758936e-02 -4.70346808e-02]]
