[[ 0.08294525 -0.0535965  -0.04336417 -0.17192172  0.00930176  0.01740346
  -0.07399971 -0.0588517  -0.10381533 -0.03426088 -0.09398343 -0.01404802
  -0.07949609  0.15101852 -0.01903518  0.23592003 -0.07244232  0.04933459
  -0.03552525  0.13702422  0.00649874  0.15882994 -0.13764833  0.06412727
   0.11998528 -0.06337114  0.07246296  0.04350378  0.13160487 -0.06474236
  -0.02668987  0.03334176  0.09611073 -0.04896169 -0.0304717   0.0416438
   0.0771956  -0.07690565  0.21816115 -0.04759566  0.01189501 -0.0555825
  -0.10114272 -0.01838825 -0.05555496 -0.08822311  0.09942835 -0.07360045
  -0.04405126  0.01166101 -0.10143036  0.07080059  0.13052885 -0.03509038
   0.05107735  0.01936208 -0.04679072  0.0414492   0.11457968 -0.07184579
   0.10716794 -0.00837112  0.2208738  -0.06966333  0.18736994  0.15729786
   0.08217109  0.176786   -0.0817226   0.13178816 -0.06499824  0.07749615
   0.04765499  0.06263955  0.05015736 -0.07930908 -0.05071984 -0.01518211
   0.11396351 -0.09575249 -0.02761801  0.10089273 -0.07908398 -0.05024459
   0.02714304 -0.09801259 -0.01893077 -0.04137886  0.02786406  0.12268045
   0.09554221  0.03989667 -0.02942191 -0.02647612  0.20773073 -0.06950355
  -0.07867172 -0.08023348 -0.07403348  0.06900598  0.01449967  0.11498708
  -0.04696141  0.09986253 -0.09467307  0.1250524  -0.06219926  0.15236917
   0.08030673  0.1009572  -0.08017426 -0.06251723  0.12143314 -0.07318355
   0.07895061 -0.03162512 -0.04697637 -0.03133253 -0.04405029  0.150208
  -0.01762918 -0.01574121 -0.01705785 -0.06372661  0.05243441 -0.01299279
  -0.05302203 -0.05706416]]
[[ 0.08294525 -0.0535965  -0.04336417 -0.17192172  0.00930176  0.01740346
  -0.07399971 -0.0588517  -0.10381533 -0.03426088 -0.09398343 -0.01404802
  -0.07949609  0.15101852 -0.01903518  0.23592003 -0.07244232  0.04933459
  -0.03552525  0.13702422  0.00649874  0.15882994 -0.13764833  0.06412727
   0.11998528 -0.06337114  0.07246296  0.04350378  0.13160487 -0.06474236
  -0.02668987  0.03334176  0.09611073 -0.04896169 -0.0304717   0.0416438
   0.0771956  -0.07690565  0.21816115 -0.04759566  0.01189501 -0.0555825
  -0.10114272 -0.01838825 -0.05555496 -0.08822311  0.09942835 -0.07360045
  -0.04405126  0.01166101 -0.10143036  0.07080059  0.13052885 -0.03509038
   0.05107735  0.01936208 -0.04679072  0.0414492   0.11457968 -0.07184579
   0.10716794 -0.00837112  0.2208738  -0.06966333  0.18736994  0.15729786
   0.08217109  0.176786   -0.0817226   0.13178816 -0.06499824  0.07749615
   0.04765499  0.06263955  0.05015736 -0.07930908 -0.05071984 -0.01518211
   0.11396351 -0.09575249 -0.02761801  0.10089273 -0.07908398 -0.05024459
   0.02714304 -0.09801259 -0.01893077 -0.04137886  0.02786406  0.12268045
   0.09554221  0.03989667 -0.02942191 -0.02647612  0.20773073 -0.06950355
  -0.07867172 -0.08023348 -0.07403348  0.06900598  0.01449967  0.11498708
  -0.04696141  0.09986253 -0.09467307  0.1250524  -0.06219926  0.15236917
   0.08030673  0.1009572  -0.08017426 -0.06251723  0.12143314 -0.07318355
   0.07895061 -0.03162512 -0.04697637 -0.03133253 -0.04405029  0.150208
  -0.01762918 -0.01574121 -0.01705785 -0.06372661  0.05243441 -0.01299279
  -0.05302203 -0.05706416]]
[[ 0.08294525 -0.0535965  -0.04336417 -0.17192172  0.00930176  0.01740346
  -0.07399971 -0.0588517  -0.10381533 -0.03426088 -0.09398343 -0.01404802
  -0.07949609  0.15101852 -0.01903518  0.23592003 -0.07244232  0.04933459
  -0.03552525  0.13702422  0.00649874  0.15882994 -0.13764833  0.06412727
   0.11998528 -0.06337114  0.07246296  0.04350378  0.13160487 -0.06474236
  -0.02668987  0.03334176  0.09611073 -0.04896169 -0.0304717   0.0416438
   0.0771956  -0.07690565  0.21816115 -0.04759566  0.01189501 -0.0555825
  -0.10114272 -0.01838825 -0.05555496 -0.08822311  0.09942835 -0.07360045
  -0.04405126  0.01166101 -0.10143036  0.07080059  0.13052885 -0.03509038
   0.05107735  0.01936208 -0.04679072  0.0414492   0.11457968 -0.07184579
   0.10716794 -0.00837112  0.2208738  -0.06966333  0.18736994  0.15729786
   0.08217109  0.176786   -0.0817226   0.13178816 -0.06499824  0.07749615
   0.04765499  0.06263955  0.05015736 -0.07930908 -0.05071984 -0.01518211
   0.11396351 -0.09575249 -0.02761801  0.10089273 -0.07908398 -0.05024459
   0.02714304 -0.09801259 -0.01893077 -0.04137886  0.02786406  0.12268045
   0.09554221  0.03989667 -0.02942191 -0.02647612  0.20773073 -0.06950355
  -0.07867172 -0.08023348 -0.07403348  0.06900598  0.01449967  0.11498708
  -0.04696141  0.09986253 -0.09467307  0.1250524  -0.06219926  0.15236917
   0.08030673  0.1009572  -0.08017426 -0.06251723  0.12143314 -0.07318355
   0.07895061 -0.03162512 -0.04697637 -0.03133253 -0.04405029  0.150208
  -0.01762918 -0.01574121 -0.01705785 -0.06372661  0.05243441 -0.01299279
  -0.05302203 -0.05706416]]
[[ 0.08294525 -0.0535965  -0.04336417 -0.17192172  0.00930176  0.01740346
  -0.07399971 -0.0588517  -0.10381533 -0.03426088 -0.09398343 -0.01404802
  -0.07949609  0.15101852 -0.01903518  0.23592003 -0.07244232  0.04933459
  -0.03552525  0.13702422  0.00649874  0.15882994 -0.13764833  0.06412727
   0.11998528 -0.06337114  0.07246296  0.04350378  0.13160487 -0.06474236
  -0.02668987  0.03334176  0.09611073 -0.04896169 -0.0304717   0.0416438
   0.0771956  -0.07690565  0.21816115 -0.04759566  0.01189501 -0.0555825
  -0.10114272 -0.01838825 -0.05555496 -0.08822311  0.09942835 -0.07360045
  -0.04405126  0.01166101 -0.10143036  0.07080059  0.13052885 -0.03509038
   0.05107735  0.01936208 -0.04679072  0.0414492   0.11457968 -0.07184579
   0.10716794 -0.00837112  0.2208738  -0.06966333  0.18736994  0.15729786
   0.08217109  0.176786   -0.0817226   0.13178816 -0.06499824  0.07749615
   0.04765499  0.06263955  0.05015736 -0.07930908 -0.05071984 -0.01518211
   0.11396351 -0.09575249 -0.02761801  0.10089273 -0.07908398 -0.05024459
   0.02714304 -0.09801259 -0.01893077 -0.04137886  0.02786406  0.12268045
   0.09554221  0.03989667 -0.02942191 -0.02647612  0.20773073 -0.06950355
  -0.07867172 -0.08023348 -0.07403348  0.06900598  0.01449967  0.11498708
  -0.04696141  0.09986253 -0.09467307  0.1250524  -0.06219926  0.15236917
   0.08030673  0.1009572  -0.08017426 -0.06251723  0.12143314 -0.07318355
   0.07895061 -0.03162512 -0.04697637 -0.03133253 -0.04405029  0.150208
  -0.01762918 -0.01574121 -0.01705785 -0.06372661  0.05243441 -0.01299279
  -0.05302203 -0.05706416]]
