[[ 8.86760652e-02 -5.34546897e-02 -4.37900461e-02 -1.94417238e-01
  -2.99212392e-02  4.84665036e-02 -6.35871440e-02 -7.91505948e-02
  -8.95540416e-02 -5.18077100e-03 -8.72160122e-02  3.52683221e-03
  -6.28862903e-02  1.42359734e-01 -2.57639494e-02  2.14551881e-01
  -8.02050009e-02  7.59275705e-02 -3.75056267e-02  1.38350219e-01
   3.08483858e-02  1.23522535e-01 -1.43492997e-01  7.10868314e-02
   1.08728558e-01 -6.73924685e-02  1.41211137e-01  6.38802052e-02
   1.89563483e-01 -6.11241087e-02 -8.83143675e-03  3.16545144e-02
   6.25029951e-02 -5.02118878e-02 -3.34090255e-02  4.91800196e-02
   4.48757373e-02 -7.74450526e-02  2.14586303e-01 -4.72013131e-02
  -3.64174321e-02 -5.07368743e-02 -1.01313822e-01  2.91049853e-02
  -5.80554940e-02 -8.25637504e-02  1.03139773e-01 -7.28598014e-02
  -4.77229916e-02  8.19543656e-03 -9.57334861e-02  6.60199001e-02
   1.94481194e-01 -3.62665243e-02  8.61641243e-02 -3.39097832e-03
  -1.78271737e-02 -7.45128127e-05  1.08391270e-01 -7.59278387e-02
   1.05344981e-01 -2.79026814e-02  2.00194091e-01 -6.70630559e-02
   1.61117002e-01  1.63619876e-01  7.29010627e-02  1.50296137e-01
  -8.16585943e-02  1.38908356e-01 -7.26101100e-02  5.32125980e-02
   7.46180639e-02  2.44097654e-02  5.89287840e-02 -8.11114609e-02
  -3.27875651e-02 -3.88176925e-02  9.63991806e-02 -9.64646786e-02
  -3.02315895e-02  8.71047527e-02 -7.75423273e-02 -4.76369411e-02
   3.73859890e-02 -7.11352676e-02 -2.35320702e-02 -2.86087096e-02
   5.09039834e-02  1.11570701e-01  4.22092006e-02  5.49159534e-02
  -2.34462079e-02 -5.28645590e-02  1.92296758e-01 -4.17920798e-02
  -7.02859834e-02 -7.33776018e-02 -7.83471838e-02  7.30063170e-02
   2.81258672e-02  6.17617629e-02 -3.18382569e-02  1.22489057e-01
  -9.21307355e-02  1.21789247e-01 -6.01926446e-02  1.55018821e-01
   9.57261696e-02  1.08655013e-01 -5.48014566e-02 -7.30491951e-02
   1.76810235e-01 -6.80034310e-02  9.21746343e-02 -2.11114483e-03
  -5.22136725e-02  2.72240695e-02 -5.40988483e-02  1.41985133e-01
   3.12146614e-03 -6.30565919e-04 -1.32785374e-02 -7.38446489e-02
   6.87740296e-02 -1.95068084e-02 -6.36334792e-02 -5.01977205e-02]]
[[ 8.86760652e-02 -5.34546897e-02 -4.37900461e-02 -1.94417238e-01
  -2.99212392e-02  4.84665036e-02 -6.35871440e-02 -7.91505948e-02
  -8.95540416e-02 -5.18077100e-03 -8.72160122e-02  3.52683221e-03
  -6.28862903e-02  1.42359734e-01 -2.57639494e-02  2.14551881e-01
  -8.02050009e-02  7.59275705e-02 -3.75056267e-02  1.38350219e-01
   3.08483858e-02  1.23522535e-01 -1.43492997e-01  7.10868314e-02
   1.08728558e-01 -6.73924685e-02  1.41211137e-01  6.38802052e-02
   1.89563483e-01 -6.11241087e-02 -8.83143675e-03  3.16545144e-02
   6.25029951e-02 -5.02118878e-02 -3.34090255e-02  4.91800196e-02
   4.48757373e-02 -7.74450526e-02  2.14586303e-01 -4.72013131e-02
  -3.64174321e-02 -5.07368743e-02 -1.01313822e-01  2.91049853e-02
  -5.80554940e-02 -8.25637504e-02  1.03139773e-01 -7.28598014e-02
  -4.77229916e-02  8.19543656e-03 -9.57334861e-02  6.60199001e-02
   1.94481194e-01 -3.62665243e-02  8.61641243e-02 -3.39097832e-03
  -1.78271737e-02 -7.45128127e-05  1.08391270e-01 -7.59278387e-02
   1.05344981e-01 -2.79026814e-02  2.00194091e-01 -6.70630559e-02
   1.61117002e-01  1.63619876e-01  7.29010627e-02  1.50296137e-01
  -8.16585943e-02  1.38908356e-01 -7.26101100e-02  5.32125980e-02
   7.46180639e-02  2.44097654e-02  5.89287840e-02 -8.11114609e-02
  -3.27875651e-02 -3.88176925e-02  9.63991806e-02 -9.64646786e-02
  -3.02315895e-02  8.71047527e-02 -7.75423273e-02 -4.76369411e-02
   3.73859890e-02 -7.11352676e-02 -2.35320702e-02 -2.86087096e-02
   5.09039834e-02  1.11570701e-01  4.22092006e-02  5.49159534e-02
  -2.34462079e-02 -5.28645590e-02  1.92296758e-01 -4.17920798e-02
  -7.02859834e-02 -7.33776018e-02 -7.83471838e-02  7.30063170e-02
   2.81258672e-02  6.17617629e-02 -3.18382569e-02  1.22489057e-01
  -9.21307355e-02  1.21789247e-01 -6.01926446e-02  1.55018821e-01
   9.57261696e-02  1.08655013e-01 -5.48014566e-02 -7.30491951e-02
   1.76810235e-01 -6.80034310e-02  9.21746343e-02 -2.11114483e-03
  -5.22136725e-02  2.72240695e-02 -5.40988483e-02  1.41985133e-01
   3.12146614e-03 -6.30565919e-04 -1.32785374e-02 -7.38446489e-02
   6.87740296e-02 -1.95068084e-02 -6.36334792e-02 -5.01977205e-02]]
[[ 8.86760652e-02 -5.34546897e-02 -4.37900461e-02 -1.94417238e-01
  -2.99212392e-02  4.84665036e-02 -6.35871440e-02 -7.91505948e-02
  -8.95540416e-02 -5.18077100e-03 -8.72160122e-02  3.52683221e-03
  -6.28862903e-02  1.42359734e-01 -2.57639494e-02  2.14551881e-01
  -8.02050009e-02  7.59275705e-02 -3.75056267e-02  1.38350219e-01
   3.08483858e-02  1.23522535e-01 -1.43492997e-01  7.10868314e-02
   1.08728558e-01 -6.73924685e-02  1.41211137e-01  6.38802052e-02
   1.89563483e-01 -6.11241087e-02 -8.83143675e-03  3.16545144e-02
   6.25029951e-02 -5.02118878e-02 -3.34090255e-02  4.91800196e-02
   4.48757373e-02 -7.74450526e-02  2.14586303e-01 -4.72013131e-02
  -3.64174321e-02 -5.07368743e-02 -1.01313822e-01  2.91049853e-02
  -5.80554940e-02 -8.25637504e-02  1.03139773e-01 -7.28598014e-02
  -4.77229916e-02  8.19543656e-03 -9.57334861e-02  6.60199001e-02
   1.94481194e-01 -3.62665243e-02  8.61641243e-02 -3.39097832e-03
  -1.78271737e-02 -7.45128127e-05  1.08391270e-01 -7.59278387e-02
   1.05344981e-01 -2.79026814e-02  2.00194091e-01 -6.70630559e-02
   1.61117002e-01  1.63619876e-01  7.29010627e-02  1.50296137e-01
  -8.16585943e-02  1.38908356e-01 -7.26101100e-02  5.32125980e-02
   7.46180639e-02  2.44097654e-02  5.89287840e-02 -8.11114609e-02
  -3.27875651e-02 -3.88176925e-02  9.63991806e-02 -9.64646786e-02
  -3.02315895e-02  8.71047527e-02 -7.75423273e-02 -4.76369411e-02
   3.73859890e-02 -7.11352676e-02 -2.35320702e-02 -2.86087096e-02
   5.09039834e-02  1.11570701e-01  4.22092006e-02  5.49159534e-02
  -2.34462079e-02 -5.28645590e-02  1.92296758e-01 -4.17920798e-02
  -7.02859834e-02 -7.33776018e-02 -7.83471838e-02  7.30063170e-02
   2.81258672e-02  6.17617629e-02 -3.18382569e-02  1.22489057e-01
  -9.21307355e-02  1.21789247e-01 -6.01926446e-02  1.55018821e-01
   9.57261696e-02  1.08655013e-01 -5.48014566e-02 -7.30491951e-02
   1.76810235e-01 -6.80034310e-02  9.21746343e-02 -2.11114483e-03
  -5.22136725e-02  2.72240695e-02 -5.40988483e-02  1.41985133e-01
   3.12146614e-03 -6.30565919e-04 -1.32785374e-02 -7.38446489e-02
   6.87740296e-02 -1.95068084e-02 -6.36334792e-02 -5.01977205e-02]]
[[ 8.86760652e-02 -5.34546897e-02 -4.37900461e-02 -1.94417238e-01
  -2.99212392e-02  4.84665036e-02 -6.35871440e-02 -7.91505948e-02
  -8.95540416e-02 -5.18077100e-03 -8.72160122e-02  3.52683221e-03
  -6.28862903e-02  1.42359734e-01 -2.57639494e-02  2.14551881e-01
  -8.02050009e-02  7.59275705e-02 -3.75056267e-02  1.38350219e-01
   3.08483858e-02  1.23522535e-01 -1.43492997e-01  7.10868314e-02
   1.08728558e-01 -6.73924685e-02  1.41211137e-01  6.38802052e-02
   1.89563483e-01 -6.11241087e-02 -8.83143675e-03  3.16545144e-02
   6.25029951e-02 -5.02118878e-02 -3.34090255e-02  4.91800196e-02
   4.48757373e-02 -7.74450526e-02  2.14586303e-01 -4.72013131e-02
  -3.64174321e-02 -5.07368743e-02 -1.01313822e-01  2.91049853e-02
  -5.80554940e-02 -8.25637504e-02  1.03139773e-01 -7.28598014e-02
  -4.77229916e-02  8.19543656e-03 -9.57334861e-02  6.60199001e-02
   1.94481194e-01 -3.62665243e-02  8.61641243e-02 -3.39097832e-03
  -1.78271737e-02 -7.45128127e-05  1.08391270e-01 -7.59278387e-02
   1.05344981e-01 -2.79026814e-02  2.00194091e-01 -6.70630559e-02
   1.61117002e-01  1.63619876e-01  7.29010627e-02  1.50296137e-01
  -8.16585943e-02  1.38908356e-01 -7.26101100e-02  5.32125980e-02
   7.46180639e-02  2.44097654e-02  5.89287840e-02 -8.11114609e-02
  -3.27875651e-02 -3.88176925e-02  9.63991806e-02 -9.64646786e-02
  -3.02315895e-02  8.71047527e-02 -7.75423273e-02 -4.76369411e-02
   3.73859890e-02 -7.11352676e-02 -2.35320702e-02 -2.86087096e-02
   5.09039834e-02  1.11570701e-01  4.22092006e-02  5.49159534e-02
  -2.34462079e-02 -5.28645590e-02  1.92296758e-01 -4.17920798e-02
  -7.02859834e-02 -7.33776018e-02 -7.83471838e-02  7.30063170e-02
   2.81258672e-02  6.17617629e-02 -3.18382569e-02  1.22489057e-01
  -9.21307355e-02  1.21789247e-01 -6.01926446e-02  1.55018821e-01
   9.57261696e-02  1.08655013e-01 -5.48014566e-02 -7.30491951e-02
   1.76810235e-01 -6.80034310e-02  9.21746343e-02 -2.11114483e-03
  -5.22136725e-02  2.72240695e-02 -5.40988483e-02  1.41985133e-01
   3.12146614e-03 -6.30565919e-04 -1.32785374e-02 -7.38446489e-02
   6.87740296e-02 -1.95068084e-02 -6.36334792e-02 -5.01977205e-02]]
[[ 8.86760652e-02 -5.34546897e-02 -4.37900461e-02 -1.94417238e-01
  -2.99212392e-02  4.84665036e-02 -6.35871440e-02 -7.91505948e-02
  -8.95540416e-02 -5.18077100e-03 -8.72160122e-02  3.52683221e-03
  -6.28862903e-02  1.42359734e-01 -2.57639494e-02  2.14551881e-01
  -8.02050009e-02  7.59275705e-02 -3.75056267e-02  1.38350219e-01
   3.08483858e-02  1.23522535e-01 -1.43492997e-01  7.10868314e-02
   1.08728558e-01 -6.73924685e-02  1.41211137e-01  6.38802052e-02
   1.89563483e-01 -6.11241087e-02 -8.83143675e-03  3.16545144e-02
   6.25029951e-02 -5.02118878e-02 -3.34090255e-02  4.91800196e-02
   4.48757373e-02 -7.74450526e-02  2.14586303e-01 -4.72013131e-02
  -3.64174321e-02 -5.07368743e-02 -1.01313822e-01  2.91049853e-02
  -5.80554940e-02 -8.25637504e-02  1.03139773e-01 -7.28598014e-02
  -4.77229916e-02  8.19543656e-03 -9.57334861e-02  6.60199001e-02
   1.94481194e-01 -3.62665243e-02  8.61641243e-02 -3.39097832e-03
  -1.78271737e-02 -7.45128127e-05  1.08391270e-01 -7.59278387e-02
   1.05344981e-01 -2.79026814e-02  2.00194091e-01 -6.70630559e-02
   1.61117002e-01  1.63619876e-01  7.29010627e-02  1.50296137e-01
  -8.16585943e-02  1.38908356e-01 -7.26101100e-02  5.32125980e-02
   7.46180639e-02  2.44097654e-02  5.89287840e-02 -8.11114609e-02
  -3.27875651e-02 -3.88176925e-02  9.63991806e-02 -9.64646786e-02
  -3.02315895e-02  8.71047527e-02 -7.75423273e-02 -4.76369411e-02
   3.73859890e-02 -7.11352676e-02 -2.35320702e-02 -2.86087096e-02
   5.09039834e-02  1.11570701e-01  4.22092006e-02  5.49159534e-02
  -2.34462079e-02 -5.28645590e-02  1.92296758e-01 -4.17920798e-02
  -7.02859834e-02 -7.33776018e-02 -7.83471838e-02  7.30063170e-02
   2.81258672e-02  6.17617629e-02 -3.18382569e-02  1.22489057e-01
  -9.21307355e-02  1.21789247e-01 -6.01926446e-02  1.55018821e-01
   9.57261696e-02  1.08655013e-01 -5.48014566e-02 -7.30491951e-02
   1.76810235e-01 -6.80034310e-02  9.21746343e-02 -2.11114483e-03
  -5.22136725e-02  2.72240695e-02 -5.40988483e-02  1.41985133e-01
   3.12146614e-03 -6.30565919e-04 -1.32785374e-02 -7.38446489e-02
   6.87740296e-02 -1.95068084e-02 -6.36334792e-02 -5.01977205e-02]]
