[[ 0.0874422  -0.06200737 -0.04023296 -0.17235275 -0.00596424  0.04714218
  -0.07611631 -0.06954537 -0.10366502 -0.03874277 -0.09551858  0.00225263
  -0.07958359  0.15231892 -0.03337198  0.2225568  -0.08147611  0.03798327
  -0.03877397  0.12463441  0.01428647  0.12810075 -0.15596016  0.04895113
   0.11789022 -0.0654894   0.07921723  0.04630662  0.13863571 -0.06470059
  -0.03002424  0.00997235  0.10078105 -0.02679873 -0.03565818  0.03070955
   0.09608572 -0.08065138  0.22806549 -0.04785989  0.01174021 -0.05228318
  -0.09707343 -0.02281623 -0.05508125 -0.09130991  0.10287789 -0.07881512
  -0.05615892  0.01385835 -0.09179034  0.06893767  0.12472174 -0.05008998
   0.0512844   0.01344725 -0.03497045  0.02941521  0.09495135 -0.07191579
   0.10182484 -0.00821976  0.21790566 -0.07044555  0.19758531  0.15055546
   0.06998497  0.17977966 -0.08894162  0.11695521 -0.06102362  0.08239537
   0.05868725  0.0892894   0.04906138 -0.07662874 -0.04484582 -0.02159161
   0.09463876 -0.10009228 -0.02631772  0.12010372 -0.08032221 -0.04379222
   0.03914574 -0.08871047 -0.02958025 -0.02948065  0.02471976  0.11937515
   0.08652806  0.02417952 -0.03339747 -0.03067827  0.20409076 -0.07109911
  -0.07230756 -0.07610422 -0.06942253  0.05670581  0.00546132  0.11954544
  -0.05769989  0.10255095 -0.08910722  0.1468739  -0.06114146  0.14997616
   0.07834598  0.08632193 -0.08141453 -0.05553285  0.12529099 -0.07091946
   0.08764273 -0.02487482 -0.05585001 -0.0260324  -0.04601553  0.16190468
  -0.02953657 -0.00191659 -0.02172815 -0.06020344  0.06442853 -0.01773039
  -0.05956573 -0.06074902]]
[[ 0.0874422  -0.06200737 -0.04023296 -0.17235275 -0.00596424  0.04714218
  -0.07611631 -0.06954537 -0.10366502 -0.03874277 -0.09551858  0.00225263
  -0.07958359  0.15231892 -0.03337198  0.2225568  -0.08147611  0.03798327
  -0.03877397  0.12463441  0.01428647  0.12810075 -0.15596016  0.04895113
   0.11789022 -0.0654894   0.07921723  0.04630662  0.13863571 -0.06470059
  -0.03002424  0.00997235  0.10078105 -0.02679873 -0.03565818  0.03070955
   0.09608572 -0.08065138  0.22806549 -0.04785989  0.01174021 -0.05228318
  -0.09707343 -0.02281623 -0.05508125 -0.09130991  0.10287789 -0.07881512
  -0.05615892  0.01385835 -0.09179034  0.06893767  0.12472174 -0.05008998
   0.0512844   0.01344725 -0.03497045  0.02941521  0.09495135 -0.07191579
   0.10182484 -0.00821976  0.21790566 -0.07044555  0.19758531  0.15055546
   0.06998497  0.17977966 -0.08894162  0.11695521 -0.06102362  0.08239537
   0.05868725  0.0892894   0.04906138 -0.07662874 -0.04484582 -0.02159161
   0.09463876 -0.10009228 -0.02631772  0.12010372 -0.08032221 -0.04379222
   0.03914574 -0.08871047 -0.02958025 -0.02948065  0.02471976  0.11937515
   0.08652806  0.02417952 -0.03339747 -0.03067827  0.20409076 -0.07109911
  -0.07230756 -0.07610422 -0.06942253  0.05670581  0.00546132  0.11954544
  -0.05769989  0.10255095 -0.08910722  0.1468739  -0.06114146  0.14997616
   0.07834598  0.08632193 -0.08141453 -0.05553285  0.12529099 -0.07091946
   0.08764273 -0.02487482 -0.05585001 -0.0260324  -0.04601553  0.16190468
  -0.02953657 -0.00191659 -0.02172815 -0.06020344  0.06442853 -0.01773039
  -0.05956573 -0.06074902]]
[[ 0.0874422  -0.06200737 -0.04023296 -0.17235275 -0.00596424  0.04714218
  -0.07611631 -0.06954537 -0.10366502 -0.03874277 -0.09551858  0.00225263
  -0.07958359  0.15231892 -0.03337198  0.2225568  -0.08147611  0.03798327
  -0.03877397  0.12463441  0.01428647  0.12810075 -0.15596016  0.04895113
   0.11789022 -0.0654894   0.07921723  0.04630662  0.13863571 -0.06470059
  -0.03002424  0.00997235  0.10078105 -0.02679873 -0.03565818  0.03070955
   0.09608572 -0.08065138  0.22806549 -0.04785989  0.01174021 -0.05228318
  -0.09707343 -0.02281623 -0.05508125 -0.09130991  0.10287789 -0.07881512
  -0.05615892  0.01385835 -0.09179034  0.06893767  0.12472174 -0.05008998
   0.0512844   0.01344725 -0.03497045  0.02941521  0.09495135 -0.07191579
   0.10182484 -0.00821976  0.21790566 -0.07044555  0.19758531  0.15055546
   0.06998497  0.17977966 -0.08894162  0.11695521 -0.06102362  0.08239537
   0.05868725  0.0892894   0.04906138 -0.07662874 -0.04484582 -0.02159161
   0.09463876 -0.10009228 -0.02631772  0.12010372 -0.08032221 -0.04379222
   0.03914574 -0.08871047 -0.02958025 -0.02948065  0.02471976  0.11937515
   0.08652806  0.02417952 -0.03339747 -0.03067827  0.20409076 -0.07109911
  -0.07230756 -0.07610422 -0.06942253  0.05670581  0.00546132  0.11954544
  -0.05769989  0.10255095 -0.08910722  0.1468739  -0.06114146  0.14997616
   0.07834598  0.08632193 -0.08141453 -0.05553285  0.12529099 -0.07091946
   0.08764273 -0.02487482 -0.05585001 -0.0260324  -0.04601553  0.16190468
  -0.02953657 -0.00191659 -0.02172815 -0.06020344  0.06442853 -0.01773039
  -0.05956573 -0.06074902]]
[[ 0.0874422  -0.06200737 -0.04023296 -0.17235275 -0.00596424  0.04714218
  -0.07611631 -0.06954537 -0.10366502 -0.03874277 -0.09551858  0.00225263
  -0.07958359  0.15231892 -0.03337198  0.2225568  -0.08147611  0.03798327
  -0.03877397  0.12463441  0.01428647  0.12810075 -0.15596016  0.04895113
   0.11789022 -0.0654894   0.07921723  0.04630662  0.13863571 -0.06470059
  -0.03002424  0.00997235  0.10078105 -0.02679873 -0.03565818  0.03070955
   0.09608572 -0.08065138  0.22806549 -0.04785989  0.01174021 -0.05228318
  -0.09707343 -0.02281623 -0.05508125 -0.09130991  0.10287789 -0.07881512
  -0.05615892  0.01385835 -0.09179034  0.06893767  0.12472174 -0.05008998
   0.0512844   0.01344725 -0.03497045  0.02941521  0.09495135 -0.07191579
   0.10182484 -0.00821976  0.21790566 -0.07044555  0.19758531  0.15055546
   0.06998497  0.17977966 -0.08894162  0.11695521 -0.06102362  0.08239537
   0.05868725  0.0892894   0.04906138 -0.07662874 -0.04484582 -0.02159161
   0.09463876 -0.10009228 -0.02631772  0.12010372 -0.08032221 -0.04379222
   0.03914574 -0.08871047 -0.02958025 -0.02948065  0.02471976  0.11937515
   0.08652806  0.02417952 -0.03339747 -0.03067827  0.20409076 -0.07109911
  -0.07230756 -0.07610422 -0.06942253  0.05670581  0.00546132  0.11954544
  -0.05769989  0.10255095 -0.08910722  0.1468739  -0.06114146  0.14997616
   0.07834598  0.08632193 -0.08141453 -0.05553285  0.12529099 -0.07091946
   0.08764273 -0.02487482 -0.05585001 -0.0260324  -0.04601553  0.16190468
  -0.02953657 -0.00191659 -0.02172815 -0.06020344  0.06442853 -0.01773039
  -0.05956573 -0.06074902]]
