[[ 0.00576839 -0.06806716 -0.07736529 -0.14447793  0.00134512  0.02008743
  -0.05487391  0.03046739  0.12456579 -0.0106663  -0.07150479 -0.03221322
   0.03407324  0.13133492 -0.07711224  0.01294299  0.04016418  0.00231455
   0.09364162  0.00430699  0.22341484  0.1180456  -0.02006193  0.1092975
   0.075579   -0.07165054  0.14253555 -0.04863974  0.10370996 -0.0448497
  -0.04780167  0.02751984  0.08641227 -0.04019525  0.02762598  0.00596309
   0.13573673 -0.05450721  0.29839307 -0.0737417  -0.08845819  0.03327078
  -0.04948736  0.07861156  0.00734079 -0.05990582  0.0661565  -0.0547566
  -0.01899784  0.02084418 -0.11399173  0.01579859  0.22308464 -0.05741077
   0.07629695  0.09689679 -0.03098301 -0.02089898  0.05407318 -0.09122144
   0.09902397  0.05745038  0.23094022 -0.11421966  0.05417618  0.10327752
   0.00423015  0.00211459 -0.08400211  0.27461076 -0.06907009 -0.07419921
   0.02439438 -0.05382357  0.02307151 -0.07842536  0.12261391 -0.02921058
   0.09497672 -0.13605207  0.13435194 -0.04325023 -0.10048125 -0.01967572
  -0.0222702  -0.11740053  0.06693573  0.09437124  0.08554032 -0.08012591
  -0.07700388  0.18892051  0.0520811  -0.08780479  0.03804948  0.04747413
  -0.00336055 -0.08479198 -0.07566158  0.03362492 -0.09105282 -0.05800714
  -0.01516746  0.01469665 -0.08833653 -0.00077948 -0.05141703  0.07392298
  -0.01700619  0.0861133  -0.01575794 -0.01120231  0.23321462  0.00768221
   0.14384295 -0.04649654  0.01301928  0.05306808 -0.01137169  0.00087915
   0.05319303 -0.06813977  0.00805234 -0.08642771  0.02569855  0.11070641
   0.08409164  0.006399  ]
 [ 0.08836165 -0.05324918 -0.04236465 -0.16479231 -0.02009948 -0.00522557
  -0.07969622 -0.05763477 -0.10772217 -0.04025967 -0.09636116 -0.01886221
  -0.07812762  0.1365084  -0.06222723  0.22781828 -0.07494085  0.02569671
  -0.04547988  0.10961845 -0.00627478  0.15452185 -0.1542063   0.07866807
   0.13005725 -0.05870705  0.03487203  0.04360753  0.12261633 -0.06342627
  -0.04914599  0.02631118  0.10784028 -0.03811149 -0.03091799  0.04119075
   0.10439025 -0.07266662  0.19676349 -0.0342034   0.03628993 -0.05235953
  -0.10785363 -0.02874924 -0.06335247 -0.0958897   0.10515159 -0.07816226
  -0.05636194  0.02348181 -0.09520795  0.07685059  0.1180793  -0.03154971
   0.05614137  0.02504968 -0.05201182  0.03469756  0.12464033 -0.07036535
   0.08172933  0.00127281  0.24489935 -0.06764018  0.18938616  0.16683705
   0.0666556   0.17394386 -0.08194698  0.0793229  -0.06036817  0.07962766
   0.03674171  0.09022344  0.04276526 -0.0746435  -0.05233198 -0.02969264
   0.10145203 -0.08447636 -0.03584795  0.13316168 -0.08258106 -0.04542772
  -0.00314974 -0.10308726 -0.02904661 -0.02906986 -0.01083998  0.13432707
   0.09795423  0.05536992 -0.0458755  -0.01969812  0.20691875 -0.05726943
  -0.08211547 -0.07339294 -0.08315992  0.0726176   0.01985146  0.12499456
  -0.05081259  0.0879323  -0.08912563  0.10693743 -0.06776448  0.14848611
   0.05548079  0.09982865 -0.09060656 -0.05558968  0.10955743 -0.07345608
   0.09626447 -0.03544371 -0.0513426  -0.04043902 -0.04776364  0.16146855
  -0.02048722 -0.01838902 -0.04182364 -0.06398585  0.0570686  -0.01225583
  -0.04582468 -0.05159517]]
[[ 0.00576839 -0.06806716 -0.07736529 -0.14447793  0.00134512  0.02008743
  -0.05487391  0.03046739  0.12456579 -0.0106663  -0.07150479 -0.03221322
   0.03407324  0.13133492 -0.07711224  0.01294299  0.04016418  0.00231455
   0.09364162  0.00430699  0.22341484  0.1180456  -0.02006193  0.1092975
   0.075579   -0.07165054  0.14253555 -0.04863974  0.10370996 -0.0448497
  -0.04780167  0.02751984  0.08641227 -0.04019525  0.02762598  0.00596309
   0.13573673 -0.05450721  0.29839307 -0.0737417  -0.08845819  0.03327078
  -0.04948736  0.07861156  0.00734079 -0.05990582  0.0661565  -0.0547566
  -0.01899784  0.02084418 -0.11399173  0.01579859  0.22308464 -0.05741077
   0.07629695  0.09689679 -0.03098301 -0.02089898  0.05407318 -0.09122144
   0.09902397  0.05745038  0.23094022 -0.11421966  0.05417618  0.10327752
   0.00423015  0.00211459 -0.08400211  0.27461076 -0.06907009 -0.07419921
   0.02439438 -0.05382357  0.02307151 -0.07842536  0.12261391 -0.02921058
   0.09497672 -0.13605207  0.13435194 -0.04325023 -0.10048125 -0.01967572
  -0.0222702  -0.11740053  0.06693573  0.09437124  0.08554032 -0.08012591
  -0.07700388  0.18892051  0.0520811  -0.08780479  0.03804948  0.04747413
  -0.00336055 -0.08479198 -0.07566158  0.03362492 -0.09105282 -0.05800714
  -0.01516746  0.01469665 -0.08833653 -0.00077948 -0.05141703  0.07392298
  -0.01700619  0.0861133  -0.01575794 -0.01120231  0.23321462  0.00768221
   0.14384295 -0.04649654  0.01301928  0.05306808 -0.01137169  0.00087915
   0.05319303 -0.06813977  0.00805234 -0.08642771  0.02569855  0.11070641
   0.08409164  0.006399  ]
 [ 0.08836165 -0.05324918 -0.04236465 -0.16479231 -0.02009948 -0.00522557
  -0.07969622 -0.05763477 -0.10772217 -0.04025967 -0.09636116 -0.01886221
  -0.07812762  0.1365084  -0.06222723  0.22781828 -0.07494085  0.02569671
  -0.04547988  0.10961845 -0.00627478  0.15452185 -0.1542063   0.07866807
   0.13005725 -0.05870705  0.03487203  0.04360753  0.12261633 -0.06342627
  -0.04914599  0.02631118  0.10784028 -0.03811149 -0.03091799  0.04119075
   0.10439025 -0.07266662  0.19676349 -0.0342034   0.03628993 -0.05235953
  -0.10785363 -0.02874924 -0.06335247 -0.0958897   0.10515159 -0.07816226
  -0.05636194  0.02348181 -0.09520795  0.07685059  0.1180793  -0.03154971
   0.05614137  0.02504968 -0.05201182  0.03469756  0.12464033 -0.07036535
   0.08172933  0.00127281  0.24489935 -0.06764018  0.18938616  0.16683705
   0.0666556   0.17394386 -0.08194698  0.0793229  -0.06036817  0.07962766
   0.03674171  0.09022344  0.04276526 -0.0746435  -0.05233198 -0.02969264
   0.10145203 -0.08447636 -0.03584795  0.13316168 -0.08258106 -0.04542772
  -0.00314974 -0.10308726 -0.02904661 -0.02906986 -0.01083998  0.13432707
   0.09795423  0.05536992 -0.0458755  -0.01969812  0.20691875 -0.05726943
  -0.08211547 -0.07339294 -0.08315992  0.0726176   0.01985146  0.12499456
  -0.05081259  0.0879323  -0.08912563  0.10693743 -0.06776448  0.14848611
   0.05548079  0.09982865 -0.09060656 -0.05558968  0.10955743 -0.07345608
   0.09626447 -0.03544371 -0.0513426  -0.04043902 -0.04776364  0.16146855
  -0.02048722 -0.01838902 -0.04182364 -0.06398585  0.0570686  -0.01225583
  -0.04582468 -0.05159517]]
[[ 0.00576839 -0.06806716 -0.07736529 -0.14447793  0.00134512  0.02008743
  -0.05487391  0.03046739  0.12456579 -0.0106663  -0.07150479 -0.03221322
   0.03407324  0.13133492 -0.07711224  0.01294299  0.04016418  0.00231455
   0.09364162  0.00430699  0.22341484  0.1180456  -0.02006193  0.1092975
   0.075579   -0.07165054  0.14253555 -0.04863974  0.10370996 -0.0448497
  -0.04780167  0.02751984  0.08641227 -0.04019525  0.02762598  0.00596309
   0.13573673 -0.05450721  0.29839307 -0.0737417  -0.08845819  0.03327078
  -0.04948736  0.07861156  0.00734079 -0.05990582  0.0661565  -0.0547566
  -0.01899784  0.02084418 -0.11399173  0.01579859  0.22308464 -0.05741077
   0.07629695  0.09689679 -0.03098301 -0.02089898  0.05407318 -0.09122144
   0.09902397  0.05745038  0.23094022 -0.11421966  0.05417618  0.10327752
   0.00423015  0.00211459 -0.08400211  0.27461076 -0.06907009 -0.07419921
   0.02439438 -0.05382357  0.02307151 -0.07842536  0.12261391 -0.02921058
   0.09497672 -0.13605207  0.13435194 -0.04325023 -0.10048125 -0.01967572
  -0.0222702  -0.11740053  0.06693573  0.09437124  0.08554032 -0.08012591
  -0.07700388  0.18892051  0.0520811  -0.08780479  0.03804948  0.04747413
  -0.00336055 -0.08479198 -0.07566158  0.03362492 -0.09105282 -0.05800714
  -0.01516746  0.01469665 -0.08833653 -0.00077948 -0.05141703  0.07392298
  -0.01700619  0.0861133  -0.01575794 -0.01120231  0.23321462  0.00768221
   0.14384295 -0.04649654  0.01301928  0.05306808 -0.01137169  0.00087915
   0.05319303 -0.06813977  0.00805234 -0.08642771  0.02569855  0.11070641
   0.08409164  0.006399  ]
 [ 0.08836165 -0.05324918 -0.04236465 -0.16479231 -0.02009948 -0.00522557
  -0.07969622 -0.05763477 -0.10772217 -0.04025967 -0.09636116 -0.01886221
  -0.07812762  0.1365084  -0.06222723  0.22781828 -0.07494085  0.02569671
  -0.04547988  0.10961845 -0.00627478  0.15452185 -0.1542063   0.07866807
   0.13005725 -0.05870705  0.03487203  0.04360753  0.12261633 -0.06342627
  -0.04914599  0.02631118  0.10784028 -0.03811149 -0.03091799  0.04119075
   0.10439025 -0.07266662  0.19676349 -0.0342034   0.03628993 -0.05235953
  -0.10785363 -0.02874924 -0.06335247 -0.0958897   0.10515159 -0.07816226
  -0.05636194  0.02348181 -0.09520795  0.07685059  0.1180793  -0.03154971
   0.05614137  0.02504968 -0.05201182  0.03469756  0.12464033 -0.07036535
   0.08172933  0.00127281  0.24489935 -0.06764018  0.18938616  0.16683705
   0.0666556   0.17394386 -0.08194698  0.0793229  -0.06036817  0.07962766
   0.03674171  0.09022344  0.04276526 -0.0746435  -0.05233198 -0.02969264
   0.10145203 -0.08447636 -0.03584795  0.13316168 -0.08258106 -0.04542772
  -0.00314974 -0.10308726 -0.02904661 -0.02906986 -0.01083998  0.13432707
   0.09795423  0.05536992 -0.0458755  -0.01969812  0.20691875 -0.05726943
  -0.08211547 -0.07339294 -0.08315992  0.0726176   0.01985146  0.12499456
  -0.05081259  0.0879323  -0.08912563  0.10693743 -0.06776448  0.14848611
   0.05548079  0.09982865 -0.09060656 -0.05558968  0.10955743 -0.07345608
   0.09626447 -0.03544371 -0.0513426  -0.04043902 -0.04776364  0.16146855
  -0.02048722 -0.01838902 -0.04182364 -0.06398585  0.0570686  -0.01225583
  -0.04582468 -0.05159517]]
[[ 0.00576839 -0.06806716 -0.07736529 -0.14447793  0.00134512  0.02008743
  -0.05487391  0.03046739  0.12456579 -0.0106663  -0.07150479 -0.03221322
   0.03407324  0.13133492 -0.07711224  0.01294299  0.04016418  0.00231455
   0.09364162  0.00430699  0.22341484  0.1180456  -0.02006193  0.1092975
   0.075579   -0.07165054  0.14253555 -0.04863974  0.10370996 -0.0448497
  -0.04780167  0.02751984  0.08641227 -0.04019525  0.02762598  0.00596309
   0.13573673 -0.05450721  0.29839307 -0.0737417  -0.08845819  0.03327078
  -0.04948736  0.07861156  0.00734079 -0.05990582  0.0661565  -0.0547566
  -0.01899784  0.02084418 -0.11399173  0.01579859  0.22308464 -0.05741077
   0.07629695  0.09689679 -0.03098301 -0.02089898  0.05407318 -0.09122144
   0.09902397  0.05745038  0.23094022 -0.11421966  0.05417618  0.10327752
   0.00423015  0.00211459 -0.08400211  0.27461076 -0.06907009 -0.07419921
   0.02439438 -0.05382357  0.02307151 -0.07842536  0.12261391 -0.02921058
   0.09497672 -0.13605207  0.13435194 -0.04325023 -0.10048125 -0.01967572
  -0.0222702  -0.11740053  0.06693573  0.09437124  0.08554032 -0.08012591
  -0.07700388  0.18892051  0.0520811  -0.08780479  0.03804948  0.04747413
  -0.00336055 -0.08479198 -0.07566158  0.03362492 -0.09105282 -0.05800714
  -0.01516746  0.01469665 -0.08833653 -0.00077948 -0.05141703  0.07392298
  -0.01700619  0.0861133  -0.01575794 -0.01120231  0.23321462  0.00768221
   0.14384295 -0.04649654  0.01301928  0.05306808 -0.01137169  0.00087915
   0.05319303 -0.06813977  0.00805234 -0.08642771  0.02569855  0.11070641
   0.08409164  0.006399  ]
 [ 0.08836165 -0.05324918 -0.04236465 -0.16479231 -0.02009948 -0.00522557
  -0.07969622 -0.05763477 -0.10772217 -0.04025967 -0.09636116 -0.01886221
  -0.07812762  0.1365084  -0.06222723  0.22781828 -0.07494085  0.02569671
  -0.04547988  0.10961845 -0.00627478  0.15452185 -0.1542063   0.07866807
   0.13005725 -0.05870705  0.03487203  0.04360753  0.12261633 -0.06342627
  -0.04914599  0.02631118  0.10784028 -0.03811149 -0.03091799  0.04119075
   0.10439025 -0.07266662  0.19676349 -0.0342034   0.03628993 -0.05235953
  -0.10785363 -0.02874924 -0.06335247 -0.0958897   0.10515159 -0.07816226
  -0.05636194  0.02348181 -0.09520795  0.07685059  0.1180793  -0.03154971
   0.05614137  0.02504968 -0.05201182  0.03469756  0.12464033 -0.07036535
   0.08172933  0.00127281  0.24489935 -0.06764018  0.18938616  0.16683705
   0.0666556   0.17394386 -0.08194698  0.0793229  -0.06036817  0.07962766
   0.03674171  0.09022344  0.04276526 -0.0746435  -0.05233198 -0.02969264
   0.10145203 -0.08447636 -0.03584795  0.13316168 -0.08258106 -0.04542772
  -0.00314974 -0.10308726 -0.02904661 -0.02906986 -0.01083998  0.13432707
   0.09795423  0.05536992 -0.0458755  -0.01969812  0.20691875 -0.05726943
  -0.08211547 -0.07339294 -0.08315992  0.0726176   0.01985146  0.12499456
  -0.05081259  0.0879323  -0.08912563  0.10693743 -0.06776448  0.14848611
   0.05548079  0.09982865 -0.09060656 -0.05558968  0.10955743 -0.07345608
   0.09626447 -0.03544371 -0.0513426  -0.04043902 -0.04776364  0.16146855
  -0.02048722 -0.01838902 -0.04182364 -0.06398585  0.0570686  -0.01225583
  -0.04582468 -0.05159517]]
