[[ 4.60294215e-03 -7.58134872e-02 -9.66657773e-02 -1.37958795e-01
  -2.10337993e-02  1.81141198e-02 -4.82555106e-02  2.74537057e-02
   1.32394761e-01 -3.96575965e-03 -4.84231710e-02 -4.82711941e-02
   3.40545066e-02  1.29118070e-01 -7.82521814e-02 -6.24170061e-03
   3.71412076e-02  7.13476352e-03  6.21740483e-02 -1.14783980e-02
   2.50906050e-01  9.57843438e-02 -3.13298926e-02  9.54283550e-02
   6.37698323e-02 -5.99740744e-02  1.42475262e-01 -3.56856696e-02
   1.12445228e-01 -2.92545129e-02 -4.44580577e-02  5.07776402e-02
   5.50409667e-02 -3.36734988e-02  2.01575216e-02  1.85325220e-02
   9.72286761e-02 -6.28231987e-02  3.08558524e-01 -6.83637932e-02
  -9.17886794e-02  2.76721474e-02 -5.70543520e-02  6.94647580e-02
   5.83325652e-03 -5.44821061e-02  6.49838001e-02 -3.86371948e-02
  -2.20840778e-02  1.54196275e-02 -1.07199974e-01  4.35135961e-02
   2.46472746e-01 -3.72940302e-02  6.30216449e-02  1.01619646e-01
  -4.99236584e-03 -1.86801367e-02  4.62551042e-02 -9.28657800e-02
   1.04953244e-01  7.32329264e-02  2.11792812e-01 -1.10031366e-01
   6.55742660e-02  1.03979185e-01  1.09232739e-02 -1.64183434e-02
  -7.23889247e-02  2.83266366e-01 -7.19211176e-02 -7.58159682e-02
   1.41108781e-02 -5.25700413e-02  2.12388597e-02 -6.88757822e-02
   1.35121182e-01 -3.72349024e-02  7.75849074e-02 -1.35849282e-01
   1.01532891e-01 -3.29120643e-02 -9.99068171e-02 -2.08179448e-02
  -1.36872716e-02 -1.23154476e-01  7.15494603e-02  1.12095699e-01
   7.86565319e-02 -7.90157840e-02 -7.29786605e-02  2.08906054e-01
   5.60786538e-02 -9.26965699e-02  2.18189452e-02  6.43770918e-02
   2.69973017e-02 -7.64775500e-02 -8.16416740e-02  4.79085445e-02
  -6.84566796e-02 -5.73007651e-02 -1.01829208e-02  3.25823091e-02
  -8.80739316e-02  8.40835739e-03 -5.42267449e-02  7.21066147e-02
  -1.61127821e-02  7.29319155e-02 -2.89231865e-03 -3.13170021e-03
   2.30880529e-01 -1.57151590e-04  1.01785623e-01 -2.60356185e-03
  -7.88904633e-03  5.24365194e-02 -1.39471814e-02  2.69822665e-02
   8.50216821e-02 -8.16186741e-02 -1.57480892e-02 -8.65285099e-02
   3.19273509e-02  1.34827942e-01  9.88767892e-02  2.48314925e-02]
 [ 1.15958899e-01 -5.17629236e-02 -3.09557822e-02 -1.59142122e-01
  -2.74067521e-02 -8.19391478e-03 -7.47604296e-02 -6.50259182e-02
  -1.03315465e-01 -3.49247456e-02 -9.33155268e-02 -1.36043699e-02
  -7.40933418e-02  1.49666518e-01 -6.06696866e-02  2.23387182e-01
  -6.95113614e-02  5.25686033e-02 -4.84064221e-02  1.18729934e-01
  -2.35749353e-02  1.47252485e-01 -1.58602953e-01  8.03704783e-02
   1.10210702e-01 -5.82237691e-02  3.72883417e-02  5.93574420e-02
   1.29170984e-01 -6.45733997e-02 -5.76010570e-02  1.04834726e-02
   1.38476327e-01 -2.08636317e-02 -3.07760611e-02  9.27230064e-03
   1.16170727e-01 -7.04783723e-02  1.67820841e-01 -4.04576212e-02
   4.50855233e-02 -5.84657565e-02 -1.04338288e-01 -2.91580837e-02
  -5.74330389e-02 -9.28907394e-02  1.01791382e-01 -7.81531334e-02
  -6.08083121e-02  1.68994516e-02 -9.44544077e-02  8.52395073e-02
   1.11799449e-01 -3.31367515e-02  7.30788186e-02  3.80586050e-02
  -4.60411087e-02  1.76228806e-02  1.36873633e-01 -7.00243786e-02
   6.70599565e-02  2.58219638e-03  2.42063567e-01 -6.65865168e-02
   1.89083695e-01  1.96493506e-01  7.06437752e-02  1.75412074e-01
  -7.93032497e-02  5.25584742e-02 -5.10803387e-02  7.86769018e-02
   4.56609540e-02  9.06716362e-02  4.22633626e-02 -7.16912895e-02
  -5.96706122e-02 -3.64856236e-02  7.75417462e-02 -8.76396000e-02
  -2.87459847e-02  1.47821128e-01 -7.89395645e-02 -5.15562259e-02
  -1.50319356e-02 -7.68497214e-02 -3.10677793e-02 -2.53732353e-02
  -7.30043510e-03  1.49946243e-01  7.42899105e-02  4.01024893e-02
  -3.80958505e-02 -1.11799287e-02  1.96361348e-01 -4.98540625e-02
  -7.71833137e-02 -7.17716813e-02 -7.83059448e-02  6.56117722e-02
   3.56553607e-02  1.28932610e-01 -5.29964752e-02  8.32411349e-02
  -8.09276029e-02  1.07615277e-01 -5.99426217e-02  1.39162660e-01
   5.78815751e-02  1.00661680e-01 -8.62558261e-02 -5.41368201e-02
   1.24279365e-01 -6.87407628e-02  1.07397348e-01 -3.79509404e-02
  -4.82256711e-02 -4.23128940e-02 -3.55369151e-02  1.73566043e-01
  -2.33970005e-02 -1.76484827e-02 -4.96784784e-02 -6.29153550e-02
   5.95402792e-02 -9.26841050e-03 -4.53793406e-02 -4.79187891e-02]]
[[ 4.60294215e-03 -7.58134872e-02 -9.66657773e-02 -1.37958795e-01
  -2.10337993e-02  1.81141198e-02 -4.82555106e-02  2.74537057e-02
   1.32394761e-01 -3.96575965e-03 -4.84231710e-02 -4.82711941e-02
   3.40545066e-02  1.29118070e-01 -7.82521814e-02 -6.24170061e-03
   3.71412076e-02  7.13476352e-03  6.21740483e-02 -1.14783980e-02
   2.50906050e-01  9.57843438e-02 -3.13298926e-02  9.54283550e-02
   6.37698323e-02 -5.99740744e-02  1.42475262e-01 -3.56856696e-02
   1.12445228e-01 -2.92545129e-02 -4.44580577e-02  5.07776402e-02
   5.50409667e-02 -3.36734988e-02  2.01575216e-02  1.85325220e-02
   9.72286761e-02 -6.28231987e-02  3.08558524e-01 -6.83637932e-02
  -9.17886794e-02  2.76721474e-02 -5.70543520e-02  6.94647580e-02
   5.83325652e-03 -5.44821061e-02  6.49838001e-02 -3.86371948e-02
  -2.20840778e-02  1.54196275e-02 -1.07199974e-01  4.35135961e-02
   2.46472746e-01 -3.72940302e-02  6.30216449e-02  1.01619646e-01
  -4.99236584e-03 -1.86801367e-02  4.62551042e-02 -9.28657800e-02
   1.04953244e-01  7.32329264e-02  2.11792812e-01 -1.10031366e-01
   6.55742660e-02  1.03979185e-01  1.09232739e-02 -1.64183434e-02
  -7.23889247e-02  2.83266366e-01 -7.19211176e-02 -7.58159682e-02
   1.41108781e-02 -5.25700413e-02  2.12388597e-02 -6.88757822e-02
   1.35121182e-01 -3.72349024e-02  7.75849074e-02 -1.35849282e-01
   1.01532891e-01 -3.29120643e-02 -9.99068171e-02 -2.08179448e-02
  -1.36872716e-02 -1.23154476e-01  7.15494603e-02  1.12095699e-01
   7.86565319e-02 -7.90157840e-02 -7.29786605e-02  2.08906054e-01
   5.60786538e-02 -9.26965699e-02  2.18189452e-02  6.43770918e-02
   2.69973017e-02 -7.64775500e-02 -8.16416740e-02  4.79085445e-02
  -6.84566796e-02 -5.73007651e-02 -1.01829208e-02  3.25823091e-02
  -8.80739316e-02  8.40835739e-03 -5.42267449e-02  7.21066147e-02
  -1.61127821e-02  7.29319155e-02 -2.89231865e-03 -3.13170021e-03
   2.30880529e-01 -1.57151590e-04  1.01785623e-01 -2.60356185e-03
  -7.88904633e-03  5.24365194e-02 -1.39471814e-02  2.69822665e-02
   8.50216821e-02 -8.16186741e-02 -1.57480892e-02 -8.65285099e-02
   3.19273509e-02  1.34827942e-01  9.88767892e-02  2.48314925e-02]
 [ 1.15958899e-01 -5.17629236e-02 -3.09557822e-02 -1.59142122e-01
  -2.74067521e-02 -8.19391478e-03 -7.47604296e-02 -6.50259182e-02
  -1.03315465e-01 -3.49247456e-02 -9.33155268e-02 -1.36043699e-02
  -7.40933418e-02  1.49666518e-01 -6.06696866e-02  2.23387182e-01
  -6.95113614e-02  5.25686033e-02 -4.84064221e-02  1.18729934e-01
  -2.35749353e-02  1.47252485e-01 -1.58602953e-01  8.03704783e-02
   1.10210702e-01 -5.82237691e-02  3.72883417e-02  5.93574420e-02
   1.29170984e-01 -6.45733997e-02 -5.76010570e-02  1.04834726e-02
   1.38476327e-01 -2.08636317e-02 -3.07760611e-02  9.27230064e-03
   1.16170727e-01 -7.04783723e-02  1.67820841e-01 -4.04576212e-02
   4.50855233e-02 -5.84657565e-02 -1.04338288e-01 -2.91580837e-02
  -5.74330389e-02 -9.28907394e-02  1.01791382e-01 -7.81531334e-02
  -6.08083121e-02  1.68994516e-02 -9.44544077e-02  8.52395073e-02
   1.11799449e-01 -3.31367515e-02  7.30788186e-02  3.80586050e-02
  -4.60411087e-02  1.76228806e-02  1.36873633e-01 -7.00243786e-02
   6.70599565e-02  2.58219638e-03  2.42063567e-01 -6.65865168e-02
   1.89083695e-01  1.96493506e-01  7.06437752e-02  1.75412074e-01
  -7.93032497e-02  5.25584742e-02 -5.10803387e-02  7.86769018e-02
   4.56609540e-02  9.06716362e-02  4.22633626e-02 -7.16912895e-02
  -5.96706122e-02 -3.64856236e-02  7.75417462e-02 -8.76396000e-02
  -2.87459847e-02  1.47821128e-01 -7.89395645e-02 -5.15562259e-02
  -1.50319356e-02 -7.68497214e-02 -3.10677793e-02 -2.53732353e-02
  -7.30043510e-03  1.49946243e-01  7.42899105e-02  4.01024893e-02
  -3.80958505e-02 -1.11799287e-02  1.96361348e-01 -4.98540625e-02
  -7.71833137e-02 -7.17716813e-02 -7.83059448e-02  6.56117722e-02
   3.56553607e-02  1.28932610e-01 -5.29964752e-02  8.32411349e-02
  -8.09276029e-02  1.07615277e-01 -5.99426217e-02  1.39162660e-01
   5.78815751e-02  1.00661680e-01 -8.62558261e-02 -5.41368201e-02
   1.24279365e-01 -6.87407628e-02  1.07397348e-01 -3.79509404e-02
  -4.82256711e-02 -4.23128940e-02 -3.55369151e-02  1.73566043e-01
  -2.33970005e-02 -1.76484827e-02 -4.96784784e-02 -6.29153550e-02
   5.95402792e-02 -9.26841050e-03 -4.53793406e-02 -4.79187891e-02]]
[[ 4.60294215e-03 -7.58134872e-02 -9.66657773e-02 -1.37958795e-01
  -2.10337993e-02  1.81141198e-02 -4.82555106e-02  2.74537057e-02
   1.32394761e-01 -3.96575965e-03 -4.84231710e-02 -4.82711941e-02
   3.40545066e-02  1.29118070e-01 -7.82521814e-02 -6.24170061e-03
   3.71412076e-02  7.13476352e-03  6.21740483e-02 -1.14783980e-02
   2.50906050e-01  9.57843438e-02 -3.13298926e-02  9.54283550e-02
   6.37698323e-02 -5.99740744e-02  1.42475262e-01 -3.56856696e-02
   1.12445228e-01 -2.92545129e-02 -4.44580577e-02  5.07776402e-02
   5.50409667e-02 -3.36734988e-02  2.01575216e-02  1.85325220e-02
   9.72286761e-02 -6.28231987e-02  3.08558524e-01 -6.83637932e-02
  -9.17886794e-02  2.76721474e-02 -5.70543520e-02  6.94647580e-02
   5.83325652e-03 -5.44821061e-02  6.49838001e-02 -3.86371948e-02
  -2.20840778e-02  1.54196275e-02 -1.07199974e-01  4.35135961e-02
   2.46472746e-01 -3.72940302e-02  6.30216449e-02  1.01619646e-01
  -4.99236584e-03 -1.86801367e-02  4.62551042e-02 -9.28657800e-02
   1.04953244e-01  7.32329264e-02  2.11792812e-01 -1.10031366e-01
   6.55742660e-02  1.03979185e-01  1.09232739e-02 -1.64183434e-02
  -7.23889247e-02  2.83266366e-01 -7.19211176e-02 -7.58159682e-02
   1.41108781e-02 -5.25700413e-02  2.12388597e-02 -6.88757822e-02
   1.35121182e-01 -3.72349024e-02  7.75849074e-02 -1.35849282e-01
   1.01532891e-01 -3.29120643e-02 -9.99068171e-02 -2.08179448e-02
  -1.36872716e-02 -1.23154476e-01  7.15494603e-02  1.12095699e-01
   7.86565319e-02 -7.90157840e-02 -7.29786605e-02  2.08906054e-01
   5.60786538e-02 -9.26965699e-02  2.18189452e-02  6.43770918e-02
   2.69973017e-02 -7.64775500e-02 -8.16416740e-02  4.79085445e-02
  -6.84566796e-02 -5.73007651e-02 -1.01829208e-02  3.25823091e-02
  -8.80739316e-02  8.40835739e-03 -5.42267449e-02  7.21066147e-02
  -1.61127821e-02  7.29319155e-02 -2.89231865e-03 -3.13170021e-03
   2.30880529e-01 -1.57151590e-04  1.01785623e-01 -2.60356185e-03
  -7.88904633e-03  5.24365194e-02 -1.39471814e-02  2.69822665e-02
   8.50216821e-02 -8.16186741e-02 -1.57480892e-02 -8.65285099e-02
   3.19273509e-02  1.34827942e-01  9.88767892e-02  2.48314925e-02]
 [ 1.15958899e-01 -5.17629236e-02 -3.09557822e-02 -1.59142122e-01
  -2.74067521e-02 -8.19391478e-03 -7.47604296e-02 -6.50259182e-02
  -1.03315465e-01 -3.49247456e-02 -9.33155268e-02 -1.36043699e-02
  -7.40933418e-02  1.49666518e-01 -6.06696866e-02  2.23387182e-01
  -6.95113614e-02  5.25686033e-02 -4.84064221e-02  1.18729934e-01
  -2.35749353e-02  1.47252485e-01 -1.58602953e-01  8.03704783e-02
   1.10210702e-01 -5.82237691e-02  3.72883417e-02  5.93574420e-02
   1.29170984e-01 -6.45733997e-02 -5.76010570e-02  1.04834726e-02
   1.38476327e-01 -2.08636317e-02 -3.07760611e-02  9.27230064e-03
   1.16170727e-01 -7.04783723e-02  1.67820841e-01 -4.04576212e-02
   4.50855233e-02 -5.84657565e-02 -1.04338288e-01 -2.91580837e-02
  -5.74330389e-02 -9.28907394e-02  1.01791382e-01 -7.81531334e-02
  -6.08083121e-02  1.68994516e-02 -9.44544077e-02  8.52395073e-02
   1.11799449e-01 -3.31367515e-02  7.30788186e-02  3.80586050e-02
  -4.60411087e-02  1.76228806e-02  1.36873633e-01 -7.00243786e-02
   6.70599565e-02  2.58219638e-03  2.42063567e-01 -6.65865168e-02
   1.89083695e-01  1.96493506e-01  7.06437752e-02  1.75412074e-01
  -7.93032497e-02  5.25584742e-02 -5.10803387e-02  7.86769018e-02
   4.56609540e-02  9.06716362e-02  4.22633626e-02 -7.16912895e-02
  -5.96706122e-02 -3.64856236e-02  7.75417462e-02 -8.76396000e-02
  -2.87459847e-02  1.47821128e-01 -7.89395645e-02 -5.15562259e-02
  -1.50319356e-02 -7.68497214e-02 -3.10677793e-02 -2.53732353e-02
  -7.30043510e-03  1.49946243e-01  7.42899105e-02  4.01024893e-02
  -3.80958505e-02 -1.11799287e-02  1.96361348e-01 -4.98540625e-02
  -7.71833137e-02 -7.17716813e-02 -7.83059448e-02  6.56117722e-02
   3.56553607e-02  1.28932610e-01 -5.29964752e-02  8.32411349e-02
  -8.09276029e-02  1.07615277e-01 -5.99426217e-02  1.39162660e-01
   5.78815751e-02  1.00661680e-01 -8.62558261e-02 -5.41368201e-02
   1.24279365e-01 -6.87407628e-02  1.07397348e-01 -3.79509404e-02
  -4.82256711e-02 -4.23128940e-02 -3.55369151e-02  1.73566043e-01
  -2.33970005e-02 -1.76484827e-02 -4.96784784e-02 -6.29153550e-02
   5.95402792e-02 -9.26841050e-03 -4.53793406e-02 -4.79187891e-02]]
[[ 4.60294215e-03 -7.58134872e-02 -9.66657773e-02 -1.37958795e-01
  -2.10337993e-02  1.81141198e-02 -4.82555106e-02  2.74537057e-02
   1.32394761e-01 -3.96575965e-03 -4.84231710e-02 -4.82711941e-02
   3.40545066e-02  1.29118070e-01 -7.82521814e-02 -6.24170061e-03
   3.71412076e-02  7.13476352e-03  6.21740483e-02 -1.14783980e-02
   2.50906050e-01  9.57843438e-02 -3.13298926e-02  9.54283550e-02
   6.37698323e-02 -5.99740744e-02  1.42475262e-01 -3.56856696e-02
   1.12445228e-01 -2.92545129e-02 -4.44580577e-02  5.07776402e-02
   5.50409667e-02 -3.36734988e-02  2.01575216e-02  1.85325220e-02
   9.72286761e-02 -6.28231987e-02  3.08558524e-01 -6.83637932e-02
  -9.17886794e-02  2.76721474e-02 -5.70543520e-02  6.94647580e-02
   5.83325652e-03 -5.44821061e-02  6.49838001e-02 -3.86371948e-02
  -2.20840778e-02  1.54196275e-02 -1.07199974e-01  4.35135961e-02
   2.46472746e-01 -3.72940302e-02  6.30216449e-02  1.01619646e-01
  -4.99236584e-03 -1.86801367e-02  4.62551042e-02 -9.28657800e-02
   1.04953244e-01  7.32329264e-02  2.11792812e-01 -1.10031366e-01
   6.55742660e-02  1.03979185e-01  1.09232739e-02 -1.64183434e-02
  -7.23889247e-02  2.83266366e-01 -7.19211176e-02 -7.58159682e-02
   1.41108781e-02 -5.25700413e-02  2.12388597e-02 -6.88757822e-02
   1.35121182e-01 -3.72349024e-02  7.75849074e-02 -1.35849282e-01
   1.01532891e-01 -3.29120643e-02 -9.99068171e-02 -2.08179448e-02
  -1.36872716e-02 -1.23154476e-01  7.15494603e-02  1.12095699e-01
   7.86565319e-02 -7.90157840e-02 -7.29786605e-02  2.08906054e-01
   5.60786538e-02 -9.26965699e-02  2.18189452e-02  6.43770918e-02
   2.69973017e-02 -7.64775500e-02 -8.16416740e-02  4.79085445e-02
  -6.84566796e-02 -5.73007651e-02 -1.01829208e-02  3.25823091e-02
  -8.80739316e-02  8.40835739e-03 -5.42267449e-02  7.21066147e-02
  -1.61127821e-02  7.29319155e-02 -2.89231865e-03 -3.13170021e-03
   2.30880529e-01 -1.57151590e-04  1.01785623e-01 -2.60356185e-03
  -7.88904633e-03  5.24365194e-02 -1.39471814e-02  2.69822665e-02
   8.50216821e-02 -8.16186741e-02 -1.57480892e-02 -8.65285099e-02
   3.19273509e-02  1.34827942e-01  9.88767892e-02  2.48314925e-02]
 [ 1.15958899e-01 -5.17629236e-02 -3.09557822e-02 -1.59142122e-01
  -2.74067521e-02 -8.19391478e-03 -7.47604296e-02 -6.50259182e-02
  -1.03315465e-01 -3.49247456e-02 -9.33155268e-02 -1.36043699e-02
  -7.40933418e-02  1.49666518e-01 -6.06696866e-02  2.23387182e-01
  -6.95113614e-02  5.25686033e-02 -4.84064221e-02  1.18729934e-01
  -2.35749353e-02  1.47252485e-01 -1.58602953e-01  8.03704783e-02
   1.10210702e-01 -5.82237691e-02  3.72883417e-02  5.93574420e-02
   1.29170984e-01 -6.45733997e-02 -5.76010570e-02  1.04834726e-02
   1.38476327e-01 -2.08636317e-02 -3.07760611e-02  9.27230064e-03
   1.16170727e-01 -7.04783723e-02  1.67820841e-01 -4.04576212e-02
   4.50855233e-02 -5.84657565e-02 -1.04338288e-01 -2.91580837e-02
  -5.74330389e-02 -9.28907394e-02  1.01791382e-01 -7.81531334e-02
  -6.08083121e-02  1.68994516e-02 -9.44544077e-02  8.52395073e-02
   1.11799449e-01 -3.31367515e-02  7.30788186e-02  3.80586050e-02
  -4.60411087e-02  1.76228806e-02  1.36873633e-01 -7.00243786e-02
   6.70599565e-02  2.58219638e-03  2.42063567e-01 -6.65865168e-02
   1.89083695e-01  1.96493506e-01  7.06437752e-02  1.75412074e-01
  -7.93032497e-02  5.25584742e-02 -5.10803387e-02  7.86769018e-02
   4.56609540e-02  9.06716362e-02  4.22633626e-02 -7.16912895e-02
  -5.96706122e-02 -3.64856236e-02  7.75417462e-02 -8.76396000e-02
  -2.87459847e-02  1.47821128e-01 -7.89395645e-02 -5.15562259e-02
  -1.50319356e-02 -7.68497214e-02 -3.10677793e-02 -2.53732353e-02
  -7.30043510e-03  1.49946243e-01  7.42899105e-02  4.01024893e-02
  -3.80958505e-02 -1.11799287e-02  1.96361348e-01 -4.98540625e-02
  -7.71833137e-02 -7.17716813e-02 -7.83059448e-02  6.56117722e-02
   3.56553607e-02  1.28932610e-01 -5.29964752e-02  8.32411349e-02
  -8.09276029e-02  1.07615277e-01 -5.99426217e-02  1.39162660e-01
   5.78815751e-02  1.00661680e-01 -8.62558261e-02 -5.41368201e-02
   1.24279365e-01 -6.87407628e-02  1.07397348e-01 -3.79509404e-02
  -4.82256711e-02 -4.23128940e-02 -3.55369151e-02  1.73566043e-01
  -2.33970005e-02 -1.76484827e-02 -4.96784784e-02 -6.29153550e-02
   5.95402792e-02 -9.26841050e-03 -4.53793406e-02 -4.79187891e-02]]
