[[-1.35146873e-02 -8.68418887e-02 -1.24844164e-01 -1.44418269e-01
  -3.63953151e-02  4.87071872e-02 -5.11531383e-02  3.42567153e-02
   1.16822630e-01 -3.91937792e-02  4.51259352e-02 -8.05869251e-02
   7.29672536e-02  7.57212564e-02 -1.05088808e-01 -6.10948987e-02
   9.97488946e-02  7.63159171e-02 -4.23191488e-03 -8.84434301e-03
   2.42097154e-01  1.22344285e-01  3.42107541e-03  1.08150765e-01
   1.21109791e-01 -2.71127839e-02  1.03944972e-01 -3.40165347e-02
   5.88512719e-02 -5.69798574e-02 -6.72717914e-02  7.32955262e-02
   4.96523008e-02 -3.52427959e-02  2.14449577e-02  2.28820872e-02
   1.25139877e-01 -3.34358849e-02  2.58906364e-01 -5.30768037e-02
  -8.17394033e-02 -2.04843897e-02 -7.45655149e-02  7.55420700e-02
   3.69866826e-02 -6.96872249e-02  9.15893763e-02 -5.85129894e-02
  -1.95413511e-02 -6.81423722e-03 -1.06382355e-01  6.11048862e-02
   1.59012884e-01 -1.80562530e-02  1.46706954e-01  1.19121738e-01
  -3.85541022e-02 -3.45613919e-02  8.60930681e-02 -8.33588392e-02
   6.98267147e-02  6.71834871e-02  1.94637150e-01 -8.25045928e-02
  -4.87769395e-02  1.94623217e-01 -7.42457062e-03 -4.84183766e-02
  -5.07046692e-02  1.86196700e-01 -1.42329903e-02 -7.11884052e-02
   1.43925548e-02 -7.89872929e-02  1.06596529e-01 -5.45726344e-02
   1.35573283e-01 -4.89223339e-02  1.26257874e-02 -8.86458829e-02
   1.19435154e-01 -8.17389116e-02 -9.15039480e-02  9.27761048e-02
  -5.13796844e-02 -1.36619627e-01  9.55984816e-02  1.20492250e-01
   2.22507026e-02 -7.17424080e-02 -6.49452880e-02  2.23007873e-01
   5.05853891e-02 -8.20406973e-02  7.56219253e-02  5.66082038e-02
   8.92935991e-02 -5.89221790e-02 -8.03251937e-02  5.86851761e-02
  -2.17736755e-02 -7.56645501e-02 -3.62032913e-02 -4.69456762e-02
  -3.44053507e-02 -4.52666655e-02 -3.41456644e-02  6.01920485e-02
  -6.02685809e-02  8.32578465e-02  2.28080917e-02  9.89596173e-03
   1.61131531e-01  7.75654465e-02  8.83833021e-02  3.04381046e-02
   2.53488924e-02  6.65477738e-02 -3.77494805e-02  2.60425657e-02
   1.44674122e-01 -8.18280950e-02 -3.74713018e-05 -8.61271620e-02
   1.42526412e-02  9.26874280e-02  1.74149260e-01  1.01306021e-01]
 [ 3.75620648e-02 -2.83576362e-02 -1.58361010e-02 -1.62943557e-01
  -1.15568740e-02  1.86431445e-02 -6.70767277e-02 -7.66928270e-02
  -9.81782898e-02 -2.86210682e-02 -9.21207890e-02  7.29622459e-03
  -5.02103120e-02  1.31669402e-01 -6.28007129e-02  2.28605777e-01
  -7.96222761e-02  7.57918954e-02 -4.87394743e-02  1.70443952e-01
   8.75706039e-03  8.74118656e-02 -1.48005426e-01  5.50799072e-02
   1.33270934e-01 -5.56744747e-02  9.19314027e-02  5.18139824e-02
   1.39736921e-01 -6.07439689e-02 -2.33814735e-02  1.06734885e-02
   8.77924338e-02 -4.39100601e-02 -5.17739058e-02  5.44927455e-02
   1.24398299e-01 -8.06775615e-02  2.12455988e-01 -4.76396531e-02
   7.33807217e-03 -4.34185974e-02 -9.80317444e-02  2.61165164e-02
  -5.85643239e-02 -9.29899365e-02  1.02178670e-01 -8.27689916e-02
  -5.26399612e-02  2.61177011e-02 -8.85722786e-02  9.44827273e-02
   1.12719253e-01 -3.50098237e-02  7.82324225e-02  3.70167731e-03
  -2.60074716e-02  4.92395740e-03  1.28029510e-01 -7.50059634e-02
   1.00766703e-01 -8.33295379e-03  1.94035679e-01 -5.32333590e-02
   1.65882945e-01  1.81446865e-01  6.09945580e-02  1.92097202e-01
  -8.14883113e-02  6.36437088e-02 -7.20343143e-02  5.37886359e-02
   7.98839852e-02  5.07894158e-02  5.55853322e-02 -8.19642171e-02
  -2.63464339e-02 -2.58464441e-02  9.99391228e-02 -9.74545330e-02
  -1.78169683e-02  9.49746966e-02 -8.16346332e-02 -3.49393934e-02
   2.20915042e-02 -1.01500504e-01 -2.28169691e-02 -2.04774179e-02
  -2.22782940e-02  1.63841620e-01  6.23287186e-02  7.47634843e-02
  -3.98616157e-02 -3.62127237e-02  2.49829009e-01 -3.37943994e-02
  -7.70887285e-02 -5.84413484e-02 -7.13706538e-02  7.19370395e-02
   3.44126001e-02  9.51502174e-02 -5.77151142e-02  7.86153972e-02
  -9.25925598e-02  8.86363015e-02 -6.44371361e-02  1.56715974e-01
   8.61641392e-02  1.20441392e-01 -6.24430105e-02 -6.03703037e-02
   1.54606238e-01 -6.56417161e-02  1.08654000e-01 -1.60555318e-02
  -5.48119210e-02  1.17625901e-02 -4.84405681e-02  1.66267753e-01
  -1.91904011e-03 -1.57388560e-02 -3.00276472e-04 -6.63386658e-02
   4.57687899e-02 -2.40380894e-02 -6.47934824e-02 -4.92755473e-02]]
[[-1.35146873e-02 -8.68418887e-02 -1.24844164e-01 -1.44418269e-01
  -3.63953151e-02  4.87071872e-02 -5.11531383e-02  3.42567153e-02
   1.16822630e-01 -3.91937792e-02  4.51259352e-02 -8.05869251e-02
   7.29672536e-02  7.57212564e-02 -1.05088808e-01 -6.10948987e-02
   9.97488946e-02  7.63159171e-02 -4.23191488e-03 -8.84434301e-03
   2.42097154e-01  1.22344285e-01  3.42107541e-03  1.08150765e-01
   1.21109791e-01 -2.71127839e-02  1.03944972e-01 -3.40165347e-02
   5.88512719e-02 -5.69798574e-02 -6.72717914e-02  7.32955262e-02
   4.96523008e-02 -3.52427959e-02  2.14449577e-02  2.28820872e-02
   1.25139877e-01 -3.34358849e-02  2.58906364e-01 -5.30768037e-02
  -8.17394033e-02 -2.04843897e-02 -7.45655149e-02  7.55420700e-02
   3.69866826e-02 -6.96872249e-02  9.15893763e-02 -5.85129894e-02
  -1.95413511e-02 -6.81423722e-03 -1.06382355e-01  6.11048862e-02
   1.59012884e-01 -1.80562530e-02  1.46706954e-01  1.19121738e-01
  -3.85541022e-02 -3.45613919e-02  8.60930681e-02 -8.33588392e-02
   6.98267147e-02  6.71834871e-02  1.94637150e-01 -8.25045928e-02
  -4.87769395e-02  1.94623217e-01 -7.42457062e-03 -4.84183766e-02
  -5.07046692e-02  1.86196700e-01 -1.42329903e-02 -7.11884052e-02
   1.43925548e-02 -7.89872929e-02  1.06596529e-01 -5.45726344e-02
   1.35573283e-01 -4.89223339e-02  1.26257874e-02 -8.86458829e-02
   1.19435154e-01 -8.17389116e-02 -9.15039480e-02  9.27761048e-02
  -5.13796844e-02 -1.36619627e-01  9.55984816e-02  1.20492250e-01
   2.22507026e-02 -7.17424080e-02 -6.49452880e-02  2.23007873e-01
   5.05853891e-02 -8.20406973e-02  7.56219253e-02  5.66082038e-02
   8.92935991e-02 -5.89221790e-02 -8.03251937e-02  5.86851761e-02
  -2.17736755e-02 -7.56645501e-02 -3.62032913e-02 -4.69456762e-02
  -3.44053507e-02 -4.52666655e-02 -3.41456644e-02  6.01920485e-02
  -6.02685809e-02  8.32578465e-02  2.28080917e-02  9.89596173e-03
   1.61131531e-01  7.75654465e-02  8.83833021e-02  3.04381046e-02
   2.53488924e-02  6.65477738e-02 -3.77494805e-02  2.60425657e-02
   1.44674122e-01 -8.18280950e-02 -3.74713018e-05 -8.61271620e-02
   1.42526412e-02  9.26874280e-02  1.74149260e-01  1.01306021e-01]
 [ 3.75620648e-02 -2.83576362e-02 -1.58361010e-02 -1.62943557e-01
  -1.15568740e-02  1.86431445e-02 -6.70767277e-02 -7.66928270e-02
  -9.81782898e-02 -2.86210682e-02 -9.21207890e-02  7.29622459e-03
  -5.02103120e-02  1.31669402e-01 -6.28007129e-02  2.28605777e-01
  -7.96222761e-02  7.57918954e-02 -4.87394743e-02  1.70443952e-01
   8.75706039e-03  8.74118656e-02 -1.48005426e-01  5.50799072e-02
   1.33270934e-01 -5.56744747e-02  9.19314027e-02  5.18139824e-02
   1.39736921e-01 -6.07439689e-02 -2.33814735e-02  1.06734885e-02
   8.77924338e-02 -4.39100601e-02 -5.17739058e-02  5.44927455e-02
   1.24398299e-01 -8.06775615e-02  2.12455988e-01 -4.76396531e-02
   7.33807217e-03 -4.34185974e-02 -9.80317444e-02  2.61165164e-02
  -5.85643239e-02 -9.29899365e-02  1.02178670e-01 -8.27689916e-02
  -5.26399612e-02  2.61177011e-02 -8.85722786e-02  9.44827273e-02
   1.12719253e-01 -3.50098237e-02  7.82324225e-02  3.70167731e-03
  -2.60074716e-02  4.92395740e-03  1.28029510e-01 -7.50059634e-02
   1.00766703e-01 -8.33295379e-03  1.94035679e-01 -5.32333590e-02
   1.65882945e-01  1.81446865e-01  6.09945580e-02  1.92097202e-01
  -8.14883113e-02  6.36437088e-02 -7.20343143e-02  5.37886359e-02
   7.98839852e-02  5.07894158e-02  5.55853322e-02 -8.19642171e-02
  -2.63464339e-02 -2.58464441e-02  9.99391228e-02 -9.74545330e-02
  -1.78169683e-02  9.49746966e-02 -8.16346332e-02 -3.49393934e-02
   2.20915042e-02 -1.01500504e-01 -2.28169691e-02 -2.04774179e-02
  -2.22782940e-02  1.63841620e-01  6.23287186e-02  7.47634843e-02
  -3.98616157e-02 -3.62127237e-02  2.49829009e-01 -3.37943994e-02
  -7.70887285e-02 -5.84413484e-02 -7.13706538e-02  7.19370395e-02
   3.44126001e-02  9.51502174e-02 -5.77151142e-02  7.86153972e-02
  -9.25925598e-02  8.86363015e-02 -6.44371361e-02  1.56715974e-01
   8.61641392e-02  1.20441392e-01 -6.24430105e-02 -6.03703037e-02
   1.54606238e-01 -6.56417161e-02  1.08654000e-01 -1.60555318e-02
  -5.48119210e-02  1.17625901e-02 -4.84405681e-02  1.66267753e-01
  -1.91904011e-03 -1.57388560e-02 -3.00276472e-04 -6.63386658e-02
   4.57687899e-02 -2.40380894e-02 -6.47934824e-02 -4.92755473e-02]]
[[-1.35146873e-02 -8.68418887e-02 -1.24844164e-01 -1.44418269e-01
  -3.63953151e-02  4.87071872e-02 -5.11531383e-02  3.42567153e-02
   1.16822630e-01 -3.91937792e-02  4.51259352e-02 -8.05869251e-02
   7.29672536e-02  7.57212564e-02 -1.05088808e-01 -6.10948987e-02
   9.97488946e-02  7.63159171e-02 -4.23191488e-03 -8.84434301e-03
   2.42097154e-01  1.22344285e-01  3.42107541e-03  1.08150765e-01
   1.21109791e-01 -2.71127839e-02  1.03944972e-01 -3.40165347e-02
   5.88512719e-02 -5.69798574e-02 -6.72717914e-02  7.32955262e-02
   4.96523008e-02 -3.52427959e-02  2.14449577e-02  2.28820872e-02
   1.25139877e-01 -3.34358849e-02  2.58906364e-01 -5.30768037e-02
  -8.17394033e-02 -2.04843897e-02 -7.45655149e-02  7.55420700e-02
   3.69866826e-02 -6.96872249e-02  9.15893763e-02 -5.85129894e-02
  -1.95413511e-02 -6.81423722e-03 -1.06382355e-01  6.11048862e-02
   1.59012884e-01 -1.80562530e-02  1.46706954e-01  1.19121738e-01
  -3.85541022e-02 -3.45613919e-02  8.60930681e-02 -8.33588392e-02
   6.98267147e-02  6.71834871e-02  1.94637150e-01 -8.25045928e-02
  -4.87769395e-02  1.94623217e-01 -7.42457062e-03 -4.84183766e-02
  -5.07046692e-02  1.86196700e-01 -1.42329903e-02 -7.11884052e-02
   1.43925548e-02 -7.89872929e-02  1.06596529e-01 -5.45726344e-02
   1.35573283e-01 -4.89223339e-02  1.26257874e-02 -8.86458829e-02
   1.19435154e-01 -8.17389116e-02 -9.15039480e-02  9.27761048e-02
  -5.13796844e-02 -1.36619627e-01  9.55984816e-02  1.20492250e-01
   2.22507026e-02 -7.17424080e-02 -6.49452880e-02  2.23007873e-01
   5.05853891e-02 -8.20406973e-02  7.56219253e-02  5.66082038e-02
   8.92935991e-02 -5.89221790e-02 -8.03251937e-02  5.86851761e-02
  -2.17736755e-02 -7.56645501e-02 -3.62032913e-02 -4.69456762e-02
  -3.44053507e-02 -4.52666655e-02 -3.41456644e-02  6.01920485e-02
  -6.02685809e-02  8.32578465e-02  2.28080917e-02  9.89596173e-03
   1.61131531e-01  7.75654465e-02  8.83833021e-02  3.04381046e-02
   2.53488924e-02  6.65477738e-02 -3.77494805e-02  2.60425657e-02
   1.44674122e-01 -8.18280950e-02 -3.74713018e-05 -8.61271620e-02
   1.42526412e-02  9.26874280e-02  1.74149260e-01  1.01306021e-01]
 [ 3.75620648e-02 -2.83576362e-02 -1.58361010e-02 -1.62943557e-01
  -1.15568740e-02  1.86431445e-02 -6.70767277e-02 -7.66928270e-02
  -9.81782898e-02 -2.86210682e-02 -9.21207890e-02  7.29622459e-03
  -5.02103120e-02  1.31669402e-01 -6.28007129e-02  2.28605777e-01
  -7.96222761e-02  7.57918954e-02 -4.87394743e-02  1.70443952e-01
   8.75706039e-03  8.74118656e-02 -1.48005426e-01  5.50799072e-02
   1.33270934e-01 -5.56744747e-02  9.19314027e-02  5.18139824e-02
   1.39736921e-01 -6.07439689e-02 -2.33814735e-02  1.06734885e-02
   8.77924338e-02 -4.39100601e-02 -5.17739058e-02  5.44927455e-02
   1.24398299e-01 -8.06775615e-02  2.12455988e-01 -4.76396531e-02
   7.33807217e-03 -4.34185974e-02 -9.80317444e-02  2.61165164e-02
  -5.85643239e-02 -9.29899365e-02  1.02178670e-01 -8.27689916e-02
  -5.26399612e-02  2.61177011e-02 -8.85722786e-02  9.44827273e-02
   1.12719253e-01 -3.50098237e-02  7.82324225e-02  3.70167731e-03
  -2.60074716e-02  4.92395740e-03  1.28029510e-01 -7.50059634e-02
   1.00766703e-01 -8.33295379e-03  1.94035679e-01 -5.32333590e-02
   1.65882945e-01  1.81446865e-01  6.09945580e-02  1.92097202e-01
  -8.14883113e-02  6.36437088e-02 -7.20343143e-02  5.37886359e-02
   7.98839852e-02  5.07894158e-02  5.55853322e-02 -8.19642171e-02
  -2.63464339e-02 -2.58464441e-02  9.99391228e-02 -9.74545330e-02
  -1.78169683e-02  9.49746966e-02 -8.16346332e-02 -3.49393934e-02
   2.20915042e-02 -1.01500504e-01 -2.28169691e-02 -2.04774179e-02
  -2.22782940e-02  1.63841620e-01  6.23287186e-02  7.47634843e-02
  -3.98616157e-02 -3.62127237e-02  2.49829009e-01 -3.37943994e-02
  -7.70887285e-02 -5.84413484e-02 -7.13706538e-02  7.19370395e-02
   3.44126001e-02  9.51502174e-02 -5.77151142e-02  7.86153972e-02
  -9.25925598e-02  8.86363015e-02 -6.44371361e-02  1.56715974e-01
   8.61641392e-02  1.20441392e-01 -6.24430105e-02 -6.03703037e-02
   1.54606238e-01 -6.56417161e-02  1.08654000e-01 -1.60555318e-02
  -5.48119210e-02  1.17625901e-02 -4.84405681e-02  1.66267753e-01
  -1.91904011e-03 -1.57388560e-02 -3.00276472e-04 -6.63386658e-02
   4.57687899e-02 -2.40380894e-02 -6.47934824e-02 -4.92755473e-02]]
[[-1.35146873e-02 -8.68418887e-02 -1.24844164e-01 -1.44418269e-01
  -3.63953151e-02  4.87071872e-02 -5.11531383e-02  3.42567153e-02
   1.16822630e-01 -3.91937792e-02  4.51259352e-02 -8.05869251e-02
   7.29672536e-02  7.57212564e-02 -1.05088808e-01 -6.10948987e-02
   9.97488946e-02  7.63159171e-02 -4.23191488e-03 -8.84434301e-03
   2.42097154e-01  1.22344285e-01  3.42107541e-03  1.08150765e-01
   1.21109791e-01 -2.71127839e-02  1.03944972e-01 -3.40165347e-02
   5.88512719e-02 -5.69798574e-02 -6.72717914e-02  7.32955262e-02
   4.96523008e-02 -3.52427959e-02  2.14449577e-02  2.28820872e-02
   1.25139877e-01 -3.34358849e-02  2.58906364e-01 -5.30768037e-02
  -8.17394033e-02 -2.04843897e-02 -7.45655149e-02  7.55420700e-02
   3.69866826e-02 -6.96872249e-02  9.15893763e-02 -5.85129894e-02
  -1.95413511e-02 -6.81423722e-03 -1.06382355e-01  6.11048862e-02
   1.59012884e-01 -1.80562530e-02  1.46706954e-01  1.19121738e-01
  -3.85541022e-02 -3.45613919e-02  8.60930681e-02 -8.33588392e-02
   6.98267147e-02  6.71834871e-02  1.94637150e-01 -8.25045928e-02
  -4.87769395e-02  1.94623217e-01 -7.42457062e-03 -4.84183766e-02
  -5.07046692e-02  1.86196700e-01 -1.42329903e-02 -7.11884052e-02
   1.43925548e-02 -7.89872929e-02  1.06596529e-01 -5.45726344e-02
   1.35573283e-01 -4.89223339e-02  1.26257874e-02 -8.86458829e-02
   1.19435154e-01 -8.17389116e-02 -9.15039480e-02  9.27761048e-02
  -5.13796844e-02 -1.36619627e-01  9.55984816e-02  1.20492250e-01
   2.22507026e-02 -7.17424080e-02 -6.49452880e-02  2.23007873e-01
   5.05853891e-02 -8.20406973e-02  7.56219253e-02  5.66082038e-02
   8.92935991e-02 -5.89221790e-02 -8.03251937e-02  5.86851761e-02
  -2.17736755e-02 -7.56645501e-02 -3.62032913e-02 -4.69456762e-02
  -3.44053507e-02 -4.52666655e-02 -3.41456644e-02  6.01920485e-02
  -6.02685809e-02  8.32578465e-02  2.28080917e-02  9.89596173e-03
   1.61131531e-01  7.75654465e-02  8.83833021e-02  3.04381046e-02
   2.53488924e-02  6.65477738e-02 -3.77494805e-02  2.60425657e-02
   1.44674122e-01 -8.18280950e-02 -3.74713018e-05 -8.61271620e-02
   1.42526412e-02  9.26874280e-02  1.74149260e-01  1.01306021e-01]
 [ 3.75620648e-02 -2.83576362e-02 -1.58361010e-02 -1.62943557e-01
  -1.15568740e-02  1.86431445e-02 -6.70767277e-02 -7.66928270e-02
  -9.81782898e-02 -2.86210682e-02 -9.21207890e-02  7.29622459e-03
  -5.02103120e-02  1.31669402e-01 -6.28007129e-02  2.28605777e-01
  -7.96222761e-02  7.57918954e-02 -4.87394743e-02  1.70443952e-01
   8.75706039e-03  8.74118656e-02 -1.48005426e-01  5.50799072e-02
   1.33270934e-01 -5.56744747e-02  9.19314027e-02  5.18139824e-02
   1.39736921e-01 -6.07439689e-02 -2.33814735e-02  1.06734885e-02
   8.77924338e-02 -4.39100601e-02 -5.17739058e-02  5.44927455e-02
   1.24398299e-01 -8.06775615e-02  2.12455988e-01 -4.76396531e-02
   7.33807217e-03 -4.34185974e-02 -9.80317444e-02  2.61165164e-02
  -5.85643239e-02 -9.29899365e-02  1.02178670e-01 -8.27689916e-02
  -5.26399612e-02  2.61177011e-02 -8.85722786e-02  9.44827273e-02
   1.12719253e-01 -3.50098237e-02  7.82324225e-02  3.70167731e-03
  -2.60074716e-02  4.92395740e-03  1.28029510e-01 -7.50059634e-02
   1.00766703e-01 -8.33295379e-03  1.94035679e-01 -5.32333590e-02
   1.65882945e-01  1.81446865e-01  6.09945580e-02  1.92097202e-01
  -8.14883113e-02  6.36437088e-02 -7.20343143e-02  5.37886359e-02
   7.98839852e-02  5.07894158e-02  5.55853322e-02 -8.19642171e-02
  -2.63464339e-02 -2.58464441e-02  9.99391228e-02 -9.74545330e-02
  -1.78169683e-02  9.49746966e-02 -8.16346332e-02 -3.49393934e-02
   2.20915042e-02 -1.01500504e-01 -2.28169691e-02 -2.04774179e-02
  -2.22782940e-02  1.63841620e-01  6.23287186e-02  7.47634843e-02
  -3.98616157e-02 -3.62127237e-02  2.49829009e-01 -3.37943994e-02
  -7.70887285e-02 -5.84413484e-02 -7.13706538e-02  7.19370395e-02
   3.44126001e-02  9.51502174e-02 -5.77151142e-02  7.86153972e-02
  -9.25925598e-02  8.86363015e-02 -6.44371361e-02  1.56715974e-01
   8.61641392e-02  1.20441392e-01 -6.24430105e-02 -6.03703037e-02
   1.54606238e-01 -6.56417161e-02  1.08654000e-01 -1.60555318e-02
  -5.48119210e-02  1.17625901e-02 -4.84405681e-02  1.66267753e-01
  -1.91904011e-03 -1.57388560e-02 -3.00276472e-04 -6.63386658e-02
   4.57687899e-02 -2.40380894e-02 -6.47934824e-02 -4.92755473e-02]]
