[[-1.46205109e-02 -8.43984932e-02 -1.21799700e-01 -1.32557973e-01
  -6.18388839e-02  4.58322838e-02 -5.04294969e-02  2.70057935e-02
   8.04992691e-02 -4.44228947e-02  4.69633900e-02 -8.29593167e-02
   6.24645166e-02  6.26904517e-02 -1.00343905e-01 -7.85991028e-02
   7.92840570e-02  8.22777972e-02  1.05338749e-02  2.96179000e-02
   2.03326583e-01  1.10564724e-01 -3.74248018e-03  9.93231833e-02
   1.09049052e-01 -2.81643700e-02  1.40464962e-01 -3.46759260e-02
   5.82424961e-02 -6.17319793e-02 -6.92620650e-02  1.18531182e-01
   4.09127921e-02 -6.74680769e-02 -5.32895720e-05  3.98880653e-02
   9.19320658e-02 -3.49316373e-02  2.79752553e-01 -5.53517081e-02
  -7.84737840e-02 -1.88378803e-02 -8.07477087e-02  5.21108024e-02
   3.80391628e-02 -7.99890235e-02  1.10926755e-01 -6.01286590e-02
  -2.95320302e-02  8.17240681e-03 -1.01059280e-01  7.90683776e-02
   1.64741680e-01 -1.11481715e-02  1.10087454e-01  1.53290927e-01
  -2.08784193e-02 -4.79141288e-02  7.08091259e-02 -7.86102116e-02
   6.06139190e-02  9.48941633e-02  1.91082716e-01 -7.80968368e-02
  -4.68928553e-02  1.90972015e-01  2.43714778e-03 -5.57488017e-02
  -4.89348657e-02  1.83798149e-01  8.93189944e-03 -6.96785524e-02
  -1.05730025e-02 -7.46208951e-02  1.09894171e-01 -6.56600147e-02
   1.35708213e-01 -3.44204232e-02 -9.89098754e-03 -8.96635875e-02
   9.87119675e-02 -8.05479363e-02 -8.39226469e-02  1.16586365e-01
  -4.77785915e-02 -1.42353058e-01  1.33822948e-01  1.03406779e-01
   4.13672300e-03 -6.26106709e-02 -6.15998805e-02  2.18758270e-01
   3.92007716e-02 -8.03268030e-02  8.46130922e-02  5.37017100e-02
   1.24288686e-01 -4.78833131e-02 -7.41295442e-02  3.44959274e-02
  -4.46588686e-03 -7.75584355e-02 -1.72877777e-02 -6.65438250e-02
  -5.10841347e-02 -5.41661419e-02 -3.36830467e-02  5.40161356e-02
  -6.42403290e-02  5.49286939e-02  5.26489094e-02  1.48279499e-02
   1.40279070e-01  8.61801431e-02  5.93518652e-02  4.10393812e-02
   6.29046559e-03  7.40574375e-02 -3.10133230e-02  3.54353748e-02
   1.56795219e-01 -8.16982910e-02 -2.28067636e-02 -8.17450732e-02
   2.87047774e-02  1.01452656e-01  1.92956313e-01  9.12856087e-02]
 [ 3.81281748e-02 -1.89561807e-02 -2.42996458e-02 -1.72507808e-01
  -1.03959786e-02  1.82504579e-02 -6.94407821e-02 -7.95437321e-02
  -9.85300988e-02 -1.82360169e-02 -9.33532491e-02  1.60248822e-03
  -3.46876718e-02  1.33122012e-01 -5.64396419e-02  2.27723792e-01
  -8.13624784e-02  8.37305114e-02 -4.63021472e-02  1.59019157e-01
   1.19694220e-02  9.51737165e-02 -1.45378321e-01  8.48356187e-02
   1.30978376e-01 -5.86479455e-02  9.44899544e-02  5.69088422e-02
   1.47628903e-01 -5.82304858e-02 -1.34177273e-02  2.03169230e-02
   9.02557001e-02 -4.79698703e-02 -4.93543744e-02  6.06477074e-02
   1.15422457e-01 -8.09812173e-02  2.28686079e-01 -4.23235707e-02
   3.19628557e-03 -4.17299792e-02 -1.03293359e-01  3.01704500e-02
  -5.98341450e-02 -9.01971832e-02  1.00827374e-01 -8.04491416e-02
  -5.11303023e-02  3.09650674e-02 -8.71925354e-02  9.09646377e-02
   1.37204170e-01 -3.73784713e-02  7.18260035e-02 -1.02489232e-03
  -1.78390630e-02 -6.64614839e-03  1.24192491e-01 -7.48584494e-02
   1.09627403e-01 -5.02564386e-03  1.98470637e-01 -5.20653427e-02
   1.36855140e-01  1.74552277e-01  5.88589497e-02  1.83593273e-01
  -8.09628218e-02  7.53543451e-02 -7.71772712e-02  5.80400229e-02
   8.03532526e-02  3.12136784e-02  5.50019816e-02 -8.42868239e-02
  -2.74955984e-02 -1.68501716e-02  1.13733470e-01 -9.14311931e-02
  -2.30344329e-02  8.79840776e-02 -8.26816708e-02 -4.06635888e-02
   3.09649203e-02 -9.79340672e-02 -2.24647317e-02 -2.61361357e-02
  -2.23346557e-02  1.46335125e-01  5.36875278e-02  8.57451409e-02
  -3.03081702e-02 -4.35823351e-02  2.42191941e-01 -3.23535316e-02
  -7.71141574e-02 -5.64601570e-02 -7.48588666e-02  6.73469305e-02
   4.30692956e-02  9.07565504e-02 -5.14631309e-02  8.74510482e-02
  -9.52938721e-02  9.18067917e-02 -6.49509653e-02  1.59188643e-01
   7.78748840e-02  1.21105999e-01 -6.11950345e-02 -6.22227825e-02
   1.60324112e-01 -6.68297112e-02  1.10750943e-01 -9.58651025e-03
  -5.96016645e-02  1.38947638e-02 -4.88318056e-02  1.56493202e-01
  -7.59002613e-03 -1.07363630e-02 -1.04505252e-02 -6.63434565e-02
   5.22737503e-02 -2.69425698e-02 -6.28371239e-02 -4.99626696e-02]]
[[-1.46205109e-02 -8.43984932e-02 -1.21799700e-01 -1.32557973e-01
  -6.18388839e-02  4.58322838e-02 -5.04294969e-02  2.70057935e-02
   8.04992691e-02 -4.44228947e-02  4.69633900e-02 -8.29593167e-02
   6.24645166e-02  6.26904517e-02 -1.00343905e-01 -7.85991028e-02
   7.92840570e-02  8.22777972e-02  1.05338749e-02  2.96179000e-02
   2.03326583e-01  1.10564724e-01 -3.74248018e-03  9.93231833e-02
   1.09049052e-01 -2.81643700e-02  1.40464962e-01 -3.46759260e-02
   5.82424961e-02 -6.17319793e-02 -6.92620650e-02  1.18531182e-01
   4.09127921e-02 -6.74680769e-02 -5.32895720e-05  3.98880653e-02
   9.19320658e-02 -3.49316373e-02  2.79752553e-01 -5.53517081e-02
  -7.84737840e-02 -1.88378803e-02 -8.07477087e-02  5.21108024e-02
   3.80391628e-02 -7.99890235e-02  1.10926755e-01 -6.01286590e-02
  -2.95320302e-02  8.17240681e-03 -1.01059280e-01  7.90683776e-02
   1.64741680e-01 -1.11481715e-02  1.10087454e-01  1.53290927e-01
  -2.08784193e-02 -4.79141288e-02  7.08091259e-02 -7.86102116e-02
   6.06139190e-02  9.48941633e-02  1.91082716e-01 -7.80968368e-02
  -4.68928553e-02  1.90972015e-01  2.43714778e-03 -5.57488017e-02
  -4.89348657e-02  1.83798149e-01  8.93189944e-03 -6.96785524e-02
  -1.05730025e-02 -7.46208951e-02  1.09894171e-01 -6.56600147e-02
   1.35708213e-01 -3.44204232e-02 -9.89098754e-03 -8.96635875e-02
   9.87119675e-02 -8.05479363e-02 -8.39226469e-02  1.16586365e-01
  -4.77785915e-02 -1.42353058e-01  1.33822948e-01  1.03406779e-01
   4.13672300e-03 -6.26106709e-02 -6.15998805e-02  2.18758270e-01
   3.92007716e-02 -8.03268030e-02  8.46130922e-02  5.37017100e-02
   1.24288686e-01 -4.78833131e-02 -7.41295442e-02  3.44959274e-02
  -4.46588686e-03 -7.75584355e-02 -1.72877777e-02 -6.65438250e-02
  -5.10841347e-02 -5.41661419e-02 -3.36830467e-02  5.40161356e-02
  -6.42403290e-02  5.49286939e-02  5.26489094e-02  1.48279499e-02
   1.40279070e-01  8.61801431e-02  5.93518652e-02  4.10393812e-02
   6.29046559e-03  7.40574375e-02 -3.10133230e-02  3.54353748e-02
   1.56795219e-01 -8.16982910e-02 -2.28067636e-02 -8.17450732e-02
   2.87047774e-02  1.01452656e-01  1.92956313e-01  9.12856087e-02]
 [ 3.81281748e-02 -1.89561807e-02 -2.42996458e-02 -1.72507808e-01
  -1.03959786e-02  1.82504579e-02 -6.94407821e-02 -7.95437321e-02
  -9.85300988e-02 -1.82360169e-02 -9.33532491e-02  1.60248822e-03
  -3.46876718e-02  1.33122012e-01 -5.64396419e-02  2.27723792e-01
  -8.13624784e-02  8.37305114e-02 -4.63021472e-02  1.59019157e-01
   1.19694220e-02  9.51737165e-02 -1.45378321e-01  8.48356187e-02
   1.30978376e-01 -5.86479455e-02  9.44899544e-02  5.69088422e-02
   1.47628903e-01 -5.82304858e-02 -1.34177273e-02  2.03169230e-02
   9.02557001e-02 -4.79698703e-02 -4.93543744e-02  6.06477074e-02
   1.15422457e-01 -8.09812173e-02  2.28686079e-01 -4.23235707e-02
   3.19628557e-03 -4.17299792e-02 -1.03293359e-01  3.01704500e-02
  -5.98341450e-02 -9.01971832e-02  1.00827374e-01 -8.04491416e-02
  -5.11303023e-02  3.09650674e-02 -8.71925354e-02  9.09646377e-02
   1.37204170e-01 -3.73784713e-02  7.18260035e-02 -1.02489232e-03
  -1.78390630e-02 -6.64614839e-03  1.24192491e-01 -7.48584494e-02
   1.09627403e-01 -5.02564386e-03  1.98470637e-01 -5.20653427e-02
   1.36855140e-01  1.74552277e-01  5.88589497e-02  1.83593273e-01
  -8.09628218e-02  7.53543451e-02 -7.71772712e-02  5.80400229e-02
   8.03532526e-02  3.12136784e-02  5.50019816e-02 -8.42868239e-02
  -2.74955984e-02 -1.68501716e-02  1.13733470e-01 -9.14311931e-02
  -2.30344329e-02  8.79840776e-02 -8.26816708e-02 -4.06635888e-02
   3.09649203e-02 -9.79340672e-02 -2.24647317e-02 -2.61361357e-02
  -2.23346557e-02  1.46335125e-01  5.36875278e-02  8.57451409e-02
  -3.03081702e-02 -4.35823351e-02  2.42191941e-01 -3.23535316e-02
  -7.71141574e-02 -5.64601570e-02 -7.48588666e-02  6.73469305e-02
   4.30692956e-02  9.07565504e-02 -5.14631309e-02  8.74510482e-02
  -9.52938721e-02  9.18067917e-02 -6.49509653e-02  1.59188643e-01
   7.78748840e-02  1.21105999e-01 -6.11950345e-02 -6.22227825e-02
   1.60324112e-01 -6.68297112e-02  1.10750943e-01 -9.58651025e-03
  -5.96016645e-02  1.38947638e-02 -4.88318056e-02  1.56493202e-01
  -7.59002613e-03 -1.07363630e-02 -1.04505252e-02 -6.63434565e-02
   5.22737503e-02 -2.69425698e-02 -6.28371239e-02 -4.99626696e-02]]
[[-1.46205109e-02 -8.43984932e-02 -1.21799700e-01 -1.32557973e-01
  -6.18388839e-02  4.58322838e-02 -5.04294969e-02  2.70057935e-02
   8.04992691e-02 -4.44228947e-02  4.69633900e-02 -8.29593167e-02
   6.24645166e-02  6.26904517e-02 -1.00343905e-01 -7.85991028e-02
   7.92840570e-02  8.22777972e-02  1.05338749e-02  2.96179000e-02
   2.03326583e-01  1.10564724e-01 -3.74248018e-03  9.93231833e-02
   1.09049052e-01 -2.81643700e-02  1.40464962e-01 -3.46759260e-02
   5.82424961e-02 -6.17319793e-02 -6.92620650e-02  1.18531182e-01
   4.09127921e-02 -6.74680769e-02 -5.32895720e-05  3.98880653e-02
   9.19320658e-02 -3.49316373e-02  2.79752553e-01 -5.53517081e-02
  -7.84737840e-02 -1.88378803e-02 -8.07477087e-02  5.21108024e-02
   3.80391628e-02 -7.99890235e-02  1.10926755e-01 -6.01286590e-02
  -2.95320302e-02  8.17240681e-03 -1.01059280e-01  7.90683776e-02
   1.64741680e-01 -1.11481715e-02  1.10087454e-01  1.53290927e-01
  -2.08784193e-02 -4.79141288e-02  7.08091259e-02 -7.86102116e-02
   6.06139190e-02  9.48941633e-02  1.91082716e-01 -7.80968368e-02
  -4.68928553e-02  1.90972015e-01  2.43714778e-03 -5.57488017e-02
  -4.89348657e-02  1.83798149e-01  8.93189944e-03 -6.96785524e-02
  -1.05730025e-02 -7.46208951e-02  1.09894171e-01 -6.56600147e-02
   1.35708213e-01 -3.44204232e-02 -9.89098754e-03 -8.96635875e-02
   9.87119675e-02 -8.05479363e-02 -8.39226469e-02  1.16586365e-01
  -4.77785915e-02 -1.42353058e-01  1.33822948e-01  1.03406779e-01
   4.13672300e-03 -6.26106709e-02 -6.15998805e-02  2.18758270e-01
   3.92007716e-02 -8.03268030e-02  8.46130922e-02  5.37017100e-02
   1.24288686e-01 -4.78833131e-02 -7.41295442e-02  3.44959274e-02
  -4.46588686e-03 -7.75584355e-02 -1.72877777e-02 -6.65438250e-02
  -5.10841347e-02 -5.41661419e-02 -3.36830467e-02  5.40161356e-02
  -6.42403290e-02  5.49286939e-02  5.26489094e-02  1.48279499e-02
   1.40279070e-01  8.61801431e-02  5.93518652e-02  4.10393812e-02
   6.29046559e-03  7.40574375e-02 -3.10133230e-02  3.54353748e-02
   1.56795219e-01 -8.16982910e-02 -2.28067636e-02 -8.17450732e-02
   2.87047774e-02  1.01452656e-01  1.92956313e-01  9.12856087e-02]
 [ 3.81281748e-02 -1.89561807e-02 -2.42996458e-02 -1.72507808e-01
  -1.03959786e-02  1.82504579e-02 -6.94407821e-02 -7.95437321e-02
  -9.85300988e-02 -1.82360169e-02 -9.33532491e-02  1.60248822e-03
  -3.46876718e-02  1.33122012e-01 -5.64396419e-02  2.27723792e-01
  -8.13624784e-02  8.37305114e-02 -4.63021472e-02  1.59019157e-01
   1.19694220e-02  9.51737165e-02 -1.45378321e-01  8.48356187e-02
   1.30978376e-01 -5.86479455e-02  9.44899544e-02  5.69088422e-02
   1.47628903e-01 -5.82304858e-02 -1.34177273e-02  2.03169230e-02
   9.02557001e-02 -4.79698703e-02 -4.93543744e-02  6.06477074e-02
   1.15422457e-01 -8.09812173e-02  2.28686079e-01 -4.23235707e-02
   3.19628557e-03 -4.17299792e-02 -1.03293359e-01  3.01704500e-02
  -5.98341450e-02 -9.01971832e-02  1.00827374e-01 -8.04491416e-02
  -5.11303023e-02  3.09650674e-02 -8.71925354e-02  9.09646377e-02
   1.37204170e-01 -3.73784713e-02  7.18260035e-02 -1.02489232e-03
  -1.78390630e-02 -6.64614839e-03  1.24192491e-01 -7.48584494e-02
   1.09627403e-01 -5.02564386e-03  1.98470637e-01 -5.20653427e-02
   1.36855140e-01  1.74552277e-01  5.88589497e-02  1.83593273e-01
  -8.09628218e-02  7.53543451e-02 -7.71772712e-02  5.80400229e-02
   8.03532526e-02  3.12136784e-02  5.50019816e-02 -8.42868239e-02
  -2.74955984e-02 -1.68501716e-02  1.13733470e-01 -9.14311931e-02
  -2.30344329e-02  8.79840776e-02 -8.26816708e-02 -4.06635888e-02
   3.09649203e-02 -9.79340672e-02 -2.24647317e-02 -2.61361357e-02
  -2.23346557e-02  1.46335125e-01  5.36875278e-02  8.57451409e-02
  -3.03081702e-02 -4.35823351e-02  2.42191941e-01 -3.23535316e-02
  -7.71141574e-02 -5.64601570e-02 -7.48588666e-02  6.73469305e-02
   4.30692956e-02  9.07565504e-02 -5.14631309e-02  8.74510482e-02
  -9.52938721e-02  9.18067917e-02 -6.49509653e-02  1.59188643e-01
   7.78748840e-02  1.21105999e-01 -6.11950345e-02 -6.22227825e-02
   1.60324112e-01 -6.68297112e-02  1.10750943e-01 -9.58651025e-03
  -5.96016645e-02  1.38947638e-02 -4.88318056e-02  1.56493202e-01
  -7.59002613e-03 -1.07363630e-02 -1.04505252e-02 -6.63434565e-02
   5.22737503e-02 -2.69425698e-02 -6.28371239e-02 -4.99626696e-02]]
[[-1.46205109e-02 -8.43984932e-02 -1.21799700e-01 -1.32557973e-01
  -6.18388839e-02  4.58322838e-02 -5.04294969e-02  2.70057935e-02
   8.04992691e-02 -4.44228947e-02  4.69633900e-02 -8.29593167e-02
   6.24645166e-02  6.26904517e-02 -1.00343905e-01 -7.85991028e-02
   7.92840570e-02  8.22777972e-02  1.05338749e-02  2.96179000e-02
   2.03326583e-01  1.10564724e-01 -3.74248018e-03  9.93231833e-02
   1.09049052e-01 -2.81643700e-02  1.40464962e-01 -3.46759260e-02
   5.82424961e-02 -6.17319793e-02 -6.92620650e-02  1.18531182e-01
   4.09127921e-02 -6.74680769e-02 -5.32895720e-05  3.98880653e-02
   9.19320658e-02 -3.49316373e-02  2.79752553e-01 -5.53517081e-02
  -7.84737840e-02 -1.88378803e-02 -8.07477087e-02  5.21108024e-02
   3.80391628e-02 -7.99890235e-02  1.10926755e-01 -6.01286590e-02
  -2.95320302e-02  8.17240681e-03 -1.01059280e-01  7.90683776e-02
   1.64741680e-01 -1.11481715e-02  1.10087454e-01  1.53290927e-01
  -2.08784193e-02 -4.79141288e-02  7.08091259e-02 -7.86102116e-02
   6.06139190e-02  9.48941633e-02  1.91082716e-01 -7.80968368e-02
  -4.68928553e-02  1.90972015e-01  2.43714778e-03 -5.57488017e-02
  -4.89348657e-02  1.83798149e-01  8.93189944e-03 -6.96785524e-02
  -1.05730025e-02 -7.46208951e-02  1.09894171e-01 -6.56600147e-02
   1.35708213e-01 -3.44204232e-02 -9.89098754e-03 -8.96635875e-02
   9.87119675e-02 -8.05479363e-02 -8.39226469e-02  1.16586365e-01
  -4.77785915e-02 -1.42353058e-01  1.33822948e-01  1.03406779e-01
   4.13672300e-03 -6.26106709e-02 -6.15998805e-02  2.18758270e-01
   3.92007716e-02 -8.03268030e-02  8.46130922e-02  5.37017100e-02
   1.24288686e-01 -4.78833131e-02 -7.41295442e-02  3.44959274e-02
  -4.46588686e-03 -7.75584355e-02 -1.72877777e-02 -6.65438250e-02
  -5.10841347e-02 -5.41661419e-02 -3.36830467e-02  5.40161356e-02
  -6.42403290e-02  5.49286939e-02  5.26489094e-02  1.48279499e-02
   1.40279070e-01  8.61801431e-02  5.93518652e-02  4.10393812e-02
   6.29046559e-03  7.40574375e-02 -3.10133230e-02  3.54353748e-02
   1.56795219e-01 -8.16982910e-02 -2.28067636e-02 -8.17450732e-02
   2.87047774e-02  1.01452656e-01  1.92956313e-01  9.12856087e-02]
 [ 3.81281748e-02 -1.89561807e-02 -2.42996458e-02 -1.72507808e-01
  -1.03959786e-02  1.82504579e-02 -6.94407821e-02 -7.95437321e-02
  -9.85300988e-02 -1.82360169e-02 -9.33532491e-02  1.60248822e-03
  -3.46876718e-02  1.33122012e-01 -5.64396419e-02  2.27723792e-01
  -8.13624784e-02  8.37305114e-02 -4.63021472e-02  1.59019157e-01
   1.19694220e-02  9.51737165e-02 -1.45378321e-01  8.48356187e-02
   1.30978376e-01 -5.86479455e-02  9.44899544e-02  5.69088422e-02
   1.47628903e-01 -5.82304858e-02 -1.34177273e-02  2.03169230e-02
   9.02557001e-02 -4.79698703e-02 -4.93543744e-02  6.06477074e-02
   1.15422457e-01 -8.09812173e-02  2.28686079e-01 -4.23235707e-02
   3.19628557e-03 -4.17299792e-02 -1.03293359e-01  3.01704500e-02
  -5.98341450e-02 -9.01971832e-02  1.00827374e-01 -8.04491416e-02
  -5.11303023e-02  3.09650674e-02 -8.71925354e-02  9.09646377e-02
   1.37204170e-01 -3.73784713e-02  7.18260035e-02 -1.02489232e-03
  -1.78390630e-02 -6.64614839e-03  1.24192491e-01 -7.48584494e-02
   1.09627403e-01 -5.02564386e-03  1.98470637e-01 -5.20653427e-02
   1.36855140e-01  1.74552277e-01  5.88589497e-02  1.83593273e-01
  -8.09628218e-02  7.53543451e-02 -7.71772712e-02  5.80400229e-02
   8.03532526e-02  3.12136784e-02  5.50019816e-02 -8.42868239e-02
  -2.74955984e-02 -1.68501716e-02  1.13733470e-01 -9.14311931e-02
  -2.30344329e-02  8.79840776e-02 -8.26816708e-02 -4.06635888e-02
   3.09649203e-02 -9.79340672e-02 -2.24647317e-02 -2.61361357e-02
  -2.23346557e-02  1.46335125e-01  5.36875278e-02  8.57451409e-02
  -3.03081702e-02 -4.35823351e-02  2.42191941e-01 -3.23535316e-02
  -7.71141574e-02 -5.64601570e-02 -7.48588666e-02  6.73469305e-02
   4.30692956e-02  9.07565504e-02 -5.14631309e-02  8.74510482e-02
  -9.52938721e-02  9.18067917e-02 -6.49509653e-02  1.59188643e-01
   7.78748840e-02  1.21105999e-01 -6.11950345e-02 -6.22227825e-02
   1.60324112e-01 -6.68297112e-02  1.10750943e-01 -9.58651025e-03
  -5.96016645e-02  1.38947638e-02 -4.88318056e-02  1.56493202e-01
  -7.59002613e-03 -1.07363630e-02 -1.04505252e-02 -6.63434565e-02
   5.22737503e-02 -2.69425698e-02 -6.28371239e-02 -4.99626696e-02]]
