[[-0.00734247 -0.07923383 -0.11744961 -0.13506563 -0.0312633   0.05290908
  -0.05891217  0.03027959  0.09614341 -0.04660728  0.0203265  -0.0707399
   0.05781487  0.08279737 -0.10065281 -0.04035136  0.07848045  0.06086221
  -0.00133269  0.000736    0.21604723  0.14809123 -0.00219027  0.13223195
   0.0693641  -0.02956618  0.12031564 -0.05254765  0.07406911 -0.05948554
  -0.06728087  0.08829711  0.05080124 -0.03357155  0.03066802  0.03680852
   0.12610252 -0.02147669  0.26672906 -0.05924289 -0.08145996 -0.00700377
  -0.07132153  0.07678264  0.04048898 -0.07285031  0.06430507 -0.04649794
  -0.00630579  0.00345286 -0.10815664  0.06473506  0.19357336 -0.01425563
   0.12387761  0.14973232 -0.04098715 -0.04679002  0.11227886 -0.08583886
   0.07678989  0.09921469  0.21827966 -0.09160367 -0.02297582  0.18523577
  -0.00689442 -0.0424362  -0.05020026  0.19247136 -0.01351891 -0.07535552
   0.01614798 -0.0811348   0.04761126 -0.0656916   0.14467537 -0.04821436
   0.03419297 -0.09679347  0.08999618 -0.06733968 -0.09086251  0.06600045
  -0.03774033 -0.12610732  0.1008583   0.11802804  0.01307219 -0.0677636
  -0.0744814   0.23391375  0.01818074 -0.08096636  0.08619019  0.05313228
   0.09726712 -0.05949704 -0.08093685  0.06503382 -0.03616006 -0.07328253
  -0.03191232 -0.04317657 -0.04837207 -0.03695407 -0.035698    0.0623525
  -0.05745089  0.08955951  0.00774153  0.03187489  0.17763835  0.05518211
   0.09043319  0.03332021  0.04873452  0.0660735  -0.03457074  0.05037744
   0.12009264 -0.08753196  0.00345648 -0.08564564  0.01534379  0.10632011
   0.16717103  0.05873339]
 [ 0.10624374 -0.03146281 -0.03124643 -0.1787787  -0.02736654  0.04481411
  -0.07117669 -0.07209871 -0.09772998 -0.03247408 -0.09229276  0.00474007
  -0.06279808  0.11675946 -0.05197847  0.22411247 -0.07737137  0.06868897
  -0.05465455  0.12348974 -0.00717305  0.10676704 -0.15528758  0.06226524
   0.12461081 -0.05785023  0.06939542  0.06889795  0.16867708 -0.05995603
  -0.03432043  0.01542139  0.09403365 -0.02674165 -0.0419918   0.0459124
   0.11806271 -0.07334474  0.18747571 -0.0418033   0.00741639 -0.05296332
  -0.10112363  0.00561251 -0.05767285 -0.08905521  0.09590521 -0.07756807
  -0.05650366  0.02831354 -0.08713254  0.05513697  0.1358794  -0.04267933
   0.07938076 -0.00746873 -0.03895102 -0.00415821  0.13357824 -0.07625676
   0.10026059 -0.01769342  0.19856974 -0.06050967  0.15904906  0.18765725
   0.0481194   0.1878778  -0.08228061  0.05297817 -0.07137424  0.06820532
   0.09456848  0.06549472  0.05420098 -0.0767498  -0.03932207 -0.035845
   0.10532799 -0.07799374 -0.02968185  0.1362314  -0.08060777 -0.04872592
   0.00078525 -0.07182872 -0.04278636 -0.00826124 -0.01252329  0.16267681
   0.06909268  0.05011883 -0.03546101 -0.03030854  0.21210632 -0.04598473
  -0.07624453 -0.06289809 -0.07646311  0.06521315  0.04263833  0.11023102
  -0.05512907  0.09500495 -0.08306098  0.1096381  -0.06348677  0.15085347
   0.10249715  0.12249351 -0.07518949 -0.0627616   0.13743766 -0.06475109
   0.1093837   0.01185661 -0.0523431  -0.01772378 -0.05177461  0.1690259
  -0.01605781 -0.00073149 -0.02448598 -0.06867443  0.05748535 -0.02330773
  -0.07308265 -0.06032707]]
[[-0.00734247 -0.07923383 -0.11744961 -0.13506563 -0.0312633   0.05290908
  -0.05891217  0.03027959  0.09614341 -0.04660728  0.0203265  -0.0707399
   0.05781487  0.08279737 -0.10065281 -0.04035136  0.07848045  0.06086221
  -0.00133269  0.000736    0.21604723  0.14809123 -0.00219027  0.13223195
   0.0693641  -0.02956618  0.12031564 -0.05254765  0.07406911 -0.05948554
  -0.06728087  0.08829711  0.05080124 -0.03357155  0.03066802  0.03680852
   0.12610252 -0.02147669  0.26672906 -0.05924289 -0.08145996 -0.00700377
  -0.07132153  0.07678264  0.04048898 -0.07285031  0.06430507 -0.04649794
  -0.00630579  0.00345286 -0.10815664  0.06473506  0.19357336 -0.01425563
   0.12387761  0.14973232 -0.04098715 -0.04679002  0.11227886 -0.08583886
   0.07678989  0.09921469  0.21827966 -0.09160367 -0.02297582  0.18523577
  -0.00689442 -0.0424362  -0.05020026  0.19247136 -0.01351891 -0.07535552
   0.01614798 -0.0811348   0.04761126 -0.0656916   0.14467537 -0.04821436
   0.03419297 -0.09679347  0.08999618 -0.06733968 -0.09086251  0.06600045
  -0.03774033 -0.12610732  0.1008583   0.11802804  0.01307219 -0.0677636
  -0.0744814   0.23391375  0.01818074 -0.08096636  0.08619019  0.05313228
   0.09726712 -0.05949704 -0.08093685  0.06503382 -0.03616006 -0.07328253
  -0.03191232 -0.04317657 -0.04837207 -0.03695407 -0.035698    0.0623525
  -0.05745089  0.08955951  0.00774153  0.03187489  0.17763835  0.05518211
   0.09043319  0.03332021  0.04873452  0.0660735  -0.03457074  0.05037744
   0.12009264 -0.08753196  0.00345648 -0.08564564  0.01534379  0.10632011
   0.16717103  0.05873339]
 [ 0.10624374 -0.03146281 -0.03124643 -0.1787787  -0.02736654  0.04481411
  -0.07117669 -0.07209871 -0.09772998 -0.03247408 -0.09229276  0.00474007
  -0.06279808  0.11675946 -0.05197847  0.22411247 -0.07737137  0.06868897
  -0.05465455  0.12348974 -0.00717305  0.10676704 -0.15528758  0.06226524
   0.12461081 -0.05785023  0.06939542  0.06889795  0.16867708 -0.05995603
  -0.03432043  0.01542139  0.09403365 -0.02674165 -0.0419918   0.0459124
   0.11806271 -0.07334474  0.18747571 -0.0418033   0.00741639 -0.05296332
  -0.10112363  0.00561251 -0.05767285 -0.08905521  0.09590521 -0.07756807
  -0.05650366  0.02831354 -0.08713254  0.05513697  0.1358794  -0.04267933
   0.07938076 -0.00746873 -0.03895102 -0.00415821  0.13357824 -0.07625676
   0.10026059 -0.01769342  0.19856974 -0.06050967  0.15904906  0.18765725
   0.0481194   0.1878778  -0.08228061  0.05297817 -0.07137424  0.06820532
   0.09456848  0.06549472  0.05420098 -0.0767498  -0.03932207 -0.035845
   0.10532799 -0.07799374 -0.02968185  0.1362314  -0.08060777 -0.04872592
   0.00078525 -0.07182872 -0.04278636 -0.00826124 -0.01252329  0.16267681
   0.06909268  0.05011883 -0.03546101 -0.03030854  0.21210632 -0.04598473
  -0.07624453 -0.06289809 -0.07646311  0.06521315  0.04263833  0.11023102
  -0.05512907  0.09500495 -0.08306098  0.1096381  -0.06348677  0.15085347
   0.10249715  0.12249351 -0.07518949 -0.0627616   0.13743766 -0.06475109
   0.1093837   0.01185661 -0.0523431  -0.01772378 -0.05177461  0.1690259
  -0.01605781 -0.00073149 -0.02448598 -0.06867443  0.05748535 -0.02330773
  -0.07308265 -0.06032707]]
[[-0.00734247 -0.07923383 -0.11744961 -0.13506563 -0.0312633   0.05290908
  -0.05891217  0.03027959  0.09614341 -0.04660728  0.0203265  -0.0707399
   0.05781487  0.08279737 -0.10065281 -0.04035136  0.07848045  0.06086221
  -0.00133269  0.000736    0.21604723  0.14809123 -0.00219027  0.13223195
   0.0693641  -0.02956618  0.12031564 -0.05254765  0.07406911 -0.05948554
  -0.06728087  0.08829711  0.05080124 -0.03357155  0.03066802  0.03680852
   0.12610252 -0.02147669  0.26672906 -0.05924289 -0.08145996 -0.00700377
  -0.07132153  0.07678264  0.04048898 -0.07285031  0.06430507 -0.04649794
  -0.00630579  0.00345286 -0.10815664  0.06473506  0.19357336 -0.01425563
   0.12387761  0.14973232 -0.04098715 -0.04679002  0.11227886 -0.08583886
   0.07678989  0.09921469  0.21827966 -0.09160367 -0.02297582  0.18523577
  -0.00689442 -0.0424362  -0.05020026  0.19247136 -0.01351891 -0.07535552
   0.01614798 -0.0811348   0.04761126 -0.0656916   0.14467537 -0.04821436
   0.03419297 -0.09679347  0.08999618 -0.06733968 -0.09086251  0.06600045
  -0.03774033 -0.12610732  0.1008583   0.11802804  0.01307219 -0.0677636
  -0.0744814   0.23391375  0.01818074 -0.08096636  0.08619019  0.05313228
   0.09726712 -0.05949704 -0.08093685  0.06503382 -0.03616006 -0.07328253
  -0.03191232 -0.04317657 -0.04837207 -0.03695407 -0.035698    0.0623525
  -0.05745089  0.08955951  0.00774153  0.03187489  0.17763835  0.05518211
   0.09043319  0.03332021  0.04873452  0.0660735  -0.03457074  0.05037744
   0.12009264 -0.08753196  0.00345648 -0.08564564  0.01534379  0.10632011
   0.16717103  0.05873339]
 [ 0.10624374 -0.03146281 -0.03124643 -0.1787787  -0.02736654  0.04481411
  -0.07117669 -0.07209871 -0.09772998 -0.03247408 -0.09229276  0.00474007
  -0.06279808  0.11675946 -0.05197847  0.22411247 -0.07737137  0.06868897
  -0.05465455  0.12348974 -0.00717305  0.10676704 -0.15528758  0.06226524
   0.12461081 -0.05785023  0.06939542  0.06889795  0.16867708 -0.05995603
  -0.03432043  0.01542139  0.09403365 -0.02674165 -0.0419918   0.0459124
   0.11806271 -0.07334474  0.18747571 -0.0418033   0.00741639 -0.05296332
  -0.10112363  0.00561251 -0.05767285 -0.08905521  0.09590521 -0.07756807
  -0.05650366  0.02831354 -0.08713254  0.05513697  0.1358794  -0.04267933
   0.07938076 -0.00746873 -0.03895102 -0.00415821  0.13357824 -0.07625676
   0.10026059 -0.01769342  0.19856974 -0.06050967  0.15904906  0.18765725
   0.0481194   0.1878778  -0.08228061  0.05297817 -0.07137424  0.06820532
   0.09456848  0.06549472  0.05420098 -0.0767498  -0.03932207 -0.035845
   0.10532799 -0.07799374 -0.02968185  0.1362314  -0.08060777 -0.04872592
   0.00078525 -0.07182872 -0.04278636 -0.00826124 -0.01252329  0.16267681
   0.06909268  0.05011883 -0.03546101 -0.03030854  0.21210632 -0.04598473
  -0.07624453 -0.06289809 -0.07646311  0.06521315  0.04263833  0.11023102
  -0.05512907  0.09500495 -0.08306098  0.1096381  -0.06348677  0.15085347
   0.10249715  0.12249351 -0.07518949 -0.0627616   0.13743766 -0.06475109
   0.1093837   0.01185661 -0.0523431  -0.01772378 -0.05177461  0.1690259
  -0.01605781 -0.00073149 -0.02448598 -0.06867443  0.05748535 -0.02330773
  -0.07308265 -0.06032707]]
[[-0.00734247 -0.07923383 -0.11744961 -0.13506563 -0.0312633   0.05290908
  -0.05891217  0.03027959  0.09614341 -0.04660728  0.0203265  -0.0707399
   0.05781487  0.08279737 -0.10065281 -0.04035136  0.07848045  0.06086221
  -0.00133269  0.000736    0.21604723  0.14809123 -0.00219027  0.13223195
   0.0693641  -0.02956618  0.12031564 -0.05254765  0.07406911 -0.05948554
  -0.06728087  0.08829711  0.05080124 -0.03357155  0.03066802  0.03680852
   0.12610252 -0.02147669  0.26672906 -0.05924289 -0.08145996 -0.00700377
  -0.07132153  0.07678264  0.04048898 -0.07285031  0.06430507 -0.04649794
  -0.00630579  0.00345286 -0.10815664  0.06473506  0.19357336 -0.01425563
   0.12387761  0.14973232 -0.04098715 -0.04679002  0.11227886 -0.08583886
   0.07678989  0.09921469  0.21827966 -0.09160367 -0.02297582  0.18523577
  -0.00689442 -0.0424362  -0.05020026  0.19247136 -0.01351891 -0.07535552
   0.01614798 -0.0811348   0.04761126 -0.0656916   0.14467537 -0.04821436
   0.03419297 -0.09679347  0.08999618 -0.06733968 -0.09086251  0.06600045
  -0.03774033 -0.12610732  0.1008583   0.11802804  0.01307219 -0.0677636
  -0.0744814   0.23391375  0.01818074 -0.08096636  0.08619019  0.05313228
   0.09726712 -0.05949704 -0.08093685  0.06503382 -0.03616006 -0.07328253
  -0.03191232 -0.04317657 -0.04837207 -0.03695407 -0.035698    0.0623525
  -0.05745089  0.08955951  0.00774153  0.03187489  0.17763835  0.05518211
   0.09043319  0.03332021  0.04873452  0.0660735  -0.03457074  0.05037744
   0.12009264 -0.08753196  0.00345648 -0.08564564  0.01534379  0.10632011
   0.16717103  0.05873339]
 [ 0.10624374 -0.03146281 -0.03124643 -0.1787787  -0.02736654  0.04481411
  -0.07117669 -0.07209871 -0.09772998 -0.03247408 -0.09229276  0.00474007
  -0.06279808  0.11675946 -0.05197847  0.22411247 -0.07737137  0.06868897
  -0.05465455  0.12348974 -0.00717305  0.10676704 -0.15528758  0.06226524
   0.12461081 -0.05785023  0.06939542  0.06889795  0.16867708 -0.05995603
  -0.03432043  0.01542139  0.09403365 -0.02674165 -0.0419918   0.0459124
   0.11806271 -0.07334474  0.18747571 -0.0418033   0.00741639 -0.05296332
  -0.10112363  0.00561251 -0.05767285 -0.08905521  0.09590521 -0.07756807
  -0.05650366  0.02831354 -0.08713254  0.05513697  0.1358794  -0.04267933
   0.07938076 -0.00746873 -0.03895102 -0.00415821  0.13357824 -0.07625676
   0.10026059 -0.01769342  0.19856974 -0.06050967  0.15904906  0.18765725
   0.0481194   0.1878778  -0.08228061  0.05297817 -0.07137424  0.06820532
   0.09456848  0.06549472  0.05420098 -0.0767498  -0.03932207 -0.035845
   0.10532799 -0.07799374 -0.02968185  0.1362314  -0.08060777 -0.04872592
   0.00078525 -0.07182872 -0.04278636 -0.00826124 -0.01252329  0.16267681
   0.06909268  0.05011883 -0.03546101 -0.03030854  0.21210632 -0.04598473
  -0.07624453 -0.06289809 -0.07646311  0.06521315  0.04263833  0.11023102
  -0.05512907  0.09500495 -0.08306098  0.1096381  -0.06348677  0.15085347
   0.10249715  0.12249351 -0.07518949 -0.0627616   0.13743766 -0.06475109
   0.1093837   0.01185661 -0.0523431  -0.01772378 -0.05177461  0.1690259
  -0.01605781 -0.00073149 -0.02448598 -0.06867443  0.05748535 -0.02330773
  -0.07308265 -0.06032707]]
