[[-2.88430620e-02 -8.57529715e-02 -1.14223637e-01 -1.35675341e-01
  -4.49564047e-02  5.80227375e-02 -4.55327183e-02  4.06444781e-02
   5.63482642e-02 -4.69522774e-02  1.61288399e-02 -5.81645519e-02
   1.70447938e-02  5.90609126e-02 -9.80184898e-02 -3.59655917e-02
   7.16698915e-02  8.64020661e-02  1.88058987e-02  2.78017353e-02
   2.12753341e-01  9.10580009e-02 -4.85245325e-03  7.86747038e-02
   1.10433578e-01 -4.57058176e-02  1.85324624e-01 -4.99181524e-02
   2.99878400e-02 -5.66839427e-02 -7.13223442e-02  9.15039182e-02
   5.77188246e-02 -6.92814440e-02 -2.20745942e-03  2.11721323e-02
   1.04631163e-01 -5.52024655e-02  3.11800569e-01 -6.07766993e-02
  -7.59588927e-02 -1.72455572e-02 -6.09767921e-02  2.18681861e-02
   4.55162227e-02 -8.86772722e-02  5.97056262e-02 -7.26138353e-02
  -6.17601909e-03  8.80528614e-03 -1.04244918e-01  1.18253045e-01
   1.89609945e-01 -2.55849492e-02  9.54951420e-02  1.56250864e-01
  -4.59618382e-02 -4.54219840e-02  8.67445543e-02 -8.02862495e-02
   8.90472978e-02  8.02149773e-02  2.09242836e-01 -8.91832709e-02
  -6.47014100e-03  1.93610594e-01 -3.76066571e-04 -2.77415738e-02
  -6.97386488e-02  2.02787593e-01 -1.69138913e-03 -6.96642548e-02
  -9.43246763e-04 -7.59627819e-02  1.01172820e-01 -7.68902078e-02
   1.30069345e-01 -2.04623882e-02  1.51826339e-02 -1.09185994e-01
   1.00885093e-01 -7.67891333e-02 -9.18678939e-02  1.05590671e-01
  -1.62539724e-02 -1.46115810e-01  1.22987248e-01  6.96979314e-02
   3.63326408e-02 -4.90095168e-02 -5.49357310e-02  1.72496572e-01
   5.39779812e-02 -7.94330463e-02  6.53353482e-02  3.70534547e-02
   1.01476207e-01 -6.15079813e-02 -6.98288232e-02  6.03337362e-02
  -4.15669121e-02 -7.98542798e-02 -4.93234247e-02 -6.26884997e-02
  -7.71211758e-02 -4.49749194e-02 -4.27377671e-02  6.16396889e-02
  -5.02531342e-02  7.56259933e-02  4.02854942e-02  2.21929401e-02
   1.44946635e-01  6.10629693e-02  4.88254167e-02  5.42250089e-02
   1.58573091e-02  1.31058156e-01 -4.64496911e-02  4.29969169e-02
   1.43169641e-01 -7.99191296e-02  3.20190191e-03 -8.52325931e-02
   1.61007047e-02  9.60617140e-02  1.61521852e-01  4.52733934e-02]
 [ 1.09126838e-03 -2.21813899e-02 -2.35657897e-02 -1.85635552e-01
   3.79118574e-05 -8.76173377e-03 -7.55194053e-02 -6.68067187e-02
  -1.02502950e-01 -2.45725028e-02 -9.12257582e-02 -4.06863987e-02
  -4.75063697e-02  1.44216180e-01 -5.95078729e-02  2.13082924e-01
  -7.39135742e-02  7.25502372e-02 -4.32140566e-02  1.26196116e-01
   1.07044525e-01  1.13499425e-01 -1.24543346e-01  9.72238109e-02
   1.60868943e-01 -5.24895377e-02  1.16460234e-01  2.41003861e-03
   1.27547368e-01 -4.38723229e-02 -3.13115790e-02  1.16118165e-02
   1.16027273e-01 -6.17172234e-02 -4.81549576e-02  2.97870301e-02
   9.66070890e-02 -7.43122697e-02  2.65915513e-01 -1.86785534e-02
  -1.34058567e-02 -5.67229986e-02 -1.00954466e-01  2.07878686e-02
  -5.89073710e-02 -9.27090049e-02  8.32546428e-02 -8.69419277e-02
  -4.88767512e-02  4.42532338e-02 -9.32539031e-02  5.37246168e-02
   1.56320959e-01 -4.33240384e-02  4.19760160e-02  4.02519591e-02
  -1.49858575e-02  1.28863184e-02  9.51287225e-02 -8.20870996e-02
   8.96914452e-02 -6.24404711e-05  2.25516692e-01 -5.41628972e-02
   1.59452021e-01  1.53596446e-01  5.30230924e-02  1.77370116e-01
  -9.08358097e-02  1.05664670e-01 -7.65124485e-02  7.23230466e-02
   2.73609105e-02  1.87552944e-02  5.11731319e-02 -9.29208100e-02
  -3.05965431e-02 -2.79531647e-02  4.43146974e-02 -8.40360895e-02
   2.36205943e-02  1.00495771e-01 -8.49599764e-02 -1.86530240e-02
  -2.02079117e-03 -1.12641551e-01 -1.89837720e-02 -4.57626618e-02
  -3.82076297e-03  1.31473139e-01  5.21178730e-02  1.20643452e-01
  -4.10579965e-02 -5.21414354e-02  2.16613173e-01 -2.52385717e-02
  -8.36968347e-02 -7.08012357e-02 -7.56415576e-02  6.86526000e-02
  -3.93872708e-03  3.72329168e-02 -5.42833433e-02  6.77563101e-02
  -9.42976847e-02  4.78192121e-02 -7.54759461e-02  1.78473726e-01
   7.77090564e-02  1.02274612e-01 -5.71129620e-02 -6.04948476e-02
   1.49464950e-01 -7.03787878e-02  1.05583586e-01 -5.41340327e-03
  -6.68051615e-02  7.37377489e-03 -6.03327379e-02  1.70184866e-01
   4.04432975e-02 -3.83024253e-02  1.75263491e-02 -7.05940127e-02
   6.35146201e-02 -6.33175625e-03 -4.85697687e-02 -2.16187853e-02]]
[[-2.88430620e-02 -8.57529715e-02 -1.14223637e-01 -1.35675341e-01
  -4.49564047e-02  5.80227375e-02 -4.55327183e-02  4.06444781e-02
   5.63482642e-02 -4.69522774e-02  1.61288399e-02 -5.81645519e-02
   1.70447938e-02  5.90609126e-02 -9.80184898e-02 -3.59655917e-02
   7.16698915e-02  8.64020661e-02  1.88058987e-02  2.78017353e-02
   2.12753341e-01  9.10580009e-02 -4.85245325e-03  7.86747038e-02
   1.10433578e-01 -4.57058176e-02  1.85324624e-01 -4.99181524e-02
   2.99878400e-02 -5.66839427e-02 -7.13223442e-02  9.15039182e-02
   5.77188246e-02 -6.92814440e-02 -2.20745942e-03  2.11721323e-02
   1.04631163e-01 -5.52024655e-02  3.11800569e-01 -6.07766993e-02
  -7.59588927e-02 -1.72455572e-02 -6.09767921e-02  2.18681861e-02
   4.55162227e-02 -8.86772722e-02  5.97056262e-02 -7.26138353e-02
  -6.17601909e-03  8.80528614e-03 -1.04244918e-01  1.18253045e-01
   1.89609945e-01 -2.55849492e-02  9.54951420e-02  1.56250864e-01
  -4.59618382e-02 -4.54219840e-02  8.67445543e-02 -8.02862495e-02
   8.90472978e-02  8.02149773e-02  2.09242836e-01 -8.91832709e-02
  -6.47014100e-03  1.93610594e-01 -3.76066571e-04 -2.77415738e-02
  -6.97386488e-02  2.02787593e-01 -1.69138913e-03 -6.96642548e-02
  -9.43246763e-04 -7.59627819e-02  1.01172820e-01 -7.68902078e-02
   1.30069345e-01 -2.04623882e-02  1.51826339e-02 -1.09185994e-01
   1.00885093e-01 -7.67891333e-02 -9.18678939e-02  1.05590671e-01
  -1.62539724e-02 -1.46115810e-01  1.22987248e-01  6.96979314e-02
   3.63326408e-02 -4.90095168e-02 -5.49357310e-02  1.72496572e-01
   5.39779812e-02 -7.94330463e-02  6.53353482e-02  3.70534547e-02
   1.01476207e-01 -6.15079813e-02 -6.98288232e-02  6.03337362e-02
  -4.15669121e-02 -7.98542798e-02 -4.93234247e-02 -6.26884997e-02
  -7.71211758e-02 -4.49749194e-02 -4.27377671e-02  6.16396889e-02
  -5.02531342e-02  7.56259933e-02  4.02854942e-02  2.21929401e-02
   1.44946635e-01  6.10629693e-02  4.88254167e-02  5.42250089e-02
   1.58573091e-02  1.31058156e-01 -4.64496911e-02  4.29969169e-02
   1.43169641e-01 -7.99191296e-02  3.20190191e-03 -8.52325931e-02
   1.61007047e-02  9.60617140e-02  1.61521852e-01  4.52733934e-02]
 [ 1.09126838e-03 -2.21813899e-02 -2.35657897e-02 -1.85635552e-01
   3.79118574e-05 -8.76173377e-03 -7.55194053e-02 -6.68067187e-02
  -1.02502950e-01 -2.45725028e-02 -9.12257582e-02 -4.06863987e-02
  -4.75063697e-02  1.44216180e-01 -5.95078729e-02  2.13082924e-01
  -7.39135742e-02  7.25502372e-02 -4.32140566e-02  1.26196116e-01
   1.07044525e-01  1.13499425e-01 -1.24543346e-01  9.72238109e-02
   1.60868943e-01 -5.24895377e-02  1.16460234e-01  2.41003861e-03
   1.27547368e-01 -4.38723229e-02 -3.13115790e-02  1.16118165e-02
   1.16027273e-01 -6.17172234e-02 -4.81549576e-02  2.97870301e-02
   9.66070890e-02 -7.43122697e-02  2.65915513e-01 -1.86785534e-02
  -1.34058567e-02 -5.67229986e-02 -1.00954466e-01  2.07878686e-02
  -5.89073710e-02 -9.27090049e-02  8.32546428e-02 -8.69419277e-02
  -4.88767512e-02  4.42532338e-02 -9.32539031e-02  5.37246168e-02
   1.56320959e-01 -4.33240384e-02  4.19760160e-02  4.02519591e-02
  -1.49858575e-02  1.28863184e-02  9.51287225e-02 -8.20870996e-02
   8.96914452e-02 -6.24404711e-05  2.25516692e-01 -5.41628972e-02
   1.59452021e-01  1.53596446e-01  5.30230924e-02  1.77370116e-01
  -9.08358097e-02  1.05664670e-01 -7.65124485e-02  7.23230466e-02
   2.73609105e-02  1.87552944e-02  5.11731319e-02 -9.29208100e-02
  -3.05965431e-02 -2.79531647e-02  4.43146974e-02 -8.40360895e-02
   2.36205943e-02  1.00495771e-01 -8.49599764e-02 -1.86530240e-02
  -2.02079117e-03 -1.12641551e-01 -1.89837720e-02 -4.57626618e-02
  -3.82076297e-03  1.31473139e-01  5.21178730e-02  1.20643452e-01
  -4.10579965e-02 -5.21414354e-02  2.16613173e-01 -2.52385717e-02
  -8.36968347e-02 -7.08012357e-02 -7.56415576e-02  6.86526000e-02
  -3.93872708e-03  3.72329168e-02 -5.42833433e-02  6.77563101e-02
  -9.42976847e-02  4.78192121e-02 -7.54759461e-02  1.78473726e-01
   7.77090564e-02  1.02274612e-01 -5.71129620e-02 -6.04948476e-02
   1.49464950e-01 -7.03787878e-02  1.05583586e-01 -5.41340327e-03
  -6.68051615e-02  7.37377489e-03 -6.03327379e-02  1.70184866e-01
   4.04432975e-02 -3.83024253e-02  1.75263491e-02 -7.05940127e-02
   6.35146201e-02 -6.33175625e-03 -4.85697687e-02 -2.16187853e-02]]
[[-2.88430620e-02 -8.57529715e-02 -1.14223637e-01 -1.35675341e-01
  -4.49564047e-02  5.80227375e-02 -4.55327183e-02  4.06444781e-02
   5.63482642e-02 -4.69522774e-02  1.61288399e-02 -5.81645519e-02
   1.70447938e-02  5.90609126e-02 -9.80184898e-02 -3.59655917e-02
   7.16698915e-02  8.64020661e-02  1.88058987e-02  2.78017353e-02
   2.12753341e-01  9.10580009e-02 -4.85245325e-03  7.86747038e-02
   1.10433578e-01 -4.57058176e-02  1.85324624e-01 -4.99181524e-02
   2.99878400e-02 -5.66839427e-02 -7.13223442e-02  9.15039182e-02
   5.77188246e-02 -6.92814440e-02 -2.20745942e-03  2.11721323e-02
   1.04631163e-01 -5.52024655e-02  3.11800569e-01 -6.07766993e-02
  -7.59588927e-02 -1.72455572e-02 -6.09767921e-02  2.18681861e-02
   4.55162227e-02 -8.86772722e-02  5.97056262e-02 -7.26138353e-02
  -6.17601909e-03  8.80528614e-03 -1.04244918e-01  1.18253045e-01
   1.89609945e-01 -2.55849492e-02  9.54951420e-02  1.56250864e-01
  -4.59618382e-02 -4.54219840e-02  8.67445543e-02 -8.02862495e-02
   8.90472978e-02  8.02149773e-02  2.09242836e-01 -8.91832709e-02
  -6.47014100e-03  1.93610594e-01 -3.76066571e-04 -2.77415738e-02
  -6.97386488e-02  2.02787593e-01 -1.69138913e-03 -6.96642548e-02
  -9.43246763e-04 -7.59627819e-02  1.01172820e-01 -7.68902078e-02
   1.30069345e-01 -2.04623882e-02  1.51826339e-02 -1.09185994e-01
   1.00885093e-01 -7.67891333e-02 -9.18678939e-02  1.05590671e-01
  -1.62539724e-02 -1.46115810e-01  1.22987248e-01  6.96979314e-02
   3.63326408e-02 -4.90095168e-02 -5.49357310e-02  1.72496572e-01
   5.39779812e-02 -7.94330463e-02  6.53353482e-02  3.70534547e-02
   1.01476207e-01 -6.15079813e-02 -6.98288232e-02  6.03337362e-02
  -4.15669121e-02 -7.98542798e-02 -4.93234247e-02 -6.26884997e-02
  -7.71211758e-02 -4.49749194e-02 -4.27377671e-02  6.16396889e-02
  -5.02531342e-02  7.56259933e-02  4.02854942e-02  2.21929401e-02
   1.44946635e-01  6.10629693e-02  4.88254167e-02  5.42250089e-02
   1.58573091e-02  1.31058156e-01 -4.64496911e-02  4.29969169e-02
   1.43169641e-01 -7.99191296e-02  3.20190191e-03 -8.52325931e-02
   1.61007047e-02  9.60617140e-02  1.61521852e-01  4.52733934e-02]
 [ 1.09126838e-03 -2.21813899e-02 -2.35657897e-02 -1.85635552e-01
   3.79118574e-05 -8.76173377e-03 -7.55194053e-02 -6.68067187e-02
  -1.02502950e-01 -2.45725028e-02 -9.12257582e-02 -4.06863987e-02
  -4.75063697e-02  1.44216180e-01 -5.95078729e-02  2.13082924e-01
  -7.39135742e-02  7.25502372e-02 -4.32140566e-02  1.26196116e-01
   1.07044525e-01  1.13499425e-01 -1.24543346e-01  9.72238109e-02
   1.60868943e-01 -5.24895377e-02  1.16460234e-01  2.41003861e-03
   1.27547368e-01 -4.38723229e-02 -3.13115790e-02  1.16118165e-02
   1.16027273e-01 -6.17172234e-02 -4.81549576e-02  2.97870301e-02
   9.66070890e-02 -7.43122697e-02  2.65915513e-01 -1.86785534e-02
  -1.34058567e-02 -5.67229986e-02 -1.00954466e-01  2.07878686e-02
  -5.89073710e-02 -9.27090049e-02  8.32546428e-02 -8.69419277e-02
  -4.88767512e-02  4.42532338e-02 -9.32539031e-02  5.37246168e-02
   1.56320959e-01 -4.33240384e-02  4.19760160e-02  4.02519591e-02
  -1.49858575e-02  1.28863184e-02  9.51287225e-02 -8.20870996e-02
   8.96914452e-02 -6.24404711e-05  2.25516692e-01 -5.41628972e-02
   1.59452021e-01  1.53596446e-01  5.30230924e-02  1.77370116e-01
  -9.08358097e-02  1.05664670e-01 -7.65124485e-02  7.23230466e-02
   2.73609105e-02  1.87552944e-02  5.11731319e-02 -9.29208100e-02
  -3.05965431e-02 -2.79531647e-02  4.43146974e-02 -8.40360895e-02
   2.36205943e-02  1.00495771e-01 -8.49599764e-02 -1.86530240e-02
  -2.02079117e-03 -1.12641551e-01 -1.89837720e-02 -4.57626618e-02
  -3.82076297e-03  1.31473139e-01  5.21178730e-02  1.20643452e-01
  -4.10579965e-02 -5.21414354e-02  2.16613173e-01 -2.52385717e-02
  -8.36968347e-02 -7.08012357e-02 -7.56415576e-02  6.86526000e-02
  -3.93872708e-03  3.72329168e-02 -5.42833433e-02  6.77563101e-02
  -9.42976847e-02  4.78192121e-02 -7.54759461e-02  1.78473726e-01
   7.77090564e-02  1.02274612e-01 -5.71129620e-02 -6.04948476e-02
   1.49464950e-01 -7.03787878e-02  1.05583586e-01 -5.41340327e-03
  -6.68051615e-02  7.37377489e-03 -6.03327379e-02  1.70184866e-01
   4.04432975e-02 -3.83024253e-02  1.75263491e-02 -7.05940127e-02
   6.35146201e-02 -6.33175625e-03 -4.85697687e-02 -2.16187853e-02]]
[[-2.88430620e-02 -8.57529715e-02 -1.14223637e-01 -1.35675341e-01
  -4.49564047e-02  5.80227375e-02 -4.55327183e-02  4.06444781e-02
   5.63482642e-02 -4.69522774e-02  1.61288399e-02 -5.81645519e-02
   1.70447938e-02  5.90609126e-02 -9.80184898e-02 -3.59655917e-02
   7.16698915e-02  8.64020661e-02  1.88058987e-02  2.78017353e-02
   2.12753341e-01  9.10580009e-02 -4.85245325e-03  7.86747038e-02
   1.10433578e-01 -4.57058176e-02  1.85324624e-01 -4.99181524e-02
   2.99878400e-02 -5.66839427e-02 -7.13223442e-02  9.15039182e-02
   5.77188246e-02 -6.92814440e-02 -2.20745942e-03  2.11721323e-02
   1.04631163e-01 -5.52024655e-02  3.11800569e-01 -6.07766993e-02
  -7.59588927e-02 -1.72455572e-02 -6.09767921e-02  2.18681861e-02
   4.55162227e-02 -8.86772722e-02  5.97056262e-02 -7.26138353e-02
  -6.17601909e-03  8.80528614e-03 -1.04244918e-01  1.18253045e-01
   1.89609945e-01 -2.55849492e-02  9.54951420e-02  1.56250864e-01
  -4.59618382e-02 -4.54219840e-02  8.67445543e-02 -8.02862495e-02
   8.90472978e-02  8.02149773e-02  2.09242836e-01 -8.91832709e-02
  -6.47014100e-03  1.93610594e-01 -3.76066571e-04 -2.77415738e-02
  -6.97386488e-02  2.02787593e-01 -1.69138913e-03 -6.96642548e-02
  -9.43246763e-04 -7.59627819e-02  1.01172820e-01 -7.68902078e-02
   1.30069345e-01 -2.04623882e-02  1.51826339e-02 -1.09185994e-01
   1.00885093e-01 -7.67891333e-02 -9.18678939e-02  1.05590671e-01
  -1.62539724e-02 -1.46115810e-01  1.22987248e-01  6.96979314e-02
   3.63326408e-02 -4.90095168e-02 -5.49357310e-02  1.72496572e-01
   5.39779812e-02 -7.94330463e-02  6.53353482e-02  3.70534547e-02
   1.01476207e-01 -6.15079813e-02 -6.98288232e-02  6.03337362e-02
  -4.15669121e-02 -7.98542798e-02 -4.93234247e-02 -6.26884997e-02
  -7.71211758e-02 -4.49749194e-02 -4.27377671e-02  6.16396889e-02
  -5.02531342e-02  7.56259933e-02  4.02854942e-02  2.21929401e-02
   1.44946635e-01  6.10629693e-02  4.88254167e-02  5.42250089e-02
   1.58573091e-02  1.31058156e-01 -4.64496911e-02  4.29969169e-02
   1.43169641e-01 -7.99191296e-02  3.20190191e-03 -8.52325931e-02
   1.61007047e-02  9.60617140e-02  1.61521852e-01  4.52733934e-02]
 [ 1.09126838e-03 -2.21813899e-02 -2.35657897e-02 -1.85635552e-01
   3.79118574e-05 -8.76173377e-03 -7.55194053e-02 -6.68067187e-02
  -1.02502950e-01 -2.45725028e-02 -9.12257582e-02 -4.06863987e-02
  -4.75063697e-02  1.44216180e-01 -5.95078729e-02  2.13082924e-01
  -7.39135742e-02  7.25502372e-02 -4.32140566e-02  1.26196116e-01
   1.07044525e-01  1.13499425e-01 -1.24543346e-01  9.72238109e-02
   1.60868943e-01 -5.24895377e-02  1.16460234e-01  2.41003861e-03
   1.27547368e-01 -4.38723229e-02 -3.13115790e-02  1.16118165e-02
   1.16027273e-01 -6.17172234e-02 -4.81549576e-02  2.97870301e-02
   9.66070890e-02 -7.43122697e-02  2.65915513e-01 -1.86785534e-02
  -1.34058567e-02 -5.67229986e-02 -1.00954466e-01  2.07878686e-02
  -5.89073710e-02 -9.27090049e-02  8.32546428e-02 -8.69419277e-02
  -4.88767512e-02  4.42532338e-02 -9.32539031e-02  5.37246168e-02
   1.56320959e-01 -4.33240384e-02  4.19760160e-02  4.02519591e-02
  -1.49858575e-02  1.28863184e-02  9.51287225e-02 -8.20870996e-02
   8.96914452e-02 -6.24404711e-05  2.25516692e-01 -5.41628972e-02
   1.59452021e-01  1.53596446e-01  5.30230924e-02  1.77370116e-01
  -9.08358097e-02  1.05664670e-01 -7.65124485e-02  7.23230466e-02
   2.73609105e-02  1.87552944e-02  5.11731319e-02 -9.29208100e-02
  -3.05965431e-02 -2.79531647e-02  4.43146974e-02 -8.40360895e-02
   2.36205943e-02  1.00495771e-01 -8.49599764e-02 -1.86530240e-02
  -2.02079117e-03 -1.12641551e-01 -1.89837720e-02 -4.57626618e-02
  -3.82076297e-03  1.31473139e-01  5.21178730e-02  1.20643452e-01
  -4.10579965e-02 -5.21414354e-02  2.16613173e-01 -2.52385717e-02
  -8.36968347e-02 -7.08012357e-02 -7.56415576e-02  6.86526000e-02
  -3.93872708e-03  3.72329168e-02 -5.42833433e-02  6.77563101e-02
  -9.42976847e-02  4.78192121e-02 -7.54759461e-02  1.78473726e-01
   7.77090564e-02  1.02274612e-01 -5.71129620e-02 -6.04948476e-02
   1.49464950e-01 -7.03787878e-02  1.05583586e-01 -5.41340327e-03
  -6.68051615e-02  7.37377489e-03 -6.03327379e-02  1.70184866e-01
   4.04432975e-02 -3.83024253e-02  1.75263491e-02 -7.05940127e-02
   6.35146201e-02 -6.33175625e-03 -4.85697687e-02 -2.16187853e-02]]
