[[-0.01106438 -0.09167476 -0.13500783 -0.14423184 -0.07204863  0.08412903
  -0.05661345  0.03191767  0.04605002 -0.04908254  0.00154057 -0.0714583
   0.01471717  0.0673119  -0.10851774 -0.04142455  0.07000703  0.05468302
   0.01992873  0.02405488  0.193492    0.0770977  -0.02658843  0.10106073
   0.11598076 -0.04965636  0.16027588 -0.03840843  0.04476571 -0.06831282
  -0.080861    0.12197658  0.0675974  -0.07991397  0.0196045   0.03766859
   0.11575104 -0.04029451  0.29305336 -0.05824704 -0.07704955 -0.02522764
  -0.07513625  0.02705547  0.03504722 -0.09280024  0.10187107 -0.07894217
  -0.03161648  0.0142328  -0.10638955  0.09879474  0.17747067 -0.02339131
   0.1039481   0.14742024 -0.03004511 -0.0542662   0.09186944 -0.0816875
   0.06420488  0.07108451  0.21217151 -0.08923478 -0.031242    0.17863809
  -0.01101992 -0.04795933 -0.06413684  0.16895823  0.00376457 -0.07240966
  -0.01102426 -0.07610183  0.10155988 -0.07857199  0.11682206 -0.03178944
  -0.00435546 -0.10387594  0.1070011  -0.07384939 -0.09229086  0.09779967
  -0.04438063 -0.14328632  0.13552213  0.1021622   0.01306282 -0.06757601
  -0.05099343  0.21225217  0.0386851  -0.0738689   0.06512963  0.04073047
   0.10069167 -0.05740294 -0.07687901  0.04748535 -0.03192746 -0.08240578
  -0.03848955 -0.07111669 -0.06993034 -0.03415711 -0.03613845  0.04496707
  -0.06313276  0.07094187  0.03994986  0.02930972  0.13681749  0.07850847
   0.05806623  0.03688958  0.00773155  0.09494548 -0.0216478   0.06021878
   0.13328551 -0.08299401 -0.02033629 -0.08880243  0.03980719  0.09625819
   0.16429609  0.07930028]
 [ 0.02320938 -0.0266951  -0.01812376 -0.19091223  0.00088941  0.02340089
  -0.07227473 -0.07494367 -0.09970374 -0.02909377 -0.09266017 -0.02405314
  -0.05010051  0.13247798 -0.05506319  0.218254   -0.07927795  0.09325854
  -0.05787257  0.15004428  0.04360518  0.11102022 -0.12304419  0.07354687
   0.1614033  -0.05352339  0.09761198  0.04928341  0.13691501 -0.05369775
  -0.01722804  0.01332133  0.09921801 -0.05517463 -0.04016286  0.04661189
   0.10871237 -0.0821984   0.21486326 -0.03686342 -0.00078433 -0.05359769
  -0.10131874  0.03718803 -0.05829244 -0.09079945  0.08731598 -0.08380394
  -0.04987397  0.0530309  -0.08889333  0.0555592   0.16217981 -0.04647795
   0.0757745   0.01370195 -0.02150368 -0.00396916  0.10876761 -0.08227754
   0.09466296 -0.00682119  0.21256796 -0.05326264  0.14485148  0.16251625
   0.0504339   0.19449632 -0.07947709  0.07079529 -0.07581843  0.08213949
   0.08687496  0.03278358  0.04749431 -0.08753012 -0.03884744 -0.01834706
   0.08802049 -0.08497517 -0.01934273  0.08161354 -0.08282272 -0.03084158
   0.00233256 -0.10162706 -0.01868433 -0.02438411 -0.01580457  0.14664379
   0.04786468  0.0931105  -0.02423236 -0.04373144  0.234997   -0.02748043
  -0.07744274 -0.06416889 -0.07913177  0.0614407   0.03857914  0.06697449
  -0.04606184  0.09199731 -0.09071615  0.06380359 -0.0674046   0.17498773
   0.07637171  0.13370858 -0.05753465 -0.06146114  0.15129685 -0.06330097
   0.11545336 -0.00037829 -0.06522048  0.00397983 -0.05569002  0.16639093
  -0.00518843 -0.00977365  0.0029234  -0.07051823  0.06299234 -0.0126125
  -0.06891205 -0.04936882]]
[[-0.01106438 -0.09167476 -0.13500783 -0.14423184 -0.07204863  0.08412903
  -0.05661345  0.03191767  0.04605002 -0.04908254  0.00154057 -0.0714583
   0.01471717  0.0673119  -0.10851774 -0.04142455  0.07000703  0.05468302
   0.01992873  0.02405488  0.193492    0.0770977  -0.02658843  0.10106073
   0.11598076 -0.04965636  0.16027588 -0.03840843  0.04476571 -0.06831282
  -0.080861    0.12197658  0.0675974  -0.07991397  0.0196045   0.03766859
   0.11575104 -0.04029451  0.29305336 -0.05824704 -0.07704955 -0.02522764
  -0.07513625  0.02705547  0.03504722 -0.09280024  0.10187107 -0.07894217
  -0.03161648  0.0142328  -0.10638955  0.09879474  0.17747067 -0.02339131
   0.1039481   0.14742024 -0.03004511 -0.0542662   0.09186944 -0.0816875
   0.06420488  0.07108451  0.21217151 -0.08923478 -0.031242    0.17863809
  -0.01101992 -0.04795933 -0.06413684  0.16895823  0.00376457 -0.07240966
  -0.01102426 -0.07610183  0.10155988 -0.07857199  0.11682206 -0.03178944
  -0.00435546 -0.10387594  0.1070011  -0.07384939 -0.09229086  0.09779967
  -0.04438063 -0.14328632  0.13552213  0.1021622   0.01306282 -0.06757601
  -0.05099343  0.21225217  0.0386851  -0.0738689   0.06512963  0.04073047
   0.10069167 -0.05740294 -0.07687901  0.04748535 -0.03192746 -0.08240578
  -0.03848955 -0.07111669 -0.06993034 -0.03415711 -0.03613845  0.04496707
  -0.06313276  0.07094187  0.03994986  0.02930972  0.13681749  0.07850847
   0.05806623  0.03688958  0.00773155  0.09494548 -0.0216478   0.06021878
   0.13328551 -0.08299401 -0.02033629 -0.08880243  0.03980719  0.09625819
   0.16429609  0.07930028]
 [ 0.02320938 -0.0266951  -0.01812376 -0.19091223  0.00088941  0.02340089
  -0.07227473 -0.07494367 -0.09970374 -0.02909377 -0.09266017 -0.02405314
  -0.05010051  0.13247798 -0.05506319  0.218254   -0.07927795  0.09325854
  -0.05787257  0.15004428  0.04360518  0.11102022 -0.12304419  0.07354687
   0.1614033  -0.05352339  0.09761198  0.04928341  0.13691501 -0.05369775
  -0.01722804  0.01332133  0.09921801 -0.05517463 -0.04016286  0.04661189
   0.10871237 -0.0821984   0.21486326 -0.03686342 -0.00078433 -0.05359769
  -0.10131874  0.03718803 -0.05829244 -0.09079945  0.08731598 -0.08380394
  -0.04987397  0.0530309  -0.08889333  0.0555592   0.16217981 -0.04647795
   0.0757745   0.01370195 -0.02150368 -0.00396916  0.10876761 -0.08227754
   0.09466296 -0.00682119  0.21256796 -0.05326264  0.14485148  0.16251625
   0.0504339   0.19449632 -0.07947709  0.07079529 -0.07581843  0.08213949
   0.08687496  0.03278358  0.04749431 -0.08753012 -0.03884744 -0.01834706
   0.08802049 -0.08497517 -0.01934273  0.08161354 -0.08282272 -0.03084158
   0.00233256 -0.10162706 -0.01868433 -0.02438411 -0.01580457  0.14664379
   0.04786468  0.0931105  -0.02423236 -0.04373144  0.234997   -0.02748043
  -0.07744274 -0.06416889 -0.07913177  0.0614407   0.03857914  0.06697449
  -0.04606184  0.09199731 -0.09071615  0.06380359 -0.0674046   0.17498773
   0.07637171  0.13370858 -0.05753465 -0.06146114  0.15129685 -0.06330097
   0.11545336 -0.00037829 -0.06522048  0.00397983 -0.05569002  0.16639093
  -0.00518843 -0.00977365  0.0029234  -0.07051823  0.06299234 -0.0126125
  -0.06891205 -0.04936882]]
[[-0.01106438 -0.09167476 -0.13500783 -0.14423184 -0.07204863  0.08412903
  -0.05661345  0.03191767  0.04605002 -0.04908254  0.00154057 -0.0714583
   0.01471717  0.0673119  -0.10851774 -0.04142455  0.07000703  0.05468302
   0.01992873  0.02405488  0.193492    0.0770977  -0.02658843  0.10106073
   0.11598076 -0.04965636  0.16027588 -0.03840843  0.04476571 -0.06831282
  -0.080861    0.12197658  0.0675974  -0.07991397  0.0196045   0.03766859
   0.11575104 -0.04029451  0.29305336 -0.05824704 -0.07704955 -0.02522764
  -0.07513625  0.02705547  0.03504722 -0.09280024  0.10187107 -0.07894217
  -0.03161648  0.0142328  -0.10638955  0.09879474  0.17747067 -0.02339131
   0.1039481   0.14742024 -0.03004511 -0.0542662   0.09186944 -0.0816875
   0.06420488  0.07108451  0.21217151 -0.08923478 -0.031242    0.17863809
  -0.01101992 -0.04795933 -0.06413684  0.16895823  0.00376457 -0.07240966
  -0.01102426 -0.07610183  0.10155988 -0.07857199  0.11682206 -0.03178944
  -0.00435546 -0.10387594  0.1070011  -0.07384939 -0.09229086  0.09779967
  -0.04438063 -0.14328632  0.13552213  0.1021622   0.01306282 -0.06757601
  -0.05099343  0.21225217  0.0386851  -0.0738689   0.06512963  0.04073047
   0.10069167 -0.05740294 -0.07687901  0.04748535 -0.03192746 -0.08240578
  -0.03848955 -0.07111669 -0.06993034 -0.03415711 -0.03613845  0.04496707
  -0.06313276  0.07094187  0.03994986  0.02930972  0.13681749  0.07850847
   0.05806623  0.03688958  0.00773155  0.09494548 -0.0216478   0.06021878
   0.13328551 -0.08299401 -0.02033629 -0.08880243  0.03980719  0.09625819
   0.16429609  0.07930028]
 [ 0.02320938 -0.0266951  -0.01812376 -0.19091223  0.00088941  0.02340089
  -0.07227473 -0.07494367 -0.09970374 -0.02909377 -0.09266017 -0.02405314
  -0.05010051  0.13247798 -0.05506319  0.218254   -0.07927795  0.09325854
  -0.05787257  0.15004428  0.04360518  0.11102022 -0.12304419  0.07354687
   0.1614033  -0.05352339  0.09761198  0.04928341  0.13691501 -0.05369775
  -0.01722804  0.01332133  0.09921801 -0.05517463 -0.04016286  0.04661189
   0.10871237 -0.0821984   0.21486326 -0.03686342 -0.00078433 -0.05359769
  -0.10131874  0.03718803 -0.05829244 -0.09079945  0.08731598 -0.08380394
  -0.04987397  0.0530309  -0.08889333  0.0555592   0.16217981 -0.04647795
   0.0757745   0.01370195 -0.02150368 -0.00396916  0.10876761 -0.08227754
   0.09466296 -0.00682119  0.21256796 -0.05326264  0.14485148  0.16251625
   0.0504339   0.19449632 -0.07947709  0.07079529 -0.07581843  0.08213949
   0.08687496  0.03278358  0.04749431 -0.08753012 -0.03884744 -0.01834706
   0.08802049 -0.08497517 -0.01934273  0.08161354 -0.08282272 -0.03084158
   0.00233256 -0.10162706 -0.01868433 -0.02438411 -0.01580457  0.14664379
   0.04786468  0.0931105  -0.02423236 -0.04373144  0.234997   -0.02748043
  -0.07744274 -0.06416889 -0.07913177  0.0614407   0.03857914  0.06697449
  -0.04606184  0.09199731 -0.09071615  0.06380359 -0.0674046   0.17498773
   0.07637171  0.13370858 -0.05753465 -0.06146114  0.15129685 -0.06330097
   0.11545336 -0.00037829 -0.06522048  0.00397983 -0.05569002  0.16639093
  -0.00518843 -0.00977365  0.0029234  -0.07051823  0.06299234 -0.0126125
  -0.06891205 -0.04936882]]
[[-0.01106438 -0.09167476 -0.13500783 -0.14423184 -0.07204863  0.08412903
  -0.05661345  0.03191767  0.04605002 -0.04908254  0.00154057 -0.0714583
   0.01471717  0.0673119  -0.10851774 -0.04142455  0.07000703  0.05468302
   0.01992873  0.02405488  0.193492    0.0770977  -0.02658843  0.10106073
   0.11598076 -0.04965636  0.16027588 -0.03840843  0.04476571 -0.06831282
  -0.080861    0.12197658  0.0675974  -0.07991397  0.0196045   0.03766859
   0.11575104 -0.04029451  0.29305336 -0.05824704 -0.07704955 -0.02522764
  -0.07513625  0.02705547  0.03504722 -0.09280024  0.10187107 -0.07894217
  -0.03161648  0.0142328  -0.10638955  0.09879474  0.17747067 -0.02339131
   0.1039481   0.14742024 -0.03004511 -0.0542662   0.09186944 -0.0816875
   0.06420488  0.07108451  0.21217151 -0.08923478 -0.031242    0.17863809
  -0.01101992 -0.04795933 -0.06413684  0.16895823  0.00376457 -0.07240966
  -0.01102426 -0.07610183  0.10155988 -0.07857199  0.11682206 -0.03178944
  -0.00435546 -0.10387594  0.1070011  -0.07384939 -0.09229086  0.09779967
  -0.04438063 -0.14328632  0.13552213  0.1021622   0.01306282 -0.06757601
  -0.05099343  0.21225217  0.0386851  -0.0738689   0.06512963  0.04073047
   0.10069167 -0.05740294 -0.07687901  0.04748535 -0.03192746 -0.08240578
  -0.03848955 -0.07111669 -0.06993034 -0.03415711 -0.03613845  0.04496707
  -0.06313276  0.07094187  0.03994986  0.02930972  0.13681749  0.07850847
   0.05806623  0.03688958  0.00773155  0.09494548 -0.0216478   0.06021878
   0.13328551 -0.08299401 -0.02033629 -0.08880243  0.03980719  0.09625819
   0.16429609  0.07930028]
 [ 0.02320938 -0.0266951  -0.01812376 -0.19091223  0.00088941  0.02340089
  -0.07227473 -0.07494367 -0.09970374 -0.02909377 -0.09266017 -0.02405314
  -0.05010051  0.13247798 -0.05506319  0.218254   -0.07927795  0.09325854
  -0.05787257  0.15004428  0.04360518  0.11102022 -0.12304419  0.07354687
   0.1614033  -0.05352339  0.09761198  0.04928341  0.13691501 -0.05369775
  -0.01722804  0.01332133  0.09921801 -0.05517463 -0.04016286  0.04661189
   0.10871237 -0.0821984   0.21486326 -0.03686342 -0.00078433 -0.05359769
  -0.10131874  0.03718803 -0.05829244 -0.09079945  0.08731598 -0.08380394
  -0.04987397  0.0530309  -0.08889333  0.0555592   0.16217981 -0.04647795
   0.0757745   0.01370195 -0.02150368 -0.00396916  0.10876761 -0.08227754
   0.09466296 -0.00682119  0.21256796 -0.05326264  0.14485148  0.16251625
   0.0504339   0.19449632 -0.07947709  0.07079529 -0.07581843  0.08213949
   0.08687496  0.03278358  0.04749431 -0.08753012 -0.03884744 -0.01834706
   0.08802049 -0.08497517 -0.01934273  0.08161354 -0.08282272 -0.03084158
   0.00233256 -0.10162706 -0.01868433 -0.02438411 -0.01580457  0.14664379
   0.04786468  0.0931105  -0.02423236 -0.04373144  0.234997   -0.02748043
  -0.07744274 -0.06416889 -0.07913177  0.0614407   0.03857914  0.06697449
  -0.04606184  0.09199731 -0.09071615  0.06380359 -0.0674046   0.17498773
   0.07637171  0.13370858 -0.05753465 -0.06146114  0.15129685 -0.06330097
   0.11545336 -0.00037829 -0.06522048  0.00397983 -0.05569002  0.16639093
  -0.00518843 -0.00977365  0.0029234  -0.07051823  0.06299234 -0.0126125
  -0.06891205 -0.04936882]]
