[[ 0.02152229 -0.07596747 -0.11093898 -0.15145235 -0.02026701  0.01969542
  -0.03963992  0.02060805  0.12603138 -0.01528176 -0.01833166 -0.05638901
   0.04635705  0.10662086 -0.0809039  -0.03500825  0.06590561  0.02919338
   0.04254964 -0.01316755  0.26270252  0.10458414 -0.01595286  0.11974031
   0.06352077 -0.04484407  0.12246514 -0.03960717  0.11813255 -0.04497106
  -0.05634381  0.09229832  0.05173403 -0.01761005  0.02336847  0.00815393
   0.11289749 -0.0578435   0.2917761  -0.06257553 -0.08776475  0.0091073
  -0.05616323  0.06464388  0.01505308 -0.05946862  0.06867041 -0.03010616
  -0.01857167 -0.01346622 -0.11331761  0.05878943  0.23429044 -0.02493497
   0.08222932  0.11291849 -0.0131262  -0.00820459  0.0786567  -0.08991129
   0.08761873  0.0694584   0.20331812 -0.10494323  0.03729239  0.13141742
   0.00670438 -0.03286363 -0.06616475  0.2515932  -0.05373999 -0.07836224
   0.01392994 -0.07500588  0.02410858 -0.0624002   0.1387495  -0.04785874
   0.05578022 -0.12550391  0.11753146 -0.034532   -0.09619112 -0.00868211
  -0.03736085 -0.11900689  0.07129914  0.11926803  0.07950446 -0.0747961
  -0.07943008  0.2106477   0.0540169  -0.09011126  0.03806156  0.0655759
   0.06736869 -0.06966309 -0.07810342  0.06621993 -0.04441094 -0.06663851
  -0.02839435  0.00510692 -0.07816263 -0.02053033 -0.05022188  0.07528879
  -0.03532564  0.0662391   0.01763155  0.0045688   0.23610666  0.0140143
   0.0898805   0.02028234  0.01230362  0.07386959 -0.01576531  0.02128252
   0.09790748 -0.07930734 -0.01867402 -0.08450793  0.0238716   0.12009329
   0.11388802  0.05181286]
 [ 0.11882129 -0.0436779  -0.01408277 -0.15629488 -0.0263941  -0.0101358
  -0.07088137 -0.06423827 -0.09925825 -0.02671316 -0.09144948  0.00195297
  -0.06104484  0.14402574 -0.05956931  0.22613908 -0.06983962  0.07545383
  -0.03293816  0.13487627 -0.01040505  0.13892755 -0.15645917  0.08118152
   0.11443561 -0.05731759  0.04865032  0.07515181  0.14411046 -0.06563805
  -0.05308836  0.01469546  0.13090125 -0.02265506 -0.02092392  0.00898952
   0.11081485 -0.06920388  0.17322657 -0.03676515  0.04203308 -0.05121858
  -0.09827495 -0.01996976 -0.04909065 -0.09010016  0.10397113 -0.07602849
  -0.05897108  0.01970818 -0.09016089  0.07929058  0.09872694 -0.03703894
   0.06397657  0.01541344 -0.04079364  0.01248316  0.12758204 -0.06578964
   0.07175305 -0.00787165  0.22450495 -0.05834464  0.20471343  0.19783275
   0.0726489   0.17665555 -0.0851804   0.06253654 -0.05520337  0.08509008
   0.04975422  0.09464016  0.04901985 -0.06944191 -0.06005428 -0.033895
   0.06792993 -0.08505376 -0.02546803  0.1444946  -0.07692079 -0.04548864
  -0.01689081 -0.07143884 -0.02981651 -0.0322062  -0.01410145  0.1596519
   0.08261231  0.04676944 -0.03789718 -0.00791425  0.20264982 -0.05015394
  -0.07647951 -0.06699458 -0.07077204  0.05829135  0.03219659  0.12192259
  -0.05512139  0.08127415 -0.08094769  0.12019669 -0.05548278  0.14687437
   0.06753075  0.10221785 -0.08218762 -0.05472865  0.1291312  -0.06806138
   0.11700677 -0.04165461 -0.04374277 -0.0294346  -0.03509905  0.18523829
  -0.02164909 -0.00868256 -0.03585919 -0.06132468  0.06162727 -0.02296219
  -0.04535269 -0.05055684]]
[[ 0.02152229 -0.07596747 -0.11093898 -0.15145235 -0.02026701  0.01969542
  -0.03963992  0.02060805  0.12603138 -0.01528176 -0.01833166 -0.05638901
   0.04635705  0.10662086 -0.0809039  -0.03500825  0.06590561  0.02919338
   0.04254964 -0.01316755  0.26270252  0.10458414 -0.01595286  0.11974031
   0.06352077 -0.04484407  0.12246514 -0.03960717  0.11813255 -0.04497106
  -0.05634381  0.09229832  0.05173403 -0.01761005  0.02336847  0.00815393
   0.11289749 -0.0578435   0.2917761  -0.06257553 -0.08776475  0.0091073
  -0.05616323  0.06464388  0.01505308 -0.05946862  0.06867041 -0.03010616
  -0.01857167 -0.01346622 -0.11331761  0.05878943  0.23429044 -0.02493497
   0.08222932  0.11291849 -0.0131262  -0.00820459  0.0786567  -0.08991129
   0.08761873  0.0694584   0.20331812 -0.10494323  0.03729239  0.13141742
   0.00670438 -0.03286363 -0.06616475  0.2515932  -0.05373999 -0.07836224
   0.01392994 -0.07500588  0.02410858 -0.0624002   0.1387495  -0.04785874
   0.05578022 -0.12550391  0.11753146 -0.034532   -0.09619112 -0.00868211
  -0.03736085 -0.11900689  0.07129914  0.11926803  0.07950446 -0.0747961
  -0.07943008  0.2106477   0.0540169  -0.09011126  0.03806156  0.0655759
   0.06736869 -0.06966309 -0.07810342  0.06621993 -0.04441094 -0.06663851
  -0.02839435  0.00510692 -0.07816263 -0.02053033 -0.05022188  0.07528879
  -0.03532564  0.0662391   0.01763155  0.0045688   0.23610666  0.0140143
   0.0898805   0.02028234  0.01230362  0.07386959 -0.01576531  0.02128252
   0.09790748 -0.07930734 -0.01867402 -0.08450793  0.0238716   0.12009329
   0.11388802  0.05181286]
 [ 0.11882129 -0.0436779  -0.01408277 -0.15629488 -0.0263941  -0.0101358
  -0.07088137 -0.06423827 -0.09925825 -0.02671316 -0.09144948  0.00195297
  -0.06104484  0.14402574 -0.05956931  0.22613908 -0.06983962  0.07545383
  -0.03293816  0.13487627 -0.01040505  0.13892755 -0.15645917  0.08118152
   0.11443561 -0.05731759  0.04865032  0.07515181  0.14411046 -0.06563805
  -0.05308836  0.01469546  0.13090125 -0.02265506 -0.02092392  0.00898952
   0.11081485 -0.06920388  0.17322657 -0.03676515  0.04203308 -0.05121858
  -0.09827495 -0.01996976 -0.04909065 -0.09010016  0.10397113 -0.07602849
  -0.05897108  0.01970818 -0.09016089  0.07929058  0.09872694 -0.03703894
   0.06397657  0.01541344 -0.04079364  0.01248316  0.12758204 -0.06578964
   0.07175305 -0.00787165  0.22450495 -0.05834464  0.20471343  0.19783275
   0.0726489   0.17665555 -0.0851804   0.06253654 -0.05520337  0.08509008
   0.04975422  0.09464016  0.04901985 -0.06944191 -0.06005428 -0.033895
   0.06792993 -0.08505376 -0.02546803  0.1444946  -0.07692079 -0.04548864
  -0.01689081 -0.07143884 -0.02981651 -0.0322062  -0.01410145  0.1596519
   0.08261231  0.04676944 -0.03789718 -0.00791425  0.20264982 -0.05015394
  -0.07647951 -0.06699458 -0.07077204  0.05829135  0.03219659  0.12192259
  -0.05512139  0.08127415 -0.08094769  0.12019669 -0.05548278  0.14687437
   0.06753075  0.10221785 -0.08218762 -0.05472865  0.1291312  -0.06806138
   0.11700677 -0.04165461 -0.04374277 -0.0294346  -0.03509905  0.18523829
  -0.02164909 -0.00868256 -0.03585919 -0.06132468  0.06162727 -0.02296219
  -0.04535269 -0.05055684]]
[[ 0.02152229 -0.07596747 -0.11093898 -0.15145235 -0.02026701  0.01969542
  -0.03963992  0.02060805  0.12603138 -0.01528176 -0.01833166 -0.05638901
   0.04635705  0.10662086 -0.0809039  -0.03500825  0.06590561  0.02919338
   0.04254964 -0.01316755  0.26270252  0.10458414 -0.01595286  0.11974031
   0.06352077 -0.04484407  0.12246514 -0.03960717  0.11813255 -0.04497106
  -0.05634381  0.09229832  0.05173403 -0.01761005  0.02336847  0.00815393
   0.11289749 -0.0578435   0.2917761  -0.06257553 -0.08776475  0.0091073
  -0.05616323  0.06464388  0.01505308 -0.05946862  0.06867041 -0.03010616
  -0.01857167 -0.01346622 -0.11331761  0.05878943  0.23429044 -0.02493497
   0.08222932  0.11291849 -0.0131262  -0.00820459  0.0786567  -0.08991129
   0.08761873  0.0694584   0.20331812 -0.10494323  0.03729239  0.13141742
   0.00670438 -0.03286363 -0.06616475  0.2515932  -0.05373999 -0.07836224
   0.01392994 -0.07500588  0.02410858 -0.0624002   0.1387495  -0.04785874
   0.05578022 -0.12550391  0.11753146 -0.034532   -0.09619112 -0.00868211
  -0.03736085 -0.11900689  0.07129914  0.11926803  0.07950446 -0.0747961
  -0.07943008  0.2106477   0.0540169  -0.09011126  0.03806156  0.0655759
   0.06736869 -0.06966309 -0.07810342  0.06621993 -0.04441094 -0.06663851
  -0.02839435  0.00510692 -0.07816263 -0.02053033 -0.05022188  0.07528879
  -0.03532564  0.0662391   0.01763155  0.0045688   0.23610666  0.0140143
   0.0898805   0.02028234  0.01230362  0.07386959 -0.01576531  0.02128252
   0.09790748 -0.07930734 -0.01867402 -0.08450793  0.0238716   0.12009329
   0.11388802  0.05181286]
 [ 0.11882129 -0.0436779  -0.01408277 -0.15629488 -0.0263941  -0.0101358
  -0.07088137 -0.06423827 -0.09925825 -0.02671316 -0.09144948  0.00195297
  -0.06104484  0.14402574 -0.05956931  0.22613908 -0.06983962  0.07545383
  -0.03293816  0.13487627 -0.01040505  0.13892755 -0.15645917  0.08118152
   0.11443561 -0.05731759  0.04865032  0.07515181  0.14411046 -0.06563805
  -0.05308836  0.01469546  0.13090125 -0.02265506 -0.02092392  0.00898952
   0.11081485 -0.06920388  0.17322657 -0.03676515  0.04203308 -0.05121858
  -0.09827495 -0.01996976 -0.04909065 -0.09010016  0.10397113 -0.07602849
  -0.05897108  0.01970818 -0.09016089  0.07929058  0.09872694 -0.03703894
   0.06397657  0.01541344 -0.04079364  0.01248316  0.12758204 -0.06578964
   0.07175305 -0.00787165  0.22450495 -0.05834464  0.20471343  0.19783275
   0.0726489   0.17665555 -0.0851804   0.06253654 -0.05520337  0.08509008
   0.04975422  0.09464016  0.04901985 -0.06944191 -0.06005428 -0.033895
   0.06792993 -0.08505376 -0.02546803  0.1444946  -0.07692079 -0.04548864
  -0.01689081 -0.07143884 -0.02981651 -0.0322062  -0.01410145  0.1596519
   0.08261231  0.04676944 -0.03789718 -0.00791425  0.20264982 -0.05015394
  -0.07647951 -0.06699458 -0.07077204  0.05829135  0.03219659  0.12192259
  -0.05512139  0.08127415 -0.08094769  0.12019669 -0.05548278  0.14687437
   0.06753075  0.10221785 -0.08218762 -0.05472865  0.1291312  -0.06806138
   0.11700677 -0.04165461 -0.04374277 -0.0294346  -0.03509905  0.18523829
  -0.02164909 -0.00868256 -0.03585919 -0.06132468  0.06162727 -0.02296219
  -0.04535269 -0.05055684]]
[[ 0.02152229 -0.07596747 -0.11093898 -0.15145235 -0.02026701  0.01969542
  -0.03963992  0.02060805  0.12603138 -0.01528176 -0.01833166 -0.05638901
   0.04635705  0.10662086 -0.0809039  -0.03500825  0.06590561  0.02919338
   0.04254964 -0.01316755  0.26270252  0.10458414 -0.01595286  0.11974031
   0.06352077 -0.04484407  0.12246514 -0.03960717  0.11813255 -0.04497106
  -0.05634381  0.09229832  0.05173403 -0.01761005  0.02336847  0.00815393
   0.11289749 -0.0578435   0.2917761  -0.06257553 -0.08776475  0.0091073
  -0.05616323  0.06464388  0.01505308 -0.05946862  0.06867041 -0.03010616
  -0.01857167 -0.01346622 -0.11331761  0.05878943  0.23429044 -0.02493497
   0.08222932  0.11291849 -0.0131262  -0.00820459  0.0786567  -0.08991129
   0.08761873  0.0694584   0.20331812 -0.10494323  0.03729239  0.13141742
   0.00670438 -0.03286363 -0.06616475  0.2515932  -0.05373999 -0.07836224
   0.01392994 -0.07500588  0.02410858 -0.0624002   0.1387495  -0.04785874
   0.05578022 -0.12550391  0.11753146 -0.034532   -0.09619112 -0.00868211
  -0.03736085 -0.11900689  0.07129914  0.11926803  0.07950446 -0.0747961
  -0.07943008  0.2106477   0.0540169  -0.09011126  0.03806156  0.0655759
   0.06736869 -0.06966309 -0.07810342  0.06621993 -0.04441094 -0.06663851
  -0.02839435  0.00510692 -0.07816263 -0.02053033 -0.05022188  0.07528879
  -0.03532564  0.0662391   0.01763155  0.0045688   0.23610666  0.0140143
   0.0898805   0.02028234  0.01230362  0.07386959 -0.01576531  0.02128252
   0.09790748 -0.07930734 -0.01867402 -0.08450793  0.0238716   0.12009329
   0.11388802  0.05181286]
 [ 0.11882129 -0.0436779  -0.01408277 -0.15629488 -0.0263941  -0.0101358
  -0.07088137 -0.06423827 -0.09925825 -0.02671316 -0.09144948  0.00195297
  -0.06104484  0.14402574 -0.05956931  0.22613908 -0.06983962  0.07545383
  -0.03293816  0.13487627 -0.01040505  0.13892755 -0.15645917  0.08118152
   0.11443561 -0.05731759  0.04865032  0.07515181  0.14411046 -0.06563805
  -0.05308836  0.01469546  0.13090125 -0.02265506 -0.02092392  0.00898952
   0.11081485 -0.06920388  0.17322657 -0.03676515  0.04203308 -0.05121858
  -0.09827495 -0.01996976 -0.04909065 -0.09010016  0.10397113 -0.07602849
  -0.05897108  0.01970818 -0.09016089  0.07929058  0.09872694 -0.03703894
   0.06397657  0.01541344 -0.04079364  0.01248316  0.12758204 -0.06578964
   0.07175305 -0.00787165  0.22450495 -0.05834464  0.20471343  0.19783275
   0.0726489   0.17665555 -0.0851804   0.06253654 -0.05520337  0.08509008
   0.04975422  0.09464016  0.04901985 -0.06944191 -0.06005428 -0.033895
   0.06792993 -0.08505376 -0.02546803  0.1444946  -0.07692079 -0.04548864
  -0.01689081 -0.07143884 -0.02981651 -0.0322062  -0.01410145  0.1596519
   0.08261231  0.04676944 -0.03789718 -0.00791425  0.20264982 -0.05015394
  -0.07647951 -0.06699458 -0.07077204  0.05829135  0.03219659  0.12192259
  -0.05512139  0.08127415 -0.08094769  0.12019669 -0.05548278  0.14687437
   0.06753075  0.10221785 -0.08218762 -0.05472865  0.1291312  -0.06806138
   0.11700677 -0.04165461 -0.04374277 -0.0294346  -0.03509905  0.18523829
  -0.02164909 -0.00868256 -0.03585919 -0.06132468  0.06162727 -0.02296219
  -0.04535269 -0.05055684]]
