[[ 4.33492381e-03 -7.73706809e-02 -1.00533709e-01 -1.38828114e-01
  -1.31016495e-02  3.74974571e-02 -4.87844571e-02  2.44374238e-02
   1.16742998e-01 -3.41836736e-02  7.45186553e-05 -6.98902979e-02
   6.53939694e-02  6.15484342e-02 -8.23385641e-02 -6.60828948e-02
   7.19398335e-02  8.33996087e-02  2.30637230e-02 -6.37251465e-03
   2.27315173e-01  1.57546982e-01  1.23515697e-02  1.46500960e-01
   6.17783964e-02 -3.55170108e-02  1.35749027e-01 -4.13880609e-02
   7.91341737e-02 -6.04984090e-02 -6.06837794e-02  1.04298621e-01
   4.46372814e-02 -2.40383316e-02  3.00807338e-02  2.07800660e-02
   1.18619688e-01 -5.04772961e-02  2.61990190e-01 -6.44288585e-02
  -8.22968781e-02 -1.21869706e-02 -7.06367940e-02  6.78363144e-02
   5.70316575e-02 -4.76488099e-02  7.26732016e-02 -2.62520611e-02
  -1.76713914e-02 -7.44089438e-03 -1.13700323e-01  6.31860495e-02
   1.91656426e-01 -2.25590784e-02  1.07277222e-01  1.41275704e-01
  -2.74962224e-02 -4.19705026e-02  9.97487009e-02 -8.47097784e-02
   8.53147507e-02  9.64954942e-02  2.07206532e-01 -9.71494764e-02
  -1.23296734e-02  1.88219920e-01  1.85313653e-02 -3.70065942e-02
  -4.61448692e-02  2.40782082e-01 -2.67035104e-02 -7.81295225e-02
   1.95445344e-02 -8.46994445e-02  6.21130690e-02 -5.93664907e-02
   1.46128878e-01 -4.08895090e-02  4.46939096e-02 -1.09702021e-01
   1.04628593e-01 -6.17657527e-02 -8.87459219e-02  4.38669957e-02
  -2.80102454e-02 -1.30077541e-01  7.54048154e-02  1.10981077e-01
   5.39060831e-02 -7.08090141e-02 -8.08243454e-02  1.95921332e-01
   6.58673942e-02 -8.57116282e-02  6.92480803e-02  5.60544766e-02
   9.70466435e-02 -6.46128505e-02 -8.07579607e-02  6.06816448e-02
  -3.84825803e-02 -7.42410794e-02 -1.28485216e-02 -7.64735229e-03
  -6.61749542e-02 -3.45714912e-02 -2.99652368e-02  6.77473247e-02
  -5.12781553e-02  6.45381808e-02  3.49907726e-02  7.05486955e-03
   2.15029806e-01  3.12402230e-02  9.30089280e-02  1.42533137e-02
   3.72049659e-02  6.78131878e-02 -3.67762931e-02 -7.03363586e-03
   9.91850868e-02 -7.94251636e-02  8.13373085e-03 -7.95850828e-02
   1.95225012e-02  9.93207172e-02  1.58143491e-01  6.62736893e-02]
 [ 1.10113665e-01 -2.99145877e-02 -1.57916043e-02 -1.54090285e-01
  -3.52223814e-02  1.58440713e-02 -7.13327974e-02 -6.71058595e-02
  -1.00555092e-01 -1.58654731e-02 -9.30424407e-02  1.27531979e-02
  -6.61373809e-02  1.36100158e-01 -5.55930175e-02  2.43901134e-01
  -8.30282047e-02  4.89095636e-02 -3.54230478e-02  1.36059612e-01
  -1.30236968e-02  1.15392402e-01 -1.65467799e-01  6.75269812e-02
   1.09960683e-01 -5.86335771e-02  6.20085821e-02  6.91219196e-02
   1.63123071e-01 -6.19889721e-02 -4.92712297e-02  8.15137383e-03
   8.83367360e-02 -2.71708965e-02 -3.78407091e-02  3.07221152e-02
   1.01315863e-01 -7.10849613e-02  1.59613699e-01 -3.53031456e-02
   2.69421525e-02 -4.83195186e-02 -9.99855846e-02 -1.16912220e-02
  -5.88663854e-02 -9.07211900e-02  9.76200178e-02 -7.61833191e-02
  -5.82274757e-02  1.00437207e-02 -8.93096626e-02  7.15362281e-02
   1.03693552e-01 -4.52228263e-02  5.95391728e-02 -9.48772021e-03
  -3.45122442e-02  1.68599316e-03  1.36300936e-01 -6.81608841e-02
   9.49104056e-02 -2.82741170e-02  2.01533258e-01 -6.01441078e-02
   2.11977869e-01  1.76508754e-01  6.48951009e-02  1.95963636e-01
  -8.53799507e-02  5.12555987e-02 -6.42840639e-02  8.51930678e-02
   6.48802221e-02  1.07424840e-01  5.02554663e-02 -7.54971653e-02
  -5.26541285e-02 -3.52589712e-02  6.81687519e-02 -8.19827393e-02
  -3.68771814e-02  1.45118207e-01 -7.90764168e-02 -4.64621037e-02
  -1.69938139e-03 -6.55699521e-02 -3.22859138e-02 -2.88589876e-02
  -2.45766807e-03  1.60830334e-01  8.10779780e-02  5.12468405e-02
  -4.41712402e-02 -1.89916156e-02  1.98490515e-01 -5.80019653e-02
  -7.89588541e-02 -6.50323853e-02 -7.02450201e-02  6.88178018e-02
   3.26630399e-02  1.13093458e-01 -5.28053828e-02  9.25402120e-02
  -8.51726234e-02  1.43683806e-01 -6.51453957e-02  1.45389095e-01
   9.34431329e-02  1.07221767e-01 -7.67247528e-02 -5.55048138e-02
   1.31798580e-01 -6.79464862e-02  1.10710852e-01 -2.29349323e-02
  -4.46129739e-02 -2.05834750e-02 -3.88791524e-02  1.81124419e-01
  -1.71608515e-02 -1.03939027e-02 -2.07609497e-02 -6.39433712e-02
   5.39320335e-02 -1.73299108e-02 -6.02443665e-02 -5.83559945e-02]]
[[ 4.33492381e-03 -7.73706809e-02 -1.00533709e-01 -1.38828114e-01
  -1.31016495e-02  3.74974571e-02 -4.87844571e-02  2.44374238e-02
   1.16742998e-01 -3.41836736e-02  7.45186553e-05 -6.98902979e-02
   6.53939694e-02  6.15484342e-02 -8.23385641e-02 -6.60828948e-02
   7.19398335e-02  8.33996087e-02  2.30637230e-02 -6.37251465e-03
   2.27315173e-01  1.57546982e-01  1.23515697e-02  1.46500960e-01
   6.17783964e-02 -3.55170108e-02  1.35749027e-01 -4.13880609e-02
   7.91341737e-02 -6.04984090e-02 -6.06837794e-02  1.04298621e-01
   4.46372814e-02 -2.40383316e-02  3.00807338e-02  2.07800660e-02
   1.18619688e-01 -5.04772961e-02  2.61990190e-01 -6.44288585e-02
  -8.22968781e-02 -1.21869706e-02 -7.06367940e-02  6.78363144e-02
   5.70316575e-02 -4.76488099e-02  7.26732016e-02 -2.62520611e-02
  -1.76713914e-02 -7.44089438e-03 -1.13700323e-01  6.31860495e-02
   1.91656426e-01 -2.25590784e-02  1.07277222e-01  1.41275704e-01
  -2.74962224e-02 -4.19705026e-02  9.97487009e-02 -8.47097784e-02
   8.53147507e-02  9.64954942e-02  2.07206532e-01 -9.71494764e-02
  -1.23296734e-02  1.88219920e-01  1.85313653e-02 -3.70065942e-02
  -4.61448692e-02  2.40782082e-01 -2.67035104e-02 -7.81295225e-02
   1.95445344e-02 -8.46994445e-02  6.21130690e-02 -5.93664907e-02
   1.46128878e-01 -4.08895090e-02  4.46939096e-02 -1.09702021e-01
   1.04628593e-01 -6.17657527e-02 -8.87459219e-02  4.38669957e-02
  -2.80102454e-02 -1.30077541e-01  7.54048154e-02  1.10981077e-01
   5.39060831e-02 -7.08090141e-02 -8.08243454e-02  1.95921332e-01
   6.58673942e-02 -8.57116282e-02  6.92480803e-02  5.60544766e-02
   9.70466435e-02 -6.46128505e-02 -8.07579607e-02  6.06816448e-02
  -3.84825803e-02 -7.42410794e-02 -1.28485216e-02 -7.64735229e-03
  -6.61749542e-02 -3.45714912e-02 -2.99652368e-02  6.77473247e-02
  -5.12781553e-02  6.45381808e-02  3.49907726e-02  7.05486955e-03
   2.15029806e-01  3.12402230e-02  9.30089280e-02  1.42533137e-02
   3.72049659e-02  6.78131878e-02 -3.67762931e-02 -7.03363586e-03
   9.91850868e-02 -7.94251636e-02  8.13373085e-03 -7.95850828e-02
   1.95225012e-02  9.93207172e-02  1.58143491e-01  6.62736893e-02]
 [ 1.10113665e-01 -2.99145877e-02 -1.57916043e-02 -1.54090285e-01
  -3.52223814e-02  1.58440713e-02 -7.13327974e-02 -6.71058595e-02
  -1.00555092e-01 -1.58654731e-02 -9.30424407e-02  1.27531979e-02
  -6.61373809e-02  1.36100158e-01 -5.55930175e-02  2.43901134e-01
  -8.30282047e-02  4.89095636e-02 -3.54230478e-02  1.36059612e-01
  -1.30236968e-02  1.15392402e-01 -1.65467799e-01  6.75269812e-02
   1.09960683e-01 -5.86335771e-02  6.20085821e-02  6.91219196e-02
   1.63123071e-01 -6.19889721e-02 -4.92712297e-02  8.15137383e-03
   8.83367360e-02 -2.71708965e-02 -3.78407091e-02  3.07221152e-02
   1.01315863e-01 -7.10849613e-02  1.59613699e-01 -3.53031456e-02
   2.69421525e-02 -4.83195186e-02 -9.99855846e-02 -1.16912220e-02
  -5.88663854e-02 -9.07211900e-02  9.76200178e-02 -7.61833191e-02
  -5.82274757e-02  1.00437207e-02 -8.93096626e-02  7.15362281e-02
   1.03693552e-01 -4.52228263e-02  5.95391728e-02 -9.48772021e-03
  -3.45122442e-02  1.68599316e-03  1.36300936e-01 -6.81608841e-02
   9.49104056e-02 -2.82741170e-02  2.01533258e-01 -6.01441078e-02
   2.11977869e-01  1.76508754e-01  6.48951009e-02  1.95963636e-01
  -8.53799507e-02  5.12555987e-02 -6.42840639e-02  8.51930678e-02
   6.48802221e-02  1.07424840e-01  5.02554663e-02 -7.54971653e-02
  -5.26541285e-02 -3.52589712e-02  6.81687519e-02 -8.19827393e-02
  -3.68771814e-02  1.45118207e-01 -7.90764168e-02 -4.64621037e-02
  -1.69938139e-03 -6.55699521e-02 -3.22859138e-02 -2.88589876e-02
  -2.45766807e-03  1.60830334e-01  8.10779780e-02  5.12468405e-02
  -4.41712402e-02 -1.89916156e-02  1.98490515e-01 -5.80019653e-02
  -7.89588541e-02 -6.50323853e-02 -7.02450201e-02  6.88178018e-02
   3.26630399e-02  1.13093458e-01 -5.28053828e-02  9.25402120e-02
  -8.51726234e-02  1.43683806e-01 -6.51453957e-02  1.45389095e-01
   9.34431329e-02  1.07221767e-01 -7.67247528e-02 -5.55048138e-02
   1.31798580e-01 -6.79464862e-02  1.10710852e-01 -2.29349323e-02
  -4.46129739e-02 -2.05834750e-02 -3.88791524e-02  1.81124419e-01
  -1.71608515e-02 -1.03939027e-02 -2.07609497e-02 -6.39433712e-02
   5.39320335e-02 -1.73299108e-02 -6.02443665e-02 -5.83559945e-02]]
[[ 4.33492381e-03 -7.73706809e-02 -1.00533709e-01 -1.38828114e-01
  -1.31016495e-02  3.74974571e-02 -4.87844571e-02  2.44374238e-02
   1.16742998e-01 -3.41836736e-02  7.45186553e-05 -6.98902979e-02
   6.53939694e-02  6.15484342e-02 -8.23385641e-02 -6.60828948e-02
   7.19398335e-02  8.33996087e-02  2.30637230e-02 -6.37251465e-03
   2.27315173e-01  1.57546982e-01  1.23515697e-02  1.46500960e-01
   6.17783964e-02 -3.55170108e-02  1.35749027e-01 -4.13880609e-02
   7.91341737e-02 -6.04984090e-02 -6.06837794e-02  1.04298621e-01
   4.46372814e-02 -2.40383316e-02  3.00807338e-02  2.07800660e-02
   1.18619688e-01 -5.04772961e-02  2.61990190e-01 -6.44288585e-02
  -8.22968781e-02 -1.21869706e-02 -7.06367940e-02  6.78363144e-02
   5.70316575e-02 -4.76488099e-02  7.26732016e-02 -2.62520611e-02
  -1.76713914e-02 -7.44089438e-03 -1.13700323e-01  6.31860495e-02
   1.91656426e-01 -2.25590784e-02  1.07277222e-01  1.41275704e-01
  -2.74962224e-02 -4.19705026e-02  9.97487009e-02 -8.47097784e-02
   8.53147507e-02  9.64954942e-02  2.07206532e-01 -9.71494764e-02
  -1.23296734e-02  1.88219920e-01  1.85313653e-02 -3.70065942e-02
  -4.61448692e-02  2.40782082e-01 -2.67035104e-02 -7.81295225e-02
   1.95445344e-02 -8.46994445e-02  6.21130690e-02 -5.93664907e-02
   1.46128878e-01 -4.08895090e-02  4.46939096e-02 -1.09702021e-01
   1.04628593e-01 -6.17657527e-02 -8.87459219e-02  4.38669957e-02
  -2.80102454e-02 -1.30077541e-01  7.54048154e-02  1.10981077e-01
   5.39060831e-02 -7.08090141e-02 -8.08243454e-02  1.95921332e-01
   6.58673942e-02 -8.57116282e-02  6.92480803e-02  5.60544766e-02
   9.70466435e-02 -6.46128505e-02 -8.07579607e-02  6.06816448e-02
  -3.84825803e-02 -7.42410794e-02 -1.28485216e-02 -7.64735229e-03
  -6.61749542e-02 -3.45714912e-02 -2.99652368e-02  6.77473247e-02
  -5.12781553e-02  6.45381808e-02  3.49907726e-02  7.05486955e-03
   2.15029806e-01  3.12402230e-02  9.30089280e-02  1.42533137e-02
   3.72049659e-02  6.78131878e-02 -3.67762931e-02 -7.03363586e-03
   9.91850868e-02 -7.94251636e-02  8.13373085e-03 -7.95850828e-02
   1.95225012e-02  9.93207172e-02  1.58143491e-01  6.62736893e-02]
 [ 1.10113665e-01 -2.99145877e-02 -1.57916043e-02 -1.54090285e-01
  -3.52223814e-02  1.58440713e-02 -7.13327974e-02 -6.71058595e-02
  -1.00555092e-01 -1.58654731e-02 -9.30424407e-02  1.27531979e-02
  -6.61373809e-02  1.36100158e-01 -5.55930175e-02  2.43901134e-01
  -8.30282047e-02  4.89095636e-02 -3.54230478e-02  1.36059612e-01
  -1.30236968e-02  1.15392402e-01 -1.65467799e-01  6.75269812e-02
   1.09960683e-01 -5.86335771e-02  6.20085821e-02  6.91219196e-02
   1.63123071e-01 -6.19889721e-02 -4.92712297e-02  8.15137383e-03
   8.83367360e-02 -2.71708965e-02 -3.78407091e-02  3.07221152e-02
   1.01315863e-01 -7.10849613e-02  1.59613699e-01 -3.53031456e-02
   2.69421525e-02 -4.83195186e-02 -9.99855846e-02 -1.16912220e-02
  -5.88663854e-02 -9.07211900e-02  9.76200178e-02 -7.61833191e-02
  -5.82274757e-02  1.00437207e-02 -8.93096626e-02  7.15362281e-02
   1.03693552e-01 -4.52228263e-02  5.95391728e-02 -9.48772021e-03
  -3.45122442e-02  1.68599316e-03  1.36300936e-01 -6.81608841e-02
   9.49104056e-02 -2.82741170e-02  2.01533258e-01 -6.01441078e-02
   2.11977869e-01  1.76508754e-01  6.48951009e-02  1.95963636e-01
  -8.53799507e-02  5.12555987e-02 -6.42840639e-02  8.51930678e-02
   6.48802221e-02  1.07424840e-01  5.02554663e-02 -7.54971653e-02
  -5.26541285e-02 -3.52589712e-02  6.81687519e-02 -8.19827393e-02
  -3.68771814e-02  1.45118207e-01 -7.90764168e-02 -4.64621037e-02
  -1.69938139e-03 -6.55699521e-02 -3.22859138e-02 -2.88589876e-02
  -2.45766807e-03  1.60830334e-01  8.10779780e-02  5.12468405e-02
  -4.41712402e-02 -1.89916156e-02  1.98490515e-01 -5.80019653e-02
  -7.89588541e-02 -6.50323853e-02 -7.02450201e-02  6.88178018e-02
   3.26630399e-02  1.13093458e-01 -5.28053828e-02  9.25402120e-02
  -8.51726234e-02  1.43683806e-01 -6.51453957e-02  1.45389095e-01
   9.34431329e-02  1.07221767e-01 -7.67247528e-02 -5.55048138e-02
   1.31798580e-01 -6.79464862e-02  1.10710852e-01 -2.29349323e-02
  -4.46129739e-02 -2.05834750e-02 -3.88791524e-02  1.81124419e-01
  -1.71608515e-02 -1.03939027e-02 -2.07609497e-02 -6.39433712e-02
   5.39320335e-02 -1.73299108e-02 -6.02443665e-02 -5.83559945e-02]]
[[ 4.33492381e-03 -7.73706809e-02 -1.00533709e-01 -1.38828114e-01
  -1.31016495e-02  3.74974571e-02 -4.87844571e-02  2.44374238e-02
   1.16742998e-01 -3.41836736e-02  7.45186553e-05 -6.98902979e-02
   6.53939694e-02  6.15484342e-02 -8.23385641e-02 -6.60828948e-02
   7.19398335e-02  8.33996087e-02  2.30637230e-02 -6.37251465e-03
   2.27315173e-01  1.57546982e-01  1.23515697e-02  1.46500960e-01
   6.17783964e-02 -3.55170108e-02  1.35749027e-01 -4.13880609e-02
   7.91341737e-02 -6.04984090e-02 -6.06837794e-02  1.04298621e-01
   4.46372814e-02 -2.40383316e-02  3.00807338e-02  2.07800660e-02
   1.18619688e-01 -5.04772961e-02  2.61990190e-01 -6.44288585e-02
  -8.22968781e-02 -1.21869706e-02 -7.06367940e-02  6.78363144e-02
   5.70316575e-02 -4.76488099e-02  7.26732016e-02 -2.62520611e-02
  -1.76713914e-02 -7.44089438e-03 -1.13700323e-01  6.31860495e-02
   1.91656426e-01 -2.25590784e-02  1.07277222e-01  1.41275704e-01
  -2.74962224e-02 -4.19705026e-02  9.97487009e-02 -8.47097784e-02
   8.53147507e-02  9.64954942e-02  2.07206532e-01 -9.71494764e-02
  -1.23296734e-02  1.88219920e-01  1.85313653e-02 -3.70065942e-02
  -4.61448692e-02  2.40782082e-01 -2.67035104e-02 -7.81295225e-02
   1.95445344e-02 -8.46994445e-02  6.21130690e-02 -5.93664907e-02
   1.46128878e-01 -4.08895090e-02  4.46939096e-02 -1.09702021e-01
   1.04628593e-01 -6.17657527e-02 -8.87459219e-02  4.38669957e-02
  -2.80102454e-02 -1.30077541e-01  7.54048154e-02  1.10981077e-01
   5.39060831e-02 -7.08090141e-02 -8.08243454e-02  1.95921332e-01
   6.58673942e-02 -8.57116282e-02  6.92480803e-02  5.60544766e-02
   9.70466435e-02 -6.46128505e-02 -8.07579607e-02  6.06816448e-02
  -3.84825803e-02 -7.42410794e-02 -1.28485216e-02 -7.64735229e-03
  -6.61749542e-02 -3.45714912e-02 -2.99652368e-02  6.77473247e-02
  -5.12781553e-02  6.45381808e-02  3.49907726e-02  7.05486955e-03
   2.15029806e-01  3.12402230e-02  9.30089280e-02  1.42533137e-02
   3.72049659e-02  6.78131878e-02 -3.67762931e-02 -7.03363586e-03
   9.91850868e-02 -7.94251636e-02  8.13373085e-03 -7.95850828e-02
   1.95225012e-02  9.93207172e-02  1.58143491e-01  6.62736893e-02]
 [ 1.10113665e-01 -2.99145877e-02 -1.57916043e-02 -1.54090285e-01
  -3.52223814e-02  1.58440713e-02 -7.13327974e-02 -6.71058595e-02
  -1.00555092e-01 -1.58654731e-02 -9.30424407e-02  1.27531979e-02
  -6.61373809e-02  1.36100158e-01 -5.55930175e-02  2.43901134e-01
  -8.30282047e-02  4.89095636e-02 -3.54230478e-02  1.36059612e-01
  -1.30236968e-02  1.15392402e-01 -1.65467799e-01  6.75269812e-02
   1.09960683e-01 -5.86335771e-02  6.20085821e-02  6.91219196e-02
   1.63123071e-01 -6.19889721e-02 -4.92712297e-02  8.15137383e-03
   8.83367360e-02 -2.71708965e-02 -3.78407091e-02  3.07221152e-02
   1.01315863e-01 -7.10849613e-02  1.59613699e-01 -3.53031456e-02
   2.69421525e-02 -4.83195186e-02 -9.99855846e-02 -1.16912220e-02
  -5.88663854e-02 -9.07211900e-02  9.76200178e-02 -7.61833191e-02
  -5.82274757e-02  1.00437207e-02 -8.93096626e-02  7.15362281e-02
   1.03693552e-01 -4.52228263e-02  5.95391728e-02 -9.48772021e-03
  -3.45122442e-02  1.68599316e-03  1.36300936e-01 -6.81608841e-02
   9.49104056e-02 -2.82741170e-02  2.01533258e-01 -6.01441078e-02
   2.11977869e-01  1.76508754e-01  6.48951009e-02  1.95963636e-01
  -8.53799507e-02  5.12555987e-02 -6.42840639e-02  8.51930678e-02
   6.48802221e-02  1.07424840e-01  5.02554663e-02 -7.54971653e-02
  -5.26541285e-02 -3.52589712e-02  6.81687519e-02 -8.19827393e-02
  -3.68771814e-02  1.45118207e-01 -7.90764168e-02 -4.64621037e-02
  -1.69938139e-03 -6.55699521e-02 -3.22859138e-02 -2.88589876e-02
  -2.45766807e-03  1.60830334e-01  8.10779780e-02  5.12468405e-02
  -4.41712402e-02 -1.89916156e-02  1.98490515e-01 -5.80019653e-02
  -7.89588541e-02 -6.50323853e-02 -7.02450201e-02  6.88178018e-02
   3.26630399e-02  1.13093458e-01 -5.28053828e-02  9.25402120e-02
  -8.51726234e-02  1.43683806e-01 -6.51453957e-02  1.45389095e-01
   9.34431329e-02  1.07221767e-01 -7.67247528e-02 -5.55048138e-02
   1.31798580e-01 -6.79464862e-02  1.10710852e-01 -2.29349323e-02
  -4.46129739e-02 -2.05834750e-02 -3.88791524e-02  1.81124419e-01
  -1.71608515e-02 -1.03939027e-02 -2.07609497e-02 -6.39433712e-02
   5.39320335e-02 -1.73299108e-02 -6.02443665e-02 -5.83559945e-02]]
