[[ 8.03205464e-03 -3.69562171e-02 -3.73079441e-02 -1.75955430e-01
   1.22918105e-02  4.97213332e-03 -8.00309330e-02 -5.94092272e-02
  -9.34271067e-02 -3.51024754e-02 -8.82602707e-02 -4.08070348e-02
  -6.40537888e-02  1.56092644e-01 -7.09393993e-02  2.05799177e-01
  -5.54721504e-02  7.78041333e-02 -5.41247278e-02  9.34526250e-02
   1.20191827e-01  1.29561663e-01 -1.19366653e-01  1.17958605e-01
   1.61512151e-01 -5.20077795e-02  1.08228259e-01 -9.28972382e-03
   1.28808588e-01 -4.81746979e-02 -3.68794128e-02  2.54569668e-02
   1.07750483e-01 -4.41829823e-02 -4.48071286e-02  2.92898025e-02
   1.28954872e-01 -7.20226765e-02  2.38859013e-01 -3.82408015e-02
  -7.52990134e-03 -6.02854006e-02 -9.74794254e-02 -4.13174683e-04
  -5.04142344e-02 -9.62932855e-02  9.35822129e-02 -8.84394422e-02
  -4.66537178e-02  6.03097789e-02 -9.66299698e-02  3.54007520e-02
   1.81210816e-01 -3.74640301e-02  5.22947498e-02  4.09403294e-02
  -3.34139317e-02  9.27929301e-03  1.04749978e-01 -8.18343461e-02
   7.42646083e-02 -7.57507235e-03  2.46305540e-01 -5.02279364e-02
   1.61787882e-01  1.84584066e-01  3.96687947e-02  1.71411797e-01
  -8.51906538e-02  9.38966721e-02 -6.65818751e-02  5.31897396e-02
   2.26612408e-02  8.25216062e-03  5.08381724e-02 -9.59195942e-02
  -2.02379581e-02 -3.22889201e-02  4.81242351e-02 -8.92813504e-02
   4.16490957e-02  1.19807385e-01 -8.20374191e-02 -2.04249844e-02
  -1.70428108e-03 -9.92124677e-02 -2.60335207e-02 -4.07587960e-02
   3.08386553e-02  1.15420453e-01  4.88076806e-02  1.17378883e-01
  -3.66180763e-02 -4.50665876e-02  2.12554485e-01 -3.86278071e-02
  -8.39306936e-02 -7.00975507e-02 -8.20105076e-02  7.62650520e-02
  -9.95028997e-04  3.32240537e-02 -5.71992956e-02  8.38688463e-02
  -8.48983750e-02  2.68210750e-02 -7.38974884e-02  1.64125890e-01
   7.46161342e-02  1.02096692e-01 -6.79230317e-02 -6.97482228e-02
   1.37901410e-01 -6.28377721e-02  1.07994571e-01  2.47105490e-04
  -6.39258698e-02  1.90527737e-02 -6.06161207e-02  1.51571140e-01
   5.71737885e-02 -4.37478945e-02  5.91589464e-03 -7.26378188e-02
   5.25774136e-02 -1.99470706e-02 -4.89503592e-02 -8.69965646e-03]
 [-4.15481478e-02 -8.03357810e-02 -1.00213200e-01 -1.20518804e-01
  -5.44481613e-02  3.92028876e-02 -4.49980050e-02  4.23356071e-02
   6.68981671e-02 -3.59144919e-02  2.67840680e-02 -6.47703111e-02
   4.22460660e-02  7.31735453e-02 -9.31356549e-02 -3.92451249e-02
   5.41059263e-02  8.47901180e-02  4.26521152e-02  2.83805169e-02
   2.14784980e-01  9.12947804e-02 -4.14517429e-03  7.91103840e-02
   1.13123238e-01 -4.41023298e-02  2.06439048e-01 -5.21259233e-02
   4.00768891e-02 -5.27304150e-02 -6.64759949e-02  8.63264799e-02
   5.34174368e-02 -6.86197951e-02 -5.16688311e-03  2.66319234e-02
   8.25740322e-02 -5.97757399e-02  3.23701024e-01 -5.40949963e-02
  -7.74413422e-02 -1.47619164e-02 -6.06054440e-02  3.57041098e-02
   7.05527142e-02 -8.18139091e-02  5.33886626e-02 -6.37358651e-02
   7.63111282e-04  1.53880306e-02 -9.36023220e-02  1.21192023e-01
   1.85684785e-01 -3.10299490e-02  8.44087228e-02  1.59275725e-01
  -3.39209437e-02 -5.90119809e-02  7.23589361e-02 -7.75781795e-02
   8.76768604e-02  9.37573537e-02  1.89106137e-01 -8.51946250e-02
  -3.04713789e-02  1.88234136e-01 -6.89211721e-03 -2.75250990e-02
  -6.72259703e-02  2.15660870e-01 -4.50462895e-03 -6.58722669e-02
  -1.27914210e-03 -6.95933178e-02  9.75623280e-02 -6.87821060e-02
   1.25896677e-01 -1.35783600e-02 -2.60705216e-04 -1.02707505e-01
   9.27414745e-02 -8.33582357e-02 -8.64476562e-02  1.18967153e-01
  -4.45924327e-03 -1.44669086e-01  1.14364646e-01  8.26711953e-02
   3.63844894e-02 -3.50037478e-02 -5.30091785e-02  1.72263056e-01
   7.19918683e-02 -8.26698393e-02  5.95107041e-02  4.33623753e-02
   1.06614918e-01 -6.43538833e-02 -5.83166108e-02  4.98621613e-02
  -3.14476267e-02 -7.70125762e-02 -4.78438325e-02 -6.19010851e-02
  -7.44865909e-02 -4.65881303e-02 -4.91397157e-02  6.97765946e-02
  -4.66678403e-02  7.22485110e-02  6.53112009e-02  3.19083594e-02
   1.44584164e-01  7.24856034e-02  4.61641550e-02  5.57119586e-02
  -3.22849420e-03  1.42245144e-01 -4.30065207e-02  2.04012487e-02
   1.43702641e-01 -8.22218657e-02  2.83262171e-02 -8.18780065e-02
   2.52362359e-02  1.05964713e-01  1.58340737e-01  3.62348892e-02]]
[[ 8.03205464e-03 -3.69562171e-02 -3.73079441e-02 -1.75955430e-01
   1.22918105e-02  4.97213332e-03 -8.00309330e-02 -5.94092272e-02
  -9.34271067e-02 -3.51024754e-02 -8.82602707e-02 -4.08070348e-02
  -6.40537888e-02  1.56092644e-01 -7.09393993e-02  2.05799177e-01
  -5.54721504e-02  7.78041333e-02 -5.41247278e-02  9.34526250e-02
   1.20191827e-01  1.29561663e-01 -1.19366653e-01  1.17958605e-01
   1.61512151e-01 -5.20077795e-02  1.08228259e-01 -9.28972382e-03
   1.28808588e-01 -4.81746979e-02 -3.68794128e-02  2.54569668e-02
   1.07750483e-01 -4.41829823e-02 -4.48071286e-02  2.92898025e-02
   1.28954872e-01 -7.20226765e-02  2.38859013e-01 -3.82408015e-02
  -7.52990134e-03 -6.02854006e-02 -9.74794254e-02 -4.13174683e-04
  -5.04142344e-02 -9.62932855e-02  9.35822129e-02 -8.84394422e-02
  -4.66537178e-02  6.03097789e-02 -9.66299698e-02  3.54007520e-02
   1.81210816e-01 -3.74640301e-02  5.22947498e-02  4.09403294e-02
  -3.34139317e-02  9.27929301e-03  1.04749978e-01 -8.18343461e-02
   7.42646083e-02 -7.57507235e-03  2.46305540e-01 -5.02279364e-02
   1.61787882e-01  1.84584066e-01  3.96687947e-02  1.71411797e-01
  -8.51906538e-02  9.38966721e-02 -6.65818751e-02  5.31897396e-02
   2.26612408e-02  8.25216062e-03  5.08381724e-02 -9.59195942e-02
  -2.02379581e-02 -3.22889201e-02  4.81242351e-02 -8.92813504e-02
   4.16490957e-02  1.19807385e-01 -8.20374191e-02 -2.04249844e-02
  -1.70428108e-03 -9.92124677e-02 -2.60335207e-02 -4.07587960e-02
   3.08386553e-02  1.15420453e-01  4.88076806e-02  1.17378883e-01
  -3.66180763e-02 -4.50665876e-02  2.12554485e-01 -3.86278071e-02
  -8.39306936e-02 -7.00975507e-02 -8.20105076e-02  7.62650520e-02
  -9.95028997e-04  3.32240537e-02 -5.71992956e-02  8.38688463e-02
  -8.48983750e-02  2.68210750e-02 -7.38974884e-02  1.64125890e-01
   7.46161342e-02  1.02096692e-01 -6.79230317e-02 -6.97482228e-02
   1.37901410e-01 -6.28377721e-02  1.07994571e-01  2.47105490e-04
  -6.39258698e-02  1.90527737e-02 -6.06161207e-02  1.51571140e-01
   5.71737885e-02 -4.37478945e-02  5.91589464e-03 -7.26378188e-02
   5.25774136e-02 -1.99470706e-02 -4.89503592e-02 -8.69965646e-03]
 [-4.15481478e-02 -8.03357810e-02 -1.00213200e-01 -1.20518804e-01
  -5.44481613e-02  3.92028876e-02 -4.49980050e-02  4.23356071e-02
   6.68981671e-02 -3.59144919e-02  2.67840680e-02 -6.47703111e-02
   4.22460660e-02  7.31735453e-02 -9.31356549e-02 -3.92451249e-02
   5.41059263e-02  8.47901180e-02  4.26521152e-02  2.83805169e-02
   2.14784980e-01  9.12947804e-02 -4.14517429e-03  7.91103840e-02
   1.13123238e-01 -4.41023298e-02  2.06439048e-01 -5.21259233e-02
   4.00768891e-02 -5.27304150e-02 -6.64759949e-02  8.63264799e-02
   5.34174368e-02 -6.86197951e-02 -5.16688311e-03  2.66319234e-02
   8.25740322e-02 -5.97757399e-02  3.23701024e-01 -5.40949963e-02
  -7.74413422e-02 -1.47619164e-02 -6.06054440e-02  3.57041098e-02
   7.05527142e-02 -8.18139091e-02  5.33886626e-02 -6.37358651e-02
   7.63111282e-04  1.53880306e-02 -9.36023220e-02  1.21192023e-01
   1.85684785e-01 -3.10299490e-02  8.44087228e-02  1.59275725e-01
  -3.39209437e-02 -5.90119809e-02  7.23589361e-02 -7.75781795e-02
   8.76768604e-02  9.37573537e-02  1.89106137e-01 -8.51946250e-02
  -3.04713789e-02  1.88234136e-01 -6.89211721e-03 -2.75250990e-02
  -6.72259703e-02  2.15660870e-01 -4.50462895e-03 -6.58722669e-02
  -1.27914210e-03 -6.95933178e-02  9.75623280e-02 -6.87821060e-02
   1.25896677e-01 -1.35783600e-02 -2.60705216e-04 -1.02707505e-01
   9.27414745e-02 -8.33582357e-02 -8.64476562e-02  1.18967153e-01
  -4.45924327e-03 -1.44669086e-01  1.14364646e-01  8.26711953e-02
   3.63844894e-02 -3.50037478e-02 -5.30091785e-02  1.72263056e-01
   7.19918683e-02 -8.26698393e-02  5.95107041e-02  4.33623753e-02
   1.06614918e-01 -6.43538833e-02 -5.83166108e-02  4.98621613e-02
  -3.14476267e-02 -7.70125762e-02 -4.78438325e-02 -6.19010851e-02
  -7.44865909e-02 -4.65881303e-02 -4.91397157e-02  6.97765946e-02
  -4.66678403e-02  7.22485110e-02  6.53112009e-02  3.19083594e-02
   1.44584164e-01  7.24856034e-02  4.61641550e-02  5.57119586e-02
  -3.22849420e-03  1.42245144e-01 -4.30065207e-02  2.04012487e-02
   1.43702641e-01 -8.22218657e-02  2.83262171e-02 -8.18780065e-02
   2.52362359e-02  1.05964713e-01  1.58340737e-01  3.62348892e-02]]
[[ 8.03205464e-03 -3.69562171e-02 -3.73079441e-02 -1.75955430e-01
   1.22918105e-02  4.97213332e-03 -8.00309330e-02 -5.94092272e-02
  -9.34271067e-02 -3.51024754e-02 -8.82602707e-02 -4.08070348e-02
  -6.40537888e-02  1.56092644e-01 -7.09393993e-02  2.05799177e-01
  -5.54721504e-02  7.78041333e-02 -5.41247278e-02  9.34526250e-02
   1.20191827e-01  1.29561663e-01 -1.19366653e-01  1.17958605e-01
   1.61512151e-01 -5.20077795e-02  1.08228259e-01 -9.28972382e-03
   1.28808588e-01 -4.81746979e-02 -3.68794128e-02  2.54569668e-02
   1.07750483e-01 -4.41829823e-02 -4.48071286e-02  2.92898025e-02
   1.28954872e-01 -7.20226765e-02  2.38859013e-01 -3.82408015e-02
  -7.52990134e-03 -6.02854006e-02 -9.74794254e-02 -4.13174683e-04
  -5.04142344e-02 -9.62932855e-02  9.35822129e-02 -8.84394422e-02
  -4.66537178e-02  6.03097789e-02 -9.66299698e-02  3.54007520e-02
   1.81210816e-01 -3.74640301e-02  5.22947498e-02  4.09403294e-02
  -3.34139317e-02  9.27929301e-03  1.04749978e-01 -8.18343461e-02
   7.42646083e-02 -7.57507235e-03  2.46305540e-01 -5.02279364e-02
   1.61787882e-01  1.84584066e-01  3.96687947e-02  1.71411797e-01
  -8.51906538e-02  9.38966721e-02 -6.65818751e-02  5.31897396e-02
   2.26612408e-02  8.25216062e-03  5.08381724e-02 -9.59195942e-02
  -2.02379581e-02 -3.22889201e-02  4.81242351e-02 -8.92813504e-02
   4.16490957e-02  1.19807385e-01 -8.20374191e-02 -2.04249844e-02
  -1.70428108e-03 -9.92124677e-02 -2.60335207e-02 -4.07587960e-02
   3.08386553e-02  1.15420453e-01  4.88076806e-02  1.17378883e-01
  -3.66180763e-02 -4.50665876e-02  2.12554485e-01 -3.86278071e-02
  -8.39306936e-02 -7.00975507e-02 -8.20105076e-02  7.62650520e-02
  -9.95028997e-04  3.32240537e-02 -5.71992956e-02  8.38688463e-02
  -8.48983750e-02  2.68210750e-02 -7.38974884e-02  1.64125890e-01
   7.46161342e-02  1.02096692e-01 -6.79230317e-02 -6.97482228e-02
   1.37901410e-01 -6.28377721e-02  1.07994571e-01  2.47105490e-04
  -6.39258698e-02  1.90527737e-02 -6.06161207e-02  1.51571140e-01
   5.71737885e-02 -4.37478945e-02  5.91589464e-03 -7.26378188e-02
   5.25774136e-02 -1.99470706e-02 -4.89503592e-02 -8.69965646e-03]
 [-4.15481478e-02 -8.03357810e-02 -1.00213200e-01 -1.20518804e-01
  -5.44481613e-02  3.92028876e-02 -4.49980050e-02  4.23356071e-02
   6.68981671e-02 -3.59144919e-02  2.67840680e-02 -6.47703111e-02
   4.22460660e-02  7.31735453e-02 -9.31356549e-02 -3.92451249e-02
   5.41059263e-02  8.47901180e-02  4.26521152e-02  2.83805169e-02
   2.14784980e-01  9.12947804e-02 -4.14517429e-03  7.91103840e-02
   1.13123238e-01 -4.41023298e-02  2.06439048e-01 -5.21259233e-02
   4.00768891e-02 -5.27304150e-02 -6.64759949e-02  8.63264799e-02
   5.34174368e-02 -6.86197951e-02 -5.16688311e-03  2.66319234e-02
   8.25740322e-02 -5.97757399e-02  3.23701024e-01 -5.40949963e-02
  -7.74413422e-02 -1.47619164e-02 -6.06054440e-02  3.57041098e-02
   7.05527142e-02 -8.18139091e-02  5.33886626e-02 -6.37358651e-02
   7.63111282e-04  1.53880306e-02 -9.36023220e-02  1.21192023e-01
   1.85684785e-01 -3.10299490e-02  8.44087228e-02  1.59275725e-01
  -3.39209437e-02 -5.90119809e-02  7.23589361e-02 -7.75781795e-02
   8.76768604e-02  9.37573537e-02  1.89106137e-01 -8.51946250e-02
  -3.04713789e-02  1.88234136e-01 -6.89211721e-03 -2.75250990e-02
  -6.72259703e-02  2.15660870e-01 -4.50462895e-03 -6.58722669e-02
  -1.27914210e-03 -6.95933178e-02  9.75623280e-02 -6.87821060e-02
   1.25896677e-01 -1.35783600e-02 -2.60705216e-04 -1.02707505e-01
   9.27414745e-02 -8.33582357e-02 -8.64476562e-02  1.18967153e-01
  -4.45924327e-03 -1.44669086e-01  1.14364646e-01  8.26711953e-02
   3.63844894e-02 -3.50037478e-02 -5.30091785e-02  1.72263056e-01
   7.19918683e-02 -8.26698393e-02  5.95107041e-02  4.33623753e-02
   1.06614918e-01 -6.43538833e-02 -5.83166108e-02  4.98621613e-02
  -3.14476267e-02 -7.70125762e-02 -4.78438325e-02 -6.19010851e-02
  -7.44865909e-02 -4.65881303e-02 -4.91397157e-02  6.97765946e-02
  -4.66678403e-02  7.22485110e-02  6.53112009e-02  3.19083594e-02
   1.44584164e-01  7.24856034e-02  4.61641550e-02  5.57119586e-02
  -3.22849420e-03  1.42245144e-01 -4.30065207e-02  2.04012487e-02
   1.43702641e-01 -8.22218657e-02  2.83262171e-02 -8.18780065e-02
   2.52362359e-02  1.05964713e-01  1.58340737e-01  3.62348892e-02]]
[[ 8.03205464e-03 -3.69562171e-02 -3.73079441e-02 -1.75955430e-01
   1.22918105e-02  4.97213332e-03 -8.00309330e-02 -5.94092272e-02
  -9.34271067e-02 -3.51024754e-02 -8.82602707e-02 -4.08070348e-02
  -6.40537888e-02  1.56092644e-01 -7.09393993e-02  2.05799177e-01
  -5.54721504e-02  7.78041333e-02 -5.41247278e-02  9.34526250e-02
   1.20191827e-01  1.29561663e-01 -1.19366653e-01  1.17958605e-01
   1.61512151e-01 -5.20077795e-02  1.08228259e-01 -9.28972382e-03
   1.28808588e-01 -4.81746979e-02 -3.68794128e-02  2.54569668e-02
   1.07750483e-01 -4.41829823e-02 -4.48071286e-02  2.92898025e-02
   1.28954872e-01 -7.20226765e-02  2.38859013e-01 -3.82408015e-02
  -7.52990134e-03 -6.02854006e-02 -9.74794254e-02 -4.13174683e-04
  -5.04142344e-02 -9.62932855e-02  9.35822129e-02 -8.84394422e-02
  -4.66537178e-02  6.03097789e-02 -9.66299698e-02  3.54007520e-02
   1.81210816e-01 -3.74640301e-02  5.22947498e-02  4.09403294e-02
  -3.34139317e-02  9.27929301e-03  1.04749978e-01 -8.18343461e-02
   7.42646083e-02 -7.57507235e-03  2.46305540e-01 -5.02279364e-02
   1.61787882e-01  1.84584066e-01  3.96687947e-02  1.71411797e-01
  -8.51906538e-02  9.38966721e-02 -6.65818751e-02  5.31897396e-02
   2.26612408e-02  8.25216062e-03  5.08381724e-02 -9.59195942e-02
  -2.02379581e-02 -3.22889201e-02  4.81242351e-02 -8.92813504e-02
   4.16490957e-02  1.19807385e-01 -8.20374191e-02 -2.04249844e-02
  -1.70428108e-03 -9.92124677e-02 -2.60335207e-02 -4.07587960e-02
   3.08386553e-02  1.15420453e-01  4.88076806e-02  1.17378883e-01
  -3.66180763e-02 -4.50665876e-02  2.12554485e-01 -3.86278071e-02
  -8.39306936e-02 -7.00975507e-02 -8.20105076e-02  7.62650520e-02
  -9.95028997e-04  3.32240537e-02 -5.71992956e-02  8.38688463e-02
  -8.48983750e-02  2.68210750e-02 -7.38974884e-02  1.64125890e-01
   7.46161342e-02  1.02096692e-01 -6.79230317e-02 -6.97482228e-02
   1.37901410e-01 -6.28377721e-02  1.07994571e-01  2.47105490e-04
  -6.39258698e-02  1.90527737e-02 -6.06161207e-02  1.51571140e-01
   5.71737885e-02 -4.37478945e-02  5.91589464e-03 -7.26378188e-02
   5.25774136e-02 -1.99470706e-02 -4.89503592e-02 -8.69965646e-03]
 [-4.15481478e-02 -8.03357810e-02 -1.00213200e-01 -1.20518804e-01
  -5.44481613e-02  3.92028876e-02 -4.49980050e-02  4.23356071e-02
   6.68981671e-02 -3.59144919e-02  2.67840680e-02 -6.47703111e-02
   4.22460660e-02  7.31735453e-02 -9.31356549e-02 -3.92451249e-02
   5.41059263e-02  8.47901180e-02  4.26521152e-02  2.83805169e-02
   2.14784980e-01  9.12947804e-02 -4.14517429e-03  7.91103840e-02
   1.13123238e-01 -4.41023298e-02  2.06439048e-01 -5.21259233e-02
   4.00768891e-02 -5.27304150e-02 -6.64759949e-02  8.63264799e-02
   5.34174368e-02 -6.86197951e-02 -5.16688311e-03  2.66319234e-02
   8.25740322e-02 -5.97757399e-02  3.23701024e-01 -5.40949963e-02
  -7.74413422e-02 -1.47619164e-02 -6.06054440e-02  3.57041098e-02
   7.05527142e-02 -8.18139091e-02  5.33886626e-02 -6.37358651e-02
   7.63111282e-04  1.53880306e-02 -9.36023220e-02  1.21192023e-01
   1.85684785e-01 -3.10299490e-02  8.44087228e-02  1.59275725e-01
  -3.39209437e-02 -5.90119809e-02  7.23589361e-02 -7.75781795e-02
   8.76768604e-02  9.37573537e-02  1.89106137e-01 -8.51946250e-02
  -3.04713789e-02  1.88234136e-01 -6.89211721e-03 -2.75250990e-02
  -6.72259703e-02  2.15660870e-01 -4.50462895e-03 -6.58722669e-02
  -1.27914210e-03 -6.95933178e-02  9.75623280e-02 -6.87821060e-02
   1.25896677e-01 -1.35783600e-02 -2.60705216e-04 -1.02707505e-01
   9.27414745e-02 -8.33582357e-02 -8.64476562e-02  1.18967153e-01
  -4.45924327e-03 -1.44669086e-01  1.14364646e-01  8.26711953e-02
   3.63844894e-02 -3.50037478e-02 -5.30091785e-02  1.72263056e-01
   7.19918683e-02 -8.26698393e-02  5.95107041e-02  4.33623753e-02
   1.06614918e-01 -6.43538833e-02 -5.83166108e-02  4.98621613e-02
  -3.14476267e-02 -7.70125762e-02 -4.78438325e-02 -6.19010851e-02
  -7.44865909e-02 -4.65881303e-02 -4.91397157e-02  6.97765946e-02
  -4.66678403e-02  7.22485110e-02  6.53112009e-02  3.19083594e-02
   1.44584164e-01  7.24856034e-02  4.61641550e-02  5.57119586e-02
  -3.22849420e-03  1.42245144e-01 -4.30065207e-02  2.04012487e-02
   1.43702641e-01 -8.22218657e-02  2.83262171e-02 -8.18780065e-02
   2.52362359e-02  1.05964713e-01  1.58340737e-01  3.62348892e-02]]
