[[ 2.36781742e-02 -6.02659173e-02 -4.52523679e-02 -1.75456285e-01
  -2.50966307e-02  5.85947521e-02 -8.30182284e-02 -6.37357607e-02
  -9.22136158e-02 -3.19263861e-02 -8.42110515e-02 -5.62450923e-02
  -7.62776434e-02  1.41715586e-01 -5.77437505e-02  2.01283082e-01
  -7.07778484e-02  9.09181088e-02 -5.38558550e-02  9.77724716e-02
   8.62868801e-02  1.48593172e-01 -1.35476798e-01  7.94995278e-02
   1.70904100e-01 -5.87059669e-02  1.18520014e-01  1.44897448e-02
   1.33112356e-01 -5.10618202e-02 -2.53263675e-02  2.73964480e-02
   4.40275520e-02 -5.77899180e-02 -3.66979539e-02  3.33617963e-02
   7.48489872e-02 -7.70319477e-02  1.98609918e-01 -4.07625102e-02
  -3.05935815e-02 -7.35668093e-02 -1.07019834e-01  2.60167029e-02
  -5.74541762e-02 -9.46567804e-02  7.54464790e-02 -8.62253606e-02
  -4.40344661e-02  1.73183307e-02 -1.08983412e-01  2.01468728e-02
   2.19152287e-01 -4.13858257e-02  5.39066009e-02  3.46469916e-02
  -4.59592827e-02 -9.78940446e-03  1.13742821e-01 -8.40917975e-02
   8.05345029e-02 -2.70201247e-02  2.51487970e-01 -5.86351119e-02
   1.66430622e-01  1.70143440e-01  3.49765010e-02  1.88533530e-01
  -8.21543932e-02  1.14211179e-01 -6.55574054e-02  9.13350433e-02
   4.13630418e-02  3.86233488e-03  4.36408073e-02 -9.91296470e-02
  -4.93955016e-02 -4.74842563e-02  4.46526855e-02 -9.29212198e-02
  -1.54989120e-02  9.22142044e-02 -8.38223100e-02 -3.11294924e-02
  -1.45629141e-02 -9.35307369e-02 -2.45180372e-02 -5.28069027e-02
   8.98800939e-02  1.03477761e-01  4.65301946e-02  1.15004897e-01
  -7.82309659e-03 -6.40649945e-02  1.86445817e-01 -3.32892463e-02
  -7.70870745e-02 -8.64088908e-02 -9.15542617e-02  7.35579059e-02
   1.41589148e-02  1.79204531e-02 -4.33611907e-02  1.18283287e-01
  -9.71259698e-02  4.38236892e-02 -7.83088505e-02  1.70715943e-01
   9.00574699e-02  1.16133168e-01 -6.03512712e-02 -7.97203705e-02
   1.30045593e-01 -6.31194934e-02  5.42470813e-02  6.30191527e-03
  -4.73798700e-02 -5.12632402e-03 -7.21055791e-02  1.17887214e-01
   5.77916875e-02 -5.29037556e-03 -1.78265106e-02 -7.72115812e-02
   4.69633080e-02 -4.12724214e-04 -6.00431152e-02 -2.59791221e-02]
 [-2.69535873e-02 -7.53337294e-02 -8.29199180e-02 -1.09225444e-01
  -6.44445941e-02  3.22228968e-02 -4.81227003e-02  3.96539010e-02
   6.77773282e-02 -3.41123641e-02 -1.47525445e-02 -7.32825398e-02
   3.31507362e-02  9.61246118e-02 -8.06539059e-02 -7.06252316e-03
   3.60831246e-02  7.21829832e-02  6.06598258e-02 -4.26483247e-03
   1.95889041e-01  9.97845680e-02 -2.21041162e-02  1.06643029e-01
   1.09336883e-01 -5.56642599e-02  2.07542792e-01 -5.85765205e-02
   6.65888414e-02 -5.61181419e-02 -6.89406767e-02  8.99681300e-02
   9.26780626e-02 -7.99549296e-02 -1.27982805e-02  2.74397805e-02
   9.48781595e-02 -6.46613389e-02  3.55018139e-01 -7.72862732e-02
  -7.95055032e-02 -1.24505870e-02 -5.09692580e-02 -6.10514916e-03
   6.79633915e-02 -8.59113261e-02  2.67752185e-02 -4.53127213e-02
   2.08415277e-02 -5.35309118e-05 -1.04819469e-01  1.48253456e-01
   2.18457758e-01 -5.71569502e-02  2.03603134e-02  2.06092387e-01
  -5.88910207e-02 -7.42347389e-02  5.78540303e-02 -7.71183074e-02
   9.08311531e-02  1.22621678e-01  1.92656472e-01 -8.81231874e-02
  -2.73619257e-02  1.54112965e-01 -1.88550707e-02 -3.29186283e-02
  -7.09351525e-02  2.08141878e-01 -1.87690854e-02 -5.66940196e-02
   1.91148799e-02 -6.37037084e-02  6.89469799e-02 -7.54401684e-02
   1.15496993e-01 -6.87977020e-03  1.82836186e-02 -1.08232297e-01
   4.81386520e-02 -7.68053904e-02 -8.47236663e-02  9.72045735e-02
  -2.76809372e-02 -1.41493812e-01  8.09084177e-02  8.65897462e-02
   3.79527994e-02  2.16518412e-03 -7.57554621e-02  1.18276872e-01
   3.90582755e-02 -8.15371946e-02  5.60695911e-03  6.13812096e-02
   9.36173871e-02 -7.10061118e-02 -5.75530156e-02  1.85491517e-02
  -4.89743017e-02 -7.18647018e-02 -4.17112745e-02 -6.12990968e-02
  -7.25152493e-02 -5.33514619e-02 -5.93687519e-02  7.60378242e-02
  -2.57085860e-02  8.59372243e-02  4.16820683e-02  5.36464714e-02
   1.68159768e-01  5.91238514e-02  4.29389179e-02  4.84211408e-02
  -1.45252412e-02  1.43528834e-01 -2.65929438e-02  1.49097512e-04
   9.61655676e-02 -8.12351182e-02  6.00484759e-03 -8.04361701e-02
   3.76536958e-02  1.12431854e-01  1.39972553e-01  3.63866277e-02]]
[[ 2.36781742e-02 -6.02659173e-02 -4.52523679e-02 -1.75456285e-01
  -2.50966307e-02  5.85947521e-02 -8.30182284e-02 -6.37357607e-02
  -9.22136158e-02 -3.19263861e-02 -8.42110515e-02 -5.62450923e-02
  -7.62776434e-02  1.41715586e-01 -5.77437505e-02  2.01283082e-01
  -7.07778484e-02  9.09181088e-02 -5.38558550e-02  9.77724716e-02
   8.62868801e-02  1.48593172e-01 -1.35476798e-01  7.94995278e-02
   1.70904100e-01 -5.87059669e-02  1.18520014e-01  1.44897448e-02
   1.33112356e-01 -5.10618202e-02 -2.53263675e-02  2.73964480e-02
   4.40275520e-02 -5.77899180e-02 -3.66979539e-02  3.33617963e-02
   7.48489872e-02 -7.70319477e-02  1.98609918e-01 -4.07625102e-02
  -3.05935815e-02 -7.35668093e-02 -1.07019834e-01  2.60167029e-02
  -5.74541762e-02 -9.46567804e-02  7.54464790e-02 -8.62253606e-02
  -4.40344661e-02  1.73183307e-02 -1.08983412e-01  2.01468728e-02
   2.19152287e-01 -4.13858257e-02  5.39066009e-02  3.46469916e-02
  -4.59592827e-02 -9.78940446e-03  1.13742821e-01 -8.40917975e-02
   8.05345029e-02 -2.70201247e-02  2.51487970e-01 -5.86351119e-02
   1.66430622e-01  1.70143440e-01  3.49765010e-02  1.88533530e-01
  -8.21543932e-02  1.14211179e-01 -6.55574054e-02  9.13350433e-02
   4.13630418e-02  3.86233488e-03  4.36408073e-02 -9.91296470e-02
  -4.93955016e-02 -4.74842563e-02  4.46526855e-02 -9.29212198e-02
  -1.54989120e-02  9.22142044e-02 -8.38223100e-02 -3.11294924e-02
  -1.45629141e-02 -9.35307369e-02 -2.45180372e-02 -5.28069027e-02
   8.98800939e-02  1.03477761e-01  4.65301946e-02  1.15004897e-01
  -7.82309659e-03 -6.40649945e-02  1.86445817e-01 -3.32892463e-02
  -7.70870745e-02 -8.64088908e-02 -9.15542617e-02  7.35579059e-02
   1.41589148e-02  1.79204531e-02 -4.33611907e-02  1.18283287e-01
  -9.71259698e-02  4.38236892e-02 -7.83088505e-02  1.70715943e-01
   9.00574699e-02  1.16133168e-01 -6.03512712e-02 -7.97203705e-02
   1.30045593e-01 -6.31194934e-02  5.42470813e-02  6.30191527e-03
  -4.73798700e-02 -5.12632402e-03 -7.21055791e-02  1.17887214e-01
   5.77916875e-02 -5.29037556e-03 -1.78265106e-02 -7.72115812e-02
   4.69633080e-02 -4.12724214e-04 -6.00431152e-02 -2.59791221e-02]
 [-2.69535873e-02 -7.53337294e-02 -8.29199180e-02 -1.09225444e-01
  -6.44445941e-02  3.22228968e-02 -4.81227003e-02  3.96539010e-02
   6.77773282e-02 -3.41123641e-02 -1.47525445e-02 -7.32825398e-02
   3.31507362e-02  9.61246118e-02 -8.06539059e-02 -7.06252316e-03
   3.60831246e-02  7.21829832e-02  6.06598258e-02 -4.26483247e-03
   1.95889041e-01  9.97845680e-02 -2.21041162e-02  1.06643029e-01
   1.09336883e-01 -5.56642599e-02  2.07542792e-01 -5.85765205e-02
   6.65888414e-02 -5.61181419e-02 -6.89406767e-02  8.99681300e-02
   9.26780626e-02 -7.99549296e-02 -1.27982805e-02  2.74397805e-02
   9.48781595e-02 -6.46613389e-02  3.55018139e-01 -7.72862732e-02
  -7.95055032e-02 -1.24505870e-02 -5.09692580e-02 -6.10514916e-03
   6.79633915e-02 -8.59113261e-02  2.67752185e-02 -4.53127213e-02
   2.08415277e-02 -5.35309118e-05 -1.04819469e-01  1.48253456e-01
   2.18457758e-01 -5.71569502e-02  2.03603134e-02  2.06092387e-01
  -5.88910207e-02 -7.42347389e-02  5.78540303e-02 -7.71183074e-02
   9.08311531e-02  1.22621678e-01  1.92656472e-01 -8.81231874e-02
  -2.73619257e-02  1.54112965e-01 -1.88550707e-02 -3.29186283e-02
  -7.09351525e-02  2.08141878e-01 -1.87690854e-02 -5.66940196e-02
   1.91148799e-02 -6.37037084e-02  6.89469799e-02 -7.54401684e-02
   1.15496993e-01 -6.87977020e-03  1.82836186e-02 -1.08232297e-01
   4.81386520e-02 -7.68053904e-02 -8.47236663e-02  9.72045735e-02
  -2.76809372e-02 -1.41493812e-01  8.09084177e-02  8.65897462e-02
   3.79527994e-02  2.16518412e-03 -7.57554621e-02  1.18276872e-01
   3.90582755e-02 -8.15371946e-02  5.60695911e-03  6.13812096e-02
   9.36173871e-02 -7.10061118e-02 -5.75530156e-02  1.85491517e-02
  -4.89743017e-02 -7.18647018e-02 -4.17112745e-02 -6.12990968e-02
  -7.25152493e-02 -5.33514619e-02 -5.93687519e-02  7.60378242e-02
  -2.57085860e-02  8.59372243e-02  4.16820683e-02  5.36464714e-02
   1.68159768e-01  5.91238514e-02  4.29389179e-02  4.84211408e-02
  -1.45252412e-02  1.43528834e-01 -2.65929438e-02  1.49097512e-04
   9.61655676e-02 -8.12351182e-02  6.00484759e-03 -8.04361701e-02
   3.76536958e-02  1.12431854e-01  1.39972553e-01  3.63866277e-02]]
[[ 2.36781742e-02 -6.02659173e-02 -4.52523679e-02 -1.75456285e-01
  -2.50966307e-02  5.85947521e-02 -8.30182284e-02 -6.37357607e-02
  -9.22136158e-02 -3.19263861e-02 -8.42110515e-02 -5.62450923e-02
  -7.62776434e-02  1.41715586e-01 -5.77437505e-02  2.01283082e-01
  -7.07778484e-02  9.09181088e-02 -5.38558550e-02  9.77724716e-02
   8.62868801e-02  1.48593172e-01 -1.35476798e-01  7.94995278e-02
   1.70904100e-01 -5.87059669e-02  1.18520014e-01  1.44897448e-02
   1.33112356e-01 -5.10618202e-02 -2.53263675e-02  2.73964480e-02
   4.40275520e-02 -5.77899180e-02 -3.66979539e-02  3.33617963e-02
   7.48489872e-02 -7.70319477e-02  1.98609918e-01 -4.07625102e-02
  -3.05935815e-02 -7.35668093e-02 -1.07019834e-01  2.60167029e-02
  -5.74541762e-02 -9.46567804e-02  7.54464790e-02 -8.62253606e-02
  -4.40344661e-02  1.73183307e-02 -1.08983412e-01  2.01468728e-02
   2.19152287e-01 -4.13858257e-02  5.39066009e-02  3.46469916e-02
  -4.59592827e-02 -9.78940446e-03  1.13742821e-01 -8.40917975e-02
   8.05345029e-02 -2.70201247e-02  2.51487970e-01 -5.86351119e-02
   1.66430622e-01  1.70143440e-01  3.49765010e-02  1.88533530e-01
  -8.21543932e-02  1.14211179e-01 -6.55574054e-02  9.13350433e-02
   4.13630418e-02  3.86233488e-03  4.36408073e-02 -9.91296470e-02
  -4.93955016e-02 -4.74842563e-02  4.46526855e-02 -9.29212198e-02
  -1.54989120e-02  9.22142044e-02 -8.38223100e-02 -3.11294924e-02
  -1.45629141e-02 -9.35307369e-02 -2.45180372e-02 -5.28069027e-02
   8.98800939e-02  1.03477761e-01  4.65301946e-02  1.15004897e-01
  -7.82309659e-03 -6.40649945e-02  1.86445817e-01 -3.32892463e-02
  -7.70870745e-02 -8.64088908e-02 -9.15542617e-02  7.35579059e-02
   1.41589148e-02  1.79204531e-02 -4.33611907e-02  1.18283287e-01
  -9.71259698e-02  4.38236892e-02 -7.83088505e-02  1.70715943e-01
   9.00574699e-02  1.16133168e-01 -6.03512712e-02 -7.97203705e-02
   1.30045593e-01 -6.31194934e-02  5.42470813e-02  6.30191527e-03
  -4.73798700e-02 -5.12632402e-03 -7.21055791e-02  1.17887214e-01
   5.77916875e-02 -5.29037556e-03 -1.78265106e-02 -7.72115812e-02
   4.69633080e-02 -4.12724214e-04 -6.00431152e-02 -2.59791221e-02]
 [-2.69535873e-02 -7.53337294e-02 -8.29199180e-02 -1.09225444e-01
  -6.44445941e-02  3.22228968e-02 -4.81227003e-02  3.96539010e-02
   6.77773282e-02 -3.41123641e-02 -1.47525445e-02 -7.32825398e-02
   3.31507362e-02  9.61246118e-02 -8.06539059e-02 -7.06252316e-03
   3.60831246e-02  7.21829832e-02  6.06598258e-02 -4.26483247e-03
   1.95889041e-01  9.97845680e-02 -2.21041162e-02  1.06643029e-01
   1.09336883e-01 -5.56642599e-02  2.07542792e-01 -5.85765205e-02
   6.65888414e-02 -5.61181419e-02 -6.89406767e-02  8.99681300e-02
   9.26780626e-02 -7.99549296e-02 -1.27982805e-02  2.74397805e-02
   9.48781595e-02 -6.46613389e-02  3.55018139e-01 -7.72862732e-02
  -7.95055032e-02 -1.24505870e-02 -5.09692580e-02 -6.10514916e-03
   6.79633915e-02 -8.59113261e-02  2.67752185e-02 -4.53127213e-02
   2.08415277e-02 -5.35309118e-05 -1.04819469e-01  1.48253456e-01
   2.18457758e-01 -5.71569502e-02  2.03603134e-02  2.06092387e-01
  -5.88910207e-02 -7.42347389e-02  5.78540303e-02 -7.71183074e-02
   9.08311531e-02  1.22621678e-01  1.92656472e-01 -8.81231874e-02
  -2.73619257e-02  1.54112965e-01 -1.88550707e-02 -3.29186283e-02
  -7.09351525e-02  2.08141878e-01 -1.87690854e-02 -5.66940196e-02
   1.91148799e-02 -6.37037084e-02  6.89469799e-02 -7.54401684e-02
   1.15496993e-01 -6.87977020e-03  1.82836186e-02 -1.08232297e-01
   4.81386520e-02 -7.68053904e-02 -8.47236663e-02  9.72045735e-02
  -2.76809372e-02 -1.41493812e-01  8.09084177e-02  8.65897462e-02
   3.79527994e-02  2.16518412e-03 -7.57554621e-02  1.18276872e-01
   3.90582755e-02 -8.15371946e-02  5.60695911e-03  6.13812096e-02
   9.36173871e-02 -7.10061118e-02 -5.75530156e-02  1.85491517e-02
  -4.89743017e-02 -7.18647018e-02 -4.17112745e-02 -6.12990968e-02
  -7.25152493e-02 -5.33514619e-02 -5.93687519e-02  7.60378242e-02
  -2.57085860e-02  8.59372243e-02  4.16820683e-02  5.36464714e-02
   1.68159768e-01  5.91238514e-02  4.29389179e-02  4.84211408e-02
  -1.45252412e-02  1.43528834e-01 -2.65929438e-02  1.49097512e-04
   9.61655676e-02 -8.12351182e-02  6.00484759e-03 -8.04361701e-02
   3.76536958e-02  1.12431854e-01  1.39972553e-01  3.63866277e-02]]
[[ 2.36781742e-02 -6.02659173e-02 -4.52523679e-02 -1.75456285e-01
  -2.50966307e-02  5.85947521e-02 -8.30182284e-02 -6.37357607e-02
  -9.22136158e-02 -3.19263861e-02 -8.42110515e-02 -5.62450923e-02
  -7.62776434e-02  1.41715586e-01 -5.77437505e-02  2.01283082e-01
  -7.07778484e-02  9.09181088e-02 -5.38558550e-02  9.77724716e-02
   8.62868801e-02  1.48593172e-01 -1.35476798e-01  7.94995278e-02
   1.70904100e-01 -5.87059669e-02  1.18520014e-01  1.44897448e-02
   1.33112356e-01 -5.10618202e-02 -2.53263675e-02  2.73964480e-02
   4.40275520e-02 -5.77899180e-02 -3.66979539e-02  3.33617963e-02
   7.48489872e-02 -7.70319477e-02  1.98609918e-01 -4.07625102e-02
  -3.05935815e-02 -7.35668093e-02 -1.07019834e-01  2.60167029e-02
  -5.74541762e-02 -9.46567804e-02  7.54464790e-02 -8.62253606e-02
  -4.40344661e-02  1.73183307e-02 -1.08983412e-01  2.01468728e-02
   2.19152287e-01 -4.13858257e-02  5.39066009e-02  3.46469916e-02
  -4.59592827e-02 -9.78940446e-03  1.13742821e-01 -8.40917975e-02
   8.05345029e-02 -2.70201247e-02  2.51487970e-01 -5.86351119e-02
   1.66430622e-01  1.70143440e-01  3.49765010e-02  1.88533530e-01
  -8.21543932e-02  1.14211179e-01 -6.55574054e-02  9.13350433e-02
   4.13630418e-02  3.86233488e-03  4.36408073e-02 -9.91296470e-02
  -4.93955016e-02 -4.74842563e-02  4.46526855e-02 -9.29212198e-02
  -1.54989120e-02  9.22142044e-02 -8.38223100e-02 -3.11294924e-02
  -1.45629141e-02 -9.35307369e-02 -2.45180372e-02 -5.28069027e-02
   8.98800939e-02  1.03477761e-01  4.65301946e-02  1.15004897e-01
  -7.82309659e-03 -6.40649945e-02  1.86445817e-01 -3.32892463e-02
  -7.70870745e-02 -8.64088908e-02 -9.15542617e-02  7.35579059e-02
   1.41589148e-02  1.79204531e-02 -4.33611907e-02  1.18283287e-01
  -9.71259698e-02  4.38236892e-02 -7.83088505e-02  1.70715943e-01
   9.00574699e-02  1.16133168e-01 -6.03512712e-02 -7.97203705e-02
   1.30045593e-01 -6.31194934e-02  5.42470813e-02  6.30191527e-03
  -4.73798700e-02 -5.12632402e-03 -7.21055791e-02  1.17887214e-01
   5.77916875e-02 -5.29037556e-03 -1.78265106e-02 -7.72115812e-02
   4.69633080e-02 -4.12724214e-04 -6.00431152e-02 -2.59791221e-02]
 [-2.69535873e-02 -7.53337294e-02 -8.29199180e-02 -1.09225444e-01
  -6.44445941e-02  3.22228968e-02 -4.81227003e-02  3.96539010e-02
   6.77773282e-02 -3.41123641e-02 -1.47525445e-02 -7.32825398e-02
   3.31507362e-02  9.61246118e-02 -8.06539059e-02 -7.06252316e-03
   3.60831246e-02  7.21829832e-02  6.06598258e-02 -4.26483247e-03
   1.95889041e-01  9.97845680e-02 -2.21041162e-02  1.06643029e-01
   1.09336883e-01 -5.56642599e-02  2.07542792e-01 -5.85765205e-02
   6.65888414e-02 -5.61181419e-02 -6.89406767e-02  8.99681300e-02
   9.26780626e-02 -7.99549296e-02 -1.27982805e-02  2.74397805e-02
   9.48781595e-02 -6.46613389e-02  3.55018139e-01 -7.72862732e-02
  -7.95055032e-02 -1.24505870e-02 -5.09692580e-02 -6.10514916e-03
   6.79633915e-02 -8.59113261e-02  2.67752185e-02 -4.53127213e-02
   2.08415277e-02 -5.35309118e-05 -1.04819469e-01  1.48253456e-01
   2.18457758e-01 -5.71569502e-02  2.03603134e-02  2.06092387e-01
  -5.88910207e-02 -7.42347389e-02  5.78540303e-02 -7.71183074e-02
   9.08311531e-02  1.22621678e-01  1.92656472e-01 -8.81231874e-02
  -2.73619257e-02  1.54112965e-01 -1.88550707e-02 -3.29186283e-02
  -7.09351525e-02  2.08141878e-01 -1.87690854e-02 -5.66940196e-02
   1.91148799e-02 -6.37037084e-02  6.89469799e-02 -7.54401684e-02
   1.15496993e-01 -6.87977020e-03  1.82836186e-02 -1.08232297e-01
   4.81386520e-02 -7.68053904e-02 -8.47236663e-02  9.72045735e-02
  -2.76809372e-02 -1.41493812e-01  8.09084177e-02  8.65897462e-02
   3.79527994e-02  2.16518412e-03 -7.57554621e-02  1.18276872e-01
   3.90582755e-02 -8.15371946e-02  5.60695911e-03  6.13812096e-02
   9.36173871e-02 -7.10061118e-02 -5.75530156e-02  1.85491517e-02
  -4.89743017e-02 -7.18647018e-02 -4.17112745e-02 -6.12990968e-02
  -7.25152493e-02 -5.33514619e-02 -5.93687519e-02  7.60378242e-02
  -2.57085860e-02  8.59372243e-02  4.16820683e-02  5.36464714e-02
   1.68159768e-01  5.91238514e-02  4.29389179e-02  4.84211408e-02
  -1.45252412e-02  1.43528834e-01 -2.65929438e-02  1.49097512e-04
   9.61655676e-02 -8.12351182e-02  6.00484759e-03 -8.04361701e-02
   3.76536958e-02  1.12431854e-01  1.39972553e-01  3.63866277e-02]]
