[[-1.47947818e-02 -6.34230226e-02 -3.16888914e-02 -8.72954577e-02
   4.98118773e-02 -2.85032671e-02 -3.63978446e-02  1.32598747e-02
   6.20257109e-02 -4.77270484e-02 -3.40632908e-02 -8.05079713e-02
  -2.70186104e-02  1.11435458e-01 -8.35475028e-02 -2.38315165e-02
   8.67803618e-02  7.49041513e-02  1.89688932e-02  1.42674735e-02
   1.89345405e-01  1.50445253e-01  2.85264235e-02  8.20043758e-02
   8.16478357e-02 -6.20485991e-02  1.90990523e-01 -4.83049825e-02
   1.76866818e-02 -6.71173409e-02 -4.82684970e-02  7.58342892e-02
   5.79544529e-02 -5.06072938e-02  2.71030329e-02  2.44272761e-02
   1.86834738e-01 -5.21005392e-02  2.91385591e-01 -8.77168179e-02
  -7.20943809e-02 -2.53455024e-02 -6.26164451e-02  4.41944487e-02
   5.81553131e-02 -7.03944936e-02  2.07622238e-02 -8.03986788e-02
   1.75075587e-02  4.11917306e-02 -1.07550569e-01  1.90249011e-02
   1.69591263e-01 -6.38073906e-02  4.64722030e-02  2.00201541e-01
  -1.17551662e-01 -8.73709247e-02  1.00272477e-01 -8.49667788e-02
   6.17961995e-02  1.49646550e-01  1.62720904e-01 -8.03176239e-02
  -6.21824376e-02  1.48457602e-01 -1.83530990e-02 -2.93150246e-02
  -3.02553382e-02  2.13874236e-01  7.72308484e-02 -7.82677308e-02
   5.47986962e-02 -7.34396577e-02  1.21418364e-01 -8.25508088e-02
   1.49924755e-01 -1.44624636e-02 -9.45775246e-04 -1.05200805e-01
   1.79435536e-01 -6.46157339e-02 -8.25928599e-02  1.25969812e-01
  -1.08211841e-02 -1.32237047e-01  5.75769059e-02  1.33638591e-01
   5.30774705e-02 -3.61854061e-02 -8.42266232e-02  1.56984687e-01
   1.00107722e-01 -5.89132309e-02  1.05245173e-01 -2.13137250e-02
   2.96621118e-02 -6.76358044e-02 -6.34082332e-02  1.34526230e-02
  -4.09500767e-03 -6.04355372e-02 -3.82165574e-02 -6.19998798e-02
  -5.92436567e-02 -7.69866630e-02 -7.05442578e-02  3.53281908e-02
  -1.68767199e-02  7.11874291e-02  1.56575516e-02 -6.65893778e-03
   1.59314945e-01  1.31681591e-01  1.45388722e-01 -4.62894626e-02
  -3.67504247e-02  1.23183951e-01 -5.53780980e-02 -6.25872388e-02
   2.63752658e-02 -5.65864928e-02  5.72709478e-02 -5.96530139e-02
   7.62951514e-03 -2.94637810e-02  7.08156601e-02 -1.49163641e-02]
 [ 1.81475490e-01 -5.20653874e-02 -5.48835844e-02 -2.18822733e-01
  -9.81860422e-03  1.08870246e-01 -7.26526380e-02 -5.95824346e-02
  -9.30413902e-02 -2.91399397e-02 -9.97616127e-02  8.90823361e-03
  -9.22401026e-02  9.02064219e-02 -4.82191741e-02  1.66363642e-01
  -7.47939646e-02  1.24797344e-01 -5.32249771e-02  8.07474852e-02
   8.24331492e-02  1.55878112e-01 -6.25116006e-02  6.65012971e-02
   1.24789812e-01 -7.60620087e-02  1.16454609e-01  5.96123450e-02
   1.26573592e-01 -6.99654743e-02  8.21377058e-03  4.22801599e-02
   9.81792584e-02 -3.11582536e-02 -9.72564332e-03  6.95029870e-02
   1.06745668e-01 -8.34207609e-02  1.64089024e-01  8.70163925e-03
   1.13126012e-02 -5.38524799e-02 -1.03786677e-01 -2.69205542e-04
  -4.77755032e-02 -7.62537494e-02  2.13866949e-01 -8.88009518e-02
  -5.27658351e-02  6.78106472e-02 -9.93129015e-02 -2.79158391e-02
   1.77971303e-01 -2.60033160e-02  1.04405127e-01 -1.99060086e-02
  -6.72933087e-02  1.71624776e-02  1.12917989e-01 -8.52022842e-02
   7.53820613e-02 -4.59038690e-02  1.95273563e-01 -7.81345814e-02
   1.46968499e-01  1.70873120e-01  7.21084625e-02  1.28125668e-01
  -8.12870711e-02  1.18988797e-01 -6.07481375e-02 -7.27667101e-03
   8.41572881e-02 -3.92352566e-02  9.95157287e-02 -7.69681111e-02
  -2.99939457e-02 -1.48988783e-03  8.85279253e-02 -8.95916224e-02
   1.65691860e-02  1.04407564e-01 -8.44785124e-02 -3.07750292e-02
   1.55807389e-02 -9.24901217e-02 -3.37877795e-02  1.77627709e-02
   8.01538676e-02  7.28778634e-03  3.99248227e-02  1.12877060e-02
   4.34685200e-02 -5.79775050e-02  2.29634985e-01 -9.52927843e-02
  -6.84460402e-02 -6.84298947e-02 -8.30486119e-02  6.68876991e-02
   2.53777206e-03 -2.40361821e-02 -3.72249372e-02  7.32866004e-02
  -8.89309123e-02  9.45990309e-02 -6.91118911e-02  1.36872426e-01
   2.12560054e-02  1.16765089e-01 -5.83976433e-02 -7.44854659e-02
   1.60791457e-01 -4.72722054e-02  1.36074722e-01 -4.69416641e-02
  -5.13332076e-02 -1.05328746e-02 -6.70031011e-02  7.81357437e-02
  -3.87538597e-02  2.09164321e-02  2.47401036e-02 -7.55203366e-02
   5.27740642e-02 -4.55339588e-02 -8.11256915e-02 -6.41623288e-02]]
[[-1.47947818e-02 -6.34230226e-02 -3.16888914e-02 -8.72954577e-02
   4.98118773e-02 -2.85032671e-02 -3.63978446e-02  1.32598747e-02
   6.20257109e-02 -4.77270484e-02 -3.40632908e-02 -8.05079713e-02
  -2.70186104e-02  1.11435458e-01 -8.35475028e-02 -2.38315165e-02
   8.67803618e-02  7.49041513e-02  1.89688932e-02  1.42674735e-02
   1.89345405e-01  1.50445253e-01  2.85264235e-02  8.20043758e-02
   8.16478357e-02 -6.20485991e-02  1.90990523e-01 -4.83049825e-02
   1.76866818e-02 -6.71173409e-02 -4.82684970e-02  7.58342892e-02
   5.79544529e-02 -5.06072938e-02  2.71030329e-02  2.44272761e-02
   1.86834738e-01 -5.21005392e-02  2.91385591e-01 -8.77168179e-02
  -7.20943809e-02 -2.53455024e-02 -6.26164451e-02  4.41944487e-02
   5.81553131e-02 -7.03944936e-02  2.07622238e-02 -8.03986788e-02
   1.75075587e-02  4.11917306e-02 -1.07550569e-01  1.90249011e-02
   1.69591263e-01 -6.38073906e-02  4.64722030e-02  2.00201541e-01
  -1.17551662e-01 -8.73709247e-02  1.00272477e-01 -8.49667788e-02
   6.17961995e-02  1.49646550e-01  1.62720904e-01 -8.03176239e-02
  -6.21824376e-02  1.48457602e-01 -1.83530990e-02 -2.93150246e-02
  -3.02553382e-02  2.13874236e-01  7.72308484e-02 -7.82677308e-02
   5.47986962e-02 -7.34396577e-02  1.21418364e-01 -8.25508088e-02
   1.49924755e-01 -1.44624636e-02 -9.45775246e-04 -1.05200805e-01
   1.79435536e-01 -6.46157339e-02 -8.25928599e-02  1.25969812e-01
  -1.08211841e-02 -1.32237047e-01  5.75769059e-02  1.33638591e-01
   5.30774705e-02 -3.61854061e-02 -8.42266232e-02  1.56984687e-01
   1.00107722e-01 -5.89132309e-02  1.05245173e-01 -2.13137250e-02
   2.96621118e-02 -6.76358044e-02 -6.34082332e-02  1.34526230e-02
  -4.09500767e-03 -6.04355372e-02 -3.82165574e-02 -6.19998798e-02
  -5.92436567e-02 -7.69866630e-02 -7.05442578e-02  3.53281908e-02
  -1.68767199e-02  7.11874291e-02  1.56575516e-02 -6.65893778e-03
   1.59314945e-01  1.31681591e-01  1.45388722e-01 -4.62894626e-02
  -3.67504247e-02  1.23183951e-01 -5.53780980e-02 -6.25872388e-02
   2.63752658e-02 -5.65864928e-02  5.72709478e-02 -5.96530139e-02
   7.62951514e-03 -2.94637810e-02  7.08156601e-02 -1.49163641e-02]
 [ 1.81475490e-01 -5.20653874e-02 -5.48835844e-02 -2.18822733e-01
  -9.81860422e-03  1.08870246e-01 -7.26526380e-02 -5.95824346e-02
  -9.30413902e-02 -2.91399397e-02 -9.97616127e-02  8.90823361e-03
  -9.22401026e-02  9.02064219e-02 -4.82191741e-02  1.66363642e-01
  -7.47939646e-02  1.24797344e-01 -5.32249771e-02  8.07474852e-02
   8.24331492e-02  1.55878112e-01 -6.25116006e-02  6.65012971e-02
   1.24789812e-01 -7.60620087e-02  1.16454609e-01  5.96123450e-02
   1.26573592e-01 -6.99654743e-02  8.21377058e-03  4.22801599e-02
   9.81792584e-02 -3.11582536e-02 -9.72564332e-03  6.95029870e-02
   1.06745668e-01 -8.34207609e-02  1.64089024e-01  8.70163925e-03
   1.13126012e-02 -5.38524799e-02 -1.03786677e-01 -2.69205542e-04
  -4.77755032e-02 -7.62537494e-02  2.13866949e-01 -8.88009518e-02
  -5.27658351e-02  6.78106472e-02 -9.93129015e-02 -2.79158391e-02
   1.77971303e-01 -2.60033160e-02  1.04405127e-01 -1.99060086e-02
  -6.72933087e-02  1.71624776e-02  1.12917989e-01 -8.52022842e-02
   7.53820613e-02 -4.59038690e-02  1.95273563e-01 -7.81345814e-02
   1.46968499e-01  1.70873120e-01  7.21084625e-02  1.28125668e-01
  -8.12870711e-02  1.18988797e-01 -6.07481375e-02 -7.27667101e-03
   8.41572881e-02 -3.92352566e-02  9.95157287e-02 -7.69681111e-02
  -2.99939457e-02 -1.48988783e-03  8.85279253e-02 -8.95916224e-02
   1.65691860e-02  1.04407564e-01 -8.44785124e-02 -3.07750292e-02
   1.55807389e-02 -9.24901217e-02 -3.37877795e-02  1.77627709e-02
   8.01538676e-02  7.28778634e-03  3.99248227e-02  1.12877060e-02
   4.34685200e-02 -5.79775050e-02  2.29634985e-01 -9.52927843e-02
  -6.84460402e-02 -6.84298947e-02 -8.30486119e-02  6.68876991e-02
   2.53777206e-03 -2.40361821e-02 -3.72249372e-02  7.32866004e-02
  -8.89309123e-02  9.45990309e-02 -6.91118911e-02  1.36872426e-01
   2.12560054e-02  1.16765089e-01 -5.83976433e-02 -7.44854659e-02
   1.60791457e-01 -4.72722054e-02  1.36074722e-01 -4.69416641e-02
  -5.13332076e-02 -1.05328746e-02 -6.70031011e-02  7.81357437e-02
  -3.87538597e-02  2.09164321e-02  2.47401036e-02 -7.55203366e-02
   5.27740642e-02 -4.55339588e-02 -8.11256915e-02 -6.41623288e-02]]
[[-1.47947818e-02 -6.34230226e-02 -3.16888914e-02 -8.72954577e-02
   4.98118773e-02 -2.85032671e-02 -3.63978446e-02  1.32598747e-02
   6.20257109e-02 -4.77270484e-02 -3.40632908e-02 -8.05079713e-02
  -2.70186104e-02  1.11435458e-01 -8.35475028e-02 -2.38315165e-02
   8.67803618e-02  7.49041513e-02  1.89688932e-02  1.42674735e-02
   1.89345405e-01  1.50445253e-01  2.85264235e-02  8.20043758e-02
   8.16478357e-02 -6.20485991e-02  1.90990523e-01 -4.83049825e-02
   1.76866818e-02 -6.71173409e-02 -4.82684970e-02  7.58342892e-02
   5.79544529e-02 -5.06072938e-02  2.71030329e-02  2.44272761e-02
   1.86834738e-01 -5.21005392e-02  2.91385591e-01 -8.77168179e-02
  -7.20943809e-02 -2.53455024e-02 -6.26164451e-02  4.41944487e-02
   5.81553131e-02 -7.03944936e-02  2.07622238e-02 -8.03986788e-02
   1.75075587e-02  4.11917306e-02 -1.07550569e-01  1.90249011e-02
   1.69591263e-01 -6.38073906e-02  4.64722030e-02  2.00201541e-01
  -1.17551662e-01 -8.73709247e-02  1.00272477e-01 -8.49667788e-02
   6.17961995e-02  1.49646550e-01  1.62720904e-01 -8.03176239e-02
  -6.21824376e-02  1.48457602e-01 -1.83530990e-02 -2.93150246e-02
  -3.02553382e-02  2.13874236e-01  7.72308484e-02 -7.82677308e-02
   5.47986962e-02 -7.34396577e-02  1.21418364e-01 -8.25508088e-02
   1.49924755e-01 -1.44624636e-02 -9.45775246e-04 -1.05200805e-01
   1.79435536e-01 -6.46157339e-02 -8.25928599e-02  1.25969812e-01
  -1.08211841e-02 -1.32237047e-01  5.75769059e-02  1.33638591e-01
   5.30774705e-02 -3.61854061e-02 -8.42266232e-02  1.56984687e-01
   1.00107722e-01 -5.89132309e-02  1.05245173e-01 -2.13137250e-02
   2.96621118e-02 -6.76358044e-02 -6.34082332e-02  1.34526230e-02
  -4.09500767e-03 -6.04355372e-02 -3.82165574e-02 -6.19998798e-02
  -5.92436567e-02 -7.69866630e-02 -7.05442578e-02  3.53281908e-02
  -1.68767199e-02  7.11874291e-02  1.56575516e-02 -6.65893778e-03
   1.59314945e-01  1.31681591e-01  1.45388722e-01 -4.62894626e-02
  -3.67504247e-02  1.23183951e-01 -5.53780980e-02 -6.25872388e-02
   2.63752658e-02 -5.65864928e-02  5.72709478e-02 -5.96530139e-02
   7.62951514e-03 -2.94637810e-02  7.08156601e-02 -1.49163641e-02]
 [ 1.81475490e-01 -5.20653874e-02 -5.48835844e-02 -2.18822733e-01
  -9.81860422e-03  1.08870246e-01 -7.26526380e-02 -5.95824346e-02
  -9.30413902e-02 -2.91399397e-02 -9.97616127e-02  8.90823361e-03
  -9.22401026e-02  9.02064219e-02 -4.82191741e-02  1.66363642e-01
  -7.47939646e-02  1.24797344e-01 -5.32249771e-02  8.07474852e-02
   8.24331492e-02  1.55878112e-01 -6.25116006e-02  6.65012971e-02
   1.24789812e-01 -7.60620087e-02  1.16454609e-01  5.96123450e-02
   1.26573592e-01 -6.99654743e-02  8.21377058e-03  4.22801599e-02
   9.81792584e-02 -3.11582536e-02 -9.72564332e-03  6.95029870e-02
   1.06745668e-01 -8.34207609e-02  1.64089024e-01  8.70163925e-03
   1.13126012e-02 -5.38524799e-02 -1.03786677e-01 -2.69205542e-04
  -4.77755032e-02 -7.62537494e-02  2.13866949e-01 -8.88009518e-02
  -5.27658351e-02  6.78106472e-02 -9.93129015e-02 -2.79158391e-02
   1.77971303e-01 -2.60033160e-02  1.04405127e-01 -1.99060086e-02
  -6.72933087e-02  1.71624776e-02  1.12917989e-01 -8.52022842e-02
   7.53820613e-02 -4.59038690e-02  1.95273563e-01 -7.81345814e-02
   1.46968499e-01  1.70873120e-01  7.21084625e-02  1.28125668e-01
  -8.12870711e-02  1.18988797e-01 -6.07481375e-02 -7.27667101e-03
   8.41572881e-02 -3.92352566e-02  9.95157287e-02 -7.69681111e-02
  -2.99939457e-02 -1.48988783e-03  8.85279253e-02 -8.95916224e-02
   1.65691860e-02  1.04407564e-01 -8.44785124e-02 -3.07750292e-02
   1.55807389e-02 -9.24901217e-02 -3.37877795e-02  1.77627709e-02
   8.01538676e-02  7.28778634e-03  3.99248227e-02  1.12877060e-02
   4.34685200e-02 -5.79775050e-02  2.29634985e-01 -9.52927843e-02
  -6.84460402e-02 -6.84298947e-02 -8.30486119e-02  6.68876991e-02
   2.53777206e-03 -2.40361821e-02 -3.72249372e-02  7.32866004e-02
  -8.89309123e-02  9.45990309e-02 -6.91118911e-02  1.36872426e-01
   2.12560054e-02  1.16765089e-01 -5.83976433e-02 -7.44854659e-02
   1.60791457e-01 -4.72722054e-02  1.36074722e-01 -4.69416641e-02
  -5.13332076e-02 -1.05328746e-02 -6.70031011e-02  7.81357437e-02
  -3.87538597e-02  2.09164321e-02  2.47401036e-02 -7.55203366e-02
   5.27740642e-02 -4.55339588e-02 -8.11256915e-02 -6.41623288e-02]]
[[-1.47947818e-02 -6.34230226e-02 -3.16888914e-02 -8.72954577e-02
   4.98118773e-02 -2.85032671e-02 -3.63978446e-02  1.32598747e-02
   6.20257109e-02 -4.77270484e-02 -3.40632908e-02 -8.05079713e-02
  -2.70186104e-02  1.11435458e-01 -8.35475028e-02 -2.38315165e-02
   8.67803618e-02  7.49041513e-02  1.89688932e-02  1.42674735e-02
   1.89345405e-01  1.50445253e-01  2.85264235e-02  8.20043758e-02
   8.16478357e-02 -6.20485991e-02  1.90990523e-01 -4.83049825e-02
   1.76866818e-02 -6.71173409e-02 -4.82684970e-02  7.58342892e-02
   5.79544529e-02 -5.06072938e-02  2.71030329e-02  2.44272761e-02
   1.86834738e-01 -5.21005392e-02  2.91385591e-01 -8.77168179e-02
  -7.20943809e-02 -2.53455024e-02 -6.26164451e-02  4.41944487e-02
   5.81553131e-02 -7.03944936e-02  2.07622238e-02 -8.03986788e-02
   1.75075587e-02  4.11917306e-02 -1.07550569e-01  1.90249011e-02
   1.69591263e-01 -6.38073906e-02  4.64722030e-02  2.00201541e-01
  -1.17551662e-01 -8.73709247e-02  1.00272477e-01 -8.49667788e-02
   6.17961995e-02  1.49646550e-01  1.62720904e-01 -8.03176239e-02
  -6.21824376e-02  1.48457602e-01 -1.83530990e-02 -2.93150246e-02
  -3.02553382e-02  2.13874236e-01  7.72308484e-02 -7.82677308e-02
   5.47986962e-02 -7.34396577e-02  1.21418364e-01 -8.25508088e-02
   1.49924755e-01 -1.44624636e-02 -9.45775246e-04 -1.05200805e-01
   1.79435536e-01 -6.46157339e-02 -8.25928599e-02  1.25969812e-01
  -1.08211841e-02 -1.32237047e-01  5.75769059e-02  1.33638591e-01
   5.30774705e-02 -3.61854061e-02 -8.42266232e-02  1.56984687e-01
   1.00107722e-01 -5.89132309e-02  1.05245173e-01 -2.13137250e-02
   2.96621118e-02 -6.76358044e-02 -6.34082332e-02  1.34526230e-02
  -4.09500767e-03 -6.04355372e-02 -3.82165574e-02 -6.19998798e-02
  -5.92436567e-02 -7.69866630e-02 -7.05442578e-02  3.53281908e-02
  -1.68767199e-02  7.11874291e-02  1.56575516e-02 -6.65893778e-03
   1.59314945e-01  1.31681591e-01  1.45388722e-01 -4.62894626e-02
  -3.67504247e-02  1.23183951e-01 -5.53780980e-02 -6.25872388e-02
   2.63752658e-02 -5.65864928e-02  5.72709478e-02 -5.96530139e-02
   7.62951514e-03 -2.94637810e-02  7.08156601e-02 -1.49163641e-02]
 [ 1.81475490e-01 -5.20653874e-02 -5.48835844e-02 -2.18822733e-01
  -9.81860422e-03  1.08870246e-01 -7.26526380e-02 -5.95824346e-02
  -9.30413902e-02 -2.91399397e-02 -9.97616127e-02  8.90823361e-03
  -9.22401026e-02  9.02064219e-02 -4.82191741e-02  1.66363642e-01
  -7.47939646e-02  1.24797344e-01 -5.32249771e-02  8.07474852e-02
   8.24331492e-02  1.55878112e-01 -6.25116006e-02  6.65012971e-02
   1.24789812e-01 -7.60620087e-02  1.16454609e-01  5.96123450e-02
   1.26573592e-01 -6.99654743e-02  8.21377058e-03  4.22801599e-02
   9.81792584e-02 -3.11582536e-02 -9.72564332e-03  6.95029870e-02
   1.06745668e-01 -8.34207609e-02  1.64089024e-01  8.70163925e-03
   1.13126012e-02 -5.38524799e-02 -1.03786677e-01 -2.69205542e-04
  -4.77755032e-02 -7.62537494e-02  2.13866949e-01 -8.88009518e-02
  -5.27658351e-02  6.78106472e-02 -9.93129015e-02 -2.79158391e-02
   1.77971303e-01 -2.60033160e-02  1.04405127e-01 -1.99060086e-02
  -6.72933087e-02  1.71624776e-02  1.12917989e-01 -8.52022842e-02
   7.53820613e-02 -4.59038690e-02  1.95273563e-01 -7.81345814e-02
   1.46968499e-01  1.70873120e-01  7.21084625e-02  1.28125668e-01
  -8.12870711e-02  1.18988797e-01 -6.07481375e-02 -7.27667101e-03
   8.41572881e-02 -3.92352566e-02  9.95157287e-02 -7.69681111e-02
  -2.99939457e-02 -1.48988783e-03  8.85279253e-02 -8.95916224e-02
   1.65691860e-02  1.04407564e-01 -8.44785124e-02 -3.07750292e-02
   1.55807389e-02 -9.24901217e-02 -3.37877795e-02  1.77627709e-02
   8.01538676e-02  7.28778634e-03  3.99248227e-02  1.12877060e-02
   4.34685200e-02 -5.79775050e-02  2.29634985e-01 -9.52927843e-02
  -6.84460402e-02 -6.84298947e-02 -8.30486119e-02  6.68876991e-02
   2.53777206e-03 -2.40361821e-02 -3.72249372e-02  7.32866004e-02
  -8.89309123e-02  9.45990309e-02 -6.91118911e-02  1.36872426e-01
   2.12560054e-02  1.16765089e-01 -5.83976433e-02 -7.44854659e-02
   1.60791457e-01 -4.72722054e-02  1.36074722e-01 -4.69416641e-02
  -5.13332076e-02 -1.05328746e-02 -6.70031011e-02  7.81357437e-02
  -3.87538597e-02  2.09164321e-02  2.47401036e-02 -7.55203366e-02
   5.27740642e-02 -4.55339588e-02 -8.11256915e-02 -6.41623288e-02]]
