[[ 5.40517084e-02 -6.37204126e-02 -5.15909791e-02 -2.09594652e-01
  -3.47399227e-02  9.87290889e-02 -7.96637237e-02 -8.18194598e-02
  -8.68740082e-02 -1.00935372e-02 -9.38743651e-02 -1.32519649e-02
  -5.53179681e-02  1.01283945e-01 -6.02695234e-02  1.64106518e-01
  -7.30015263e-02  8.68222117e-02 -6.04978129e-02  6.87389150e-02
   9.55796465e-02  1.15124717e-01 -1.22300014e-01  9.25302729e-02
   1.37637928e-01 -6.79484904e-02  1.45986453e-01  4.67607677e-02
   1.70934975e-01 -4.94214334e-02 -3.55965607e-02  2.13830546e-02
   9.47379619e-02 -4.21427861e-02 -3.09249535e-02  5.25915697e-02
   1.04212493e-01 -7.99969658e-02  1.89028233e-01 -3.33385952e-02
  -4.07517627e-02 -7.04045817e-02 -9.78419557e-02  1.76404808e-02
  -3.77303921e-02 -9.43983123e-02  1.36881068e-01 -9.08458382e-02
  -7.10738897e-02  1.65078454e-02 -1.00275904e-01 -1.47610148e-02
   2.11548194e-01 -5.75520433e-02  5.92964403e-02 -2.27539474e-03
  -4.23096195e-02 -4.47367728e-02  1.16458744e-01 -9.10862386e-02
   1.01314105e-01 -4.78996374e-02  2.24403098e-01 -6.48142099e-02
   1.60098448e-01  2.02845261e-01  4.91826981e-03  1.66690901e-01
  -8.72615129e-02  8.93105567e-02 -7.20116943e-02  2.39977036e-02
   7.09327757e-02  1.53438672e-02  6.02861866e-02 -1.01181149e-01
  -1.17163789e-02 -4.26562466e-02  6.81364536e-02 -8.65401551e-02
   3.53663862e-02  1.06561117e-01 -8.75345096e-02 -3.55619192e-02
   2.61377394e-02 -6.04836605e-02 -4.52250279e-02  7.65926111e-03
   4.49470878e-02  7.22943470e-02  1.71372648e-02  1.10413715e-01
  -1.78393573e-02 -7.01110438e-02  2.04067290e-01 -5.38417213e-02
  -6.79360032e-02 -7.06806853e-02 -9.44390073e-02  5.73578402e-02
  -2.18532570e-02 -2.14712340e-02 -4.22180295e-02  9.39719826e-02
  -9.23627764e-02  9.66440961e-02 -7.77598321e-02  1.58242121e-01
   7.99468383e-02  1.01140983e-01 -5.87126724e-02 -7.66767785e-02
   1.34209275e-01 -4.53590713e-02  9.85116810e-02  8.50362796e-03
  -6.29389361e-02  3.66848595e-02 -7.40157291e-02  1.23290695e-01
   3.22484225e-02  2.05487777e-02 -9.61433630e-03 -7.86182284e-02
   6.64600655e-02 -2.72204988e-02 -7.88299963e-02 -4.56374660e-02]
 [ 9.68456152e-04 -6.04165122e-02 -5.18746339e-02 -1.17003575e-01
  -2.40268391e-02  2.62536556e-02 -3.11929658e-02  4.84621897e-02
   7.23168775e-02 -4.48738150e-02 -3.13188545e-02 -8.44930634e-02
   2.13013757e-02  1.38764799e-01 -8.67532641e-02 -6.46591466e-03
   6.72961473e-02  9.66538489e-02  5.45541085e-02  3.24343913e-03
   2.07502887e-01  1.49716973e-01 -2.84517021e-03  1.29811957e-01
   1.06205851e-01 -4.37374376e-02  2.08961919e-01 -5.73235787e-02
   6.55305386e-02 -6.36520758e-02 -7.02144355e-02  1.13214612e-01
   1.11498877e-01 -8.55186805e-02  3.88934393e-03  2.73954831e-02
   9.46887359e-02 -4.92050014e-02  3.06648761e-01 -8.38763416e-02
  -7.83835053e-02 -1.00524789e-02 -4.52818833e-02  1.61911193e-02
   1.20780699e-01 -8.71319696e-02 -1.53305065e-02 -5.09478375e-02
   1.04148537e-02  3.89279760e-02 -1.12615943e-01  9.37347561e-02
   2.27596715e-01 -5.71807958e-02  2.35505700e-02  2.07686096e-01
  -8.48991275e-02 -9.08757970e-02  6.92702606e-02 -8.01333040e-02
   9.74792838e-02  1.39278054e-01  2.01450750e-01 -8.31404701e-02
  -2.16423515e-02  1.80332392e-01 -1.12625295e-02 -1.46202100e-02
  -6.26292825e-02  1.88859075e-01 -1.30356364e-02 -6.90687969e-02
   3.97272445e-02 -7.42573664e-02  7.36193210e-02 -8.69999453e-02
   8.50796402e-02 -2.95558032e-02  6.25287043e-03 -9.60547030e-02
   8.20141286e-02 -5.83172552e-02 -8.44006464e-02  9.87402946e-02
  -1.92235801e-02 -1.32811472e-01  6.87794983e-02  1.07091874e-01
   3.27383168e-02  1.35413744e-02 -6.24093711e-02  1.75393328e-01
   2.83992775e-02 -7.36776069e-02  2.61479598e-02  3.60633805e-02
   5.08093908e-02 -7.97225758e-02 -4.63518687e-02  3.38188111e-04
  -3.38900909e-02 -6.11541569e-02 -3.44947204e-02 -4.73956950e-02
  -6.87527284e-02 -5.99246360e-02 -6.43571317e-02  6.40732199e-02
  -5.25582675e-03  8.42107013e-02  3.75005715e-02  1.99414901e-02
   1.56905934e-01  7.01211020e-02  6.33160695e-02  6.01018742e-02
  -1.39921191e-04  1.24466397e-01 -2.62785312e-02 -5.66942710e-03
   7.91443214e-02 -7.38211423e-02  2.61621177e-02 -7.87739605e-02
   3.00760176e-02  4.35966142e-02  1.18944950e-01  3.68822217e-02]]
[[ 5.40517084e-02 -6.37204126e-02 -5.15909791e-02 -2.09594652e-01
  -3.47399227e-02  9.87290889e-02 -7.96637237e-02 -8.18194598e-02
  -8.68740082e-02 -1.00935372e-02 -9.38743651e-02 -1.32519649e-02
  -5.53179681e-02  1.01283945e-01 -6.02695234e-02  1.64106518e-01
  -7.30015263e-02  8.68222117e-02 -6.04978129e-02  6.87389150e-02
   9.55796465e-02  1.15124717e-01 -1.22300014e-01  9.25302729e-02
   1.37637928e-01 -6.79484904e-02  1.45986453e-01  4.67607677e-02
   1.70934975e-01 -4.94214334e-02 -3.55965607e-02  2.13830546e-02
   9.47379619e-02 -4.21427861e-02 -3.09249535e-02  5.25915697e-02
   1.04212493e-01 -7.99969658e-02  1.89028233e-01 -3.33385952e-02
  -4.07517627e-02 -7.04045817e-02 -9.78419557e-02  1.76404808e-02
  -3.77303921e-02 -9.43983123e-02  1.36881068e-01 -9.08458382e-02
  -7.10738897e-02  1.65078454e-02 -1.00275904e-01 -1.47610148e-02
   2.11548194e-01 -5.75520433e-02  5.92964403e-02 -2.27539474e-03
  -4.23096195e-02 -4.47367728e-02  1.16458744e-01 -9.10862386e-02
   1.01314105e-01 -4.78996374e-02  2.24403098e-01 -6.48142099e-02
   1.60098448e-01  2.02845261e-01  4.91826981e-03  1.66690901e-01
  -8.72615129e-02  8.93105567e-02 -7.20116943e-02  2.39977036e-02
   7.09327757e-02  1.53438672e-02  6.02861866e-02 -1.01181149e-01
  -1.17163789e-02 -4.26562466e-02  6.81364536e-02 -8.65401551e-02
   3.53663862e-02  1.06561117e-01 -8.75345096e-02 -3.55619192e-02
   2.61377394e-02 -6.04836605e-02 -4.52250279e-02  7.65926111e-03
   4.49470878e-02  7.22943470e-02  1.71372648e-02  1.10413715e-01
  -1.78393573e-02 -7.01110438e-02  2.04067290e-01 -5.38417213e-02
  -6.79360032e-02 -7.06806853e-02 -9.44390073e-02  5.73578402e-02
  -2.18532570e-02 -2.14712340e-02 -4.22180295e-02  9.39719826e-02
  -9.23627764e-02  9.66440961e-02 -7.77598321e-02  1.58242121e-01
   7.99468383e-02  1.01140983e-01 -5.87126724e-02 -7.66767785e-02
   1.34209275e-01 -4.53590713e-02  9.85116810e-02  8.50362796e-03
  -6.29389361e-02  3.66848595e-02 -7.40157291e-02  1.23290695e-01
   3.22484225e-02  2.05487777e-02 -9.61433630e-03 -7.86182284e-02
   6.64600655e-02 -2.72204988e-02 -7.88299963e-02 -4.56374660e-02]
 [ 9.68456152e-04 -6.04165122e-02 -5.18746339e-02 -1.17003575e-01
  -2.40268391e-02  2.62536556e-02 -3.11929658e-02  4.84621897e-02
   7.23168775e-02 -4.48738150e-02 -3.13188545e-02 -8.44930634e-02
   2.13013757e-02  1.38764799e-01 -8.67532641e-02 -6.46591466e-03
   6.72961473e-02  9.66538489e-02  5.45541085e-02  3.24343913e-03
   2.07502887e-01  1.49716973e-01 -2.84517021e-03  1.29811957e-01
   1.06205851e-01 -4.37374376e-02  2.08961919e-01 -5.73235787e-02
   6.55305386e-02 -6.36520758e-02 -7.02144355e-02  1.13214612e-01
   1.11498877e-01 -8.55186805e-02  3.88934393e-03  2.73954831e-02
   9.46887359e-02 -4.92050014e-02  3.06648761e-01 -8.38763416e-02
  -7.83835053e-02 -1.00524789e-02 -4.52818833e-02  1.61911193e-02
   1.20780699e-01 -8.71319696e-02 -1.53305065e-02 -5.09478375e-02
   1.04148537e-02  3.89279760e-02 -1.12615943e-01  9.37347561e-02
   2.27596715e-01 -5.71807958e-02  2.35505700e-02  2.07686096e-01
  -8.48991275e-02 -9.08757970e-02  6.92702606e-02 -8.01333040e-02
   9.74792838e-02  1.39278054e-01  2.01450750e-01 -8.31404701e-02
  -2.16423515e-02  1.80332392e-01 -1.12625295e-02 -1.46202100e-02
  -6.26292825e-02  1.88859075e-01 -1.30356364e-02 -6.90687969e-02
   3.97272445e-02 -7.42573664e-02  7.36193210e-02 -8.69999453e-02
   8.50796402e-02 -2.95558032e-02  6.25287043e-03 -9.60547030e-02
   8.20141286e-02 -5.83172552e-02 -8.44006464e-02  9.87402946e-02
  -1.92235801e-02 -1.32811472e-01  6.87794983e-02  1.07091874e-01
   3.27383168e-02  1.35413744e-02 -6.24093711e-02  1.75393328e-01
   2.83992775e-02 -7.36776069e-02  2.61479598e-02  3.60633805e-02
   5.08093908e-02 -7.97225758e-02 -4.63518687e-02  3.38188111e-04
  -3.38900909e-02 -6.11541569e-02 -3.44947204e-02 -4.73956950e-02
  -6.87527284e-02 -5.99246360e-02 -6.43571317e-02  6.40732199e-02
  -5.25582675e-03  8.42107013e-02  3.75005715e-02  1.99414901e-02
   1.56905934e-01  7.01211020e-02  6.33160695e-02  6.01018742e-02
  -1.39921191e-04  1.24466397e-01 -2.62785312e-02 -5.66942710e-03
   7.91443214e-02 -7.38211423e-02  2.61621177e-02 -7.87739605e-02
   3.00760176e-02  4.35966142e-02  1.18944950e-01  3.68822217e-02]]
[[ 5.40517084e-02 -6.37204126e-02 -5.15909791e-02 -2.09594652e-01
  -3.47399227e-02  9.87290889e-02 -7.96637237e-02 -8.18194598e-02
  -8.68740082e-02 -1.00935372e-02 -9.38743651e-02 -1.32519649e-02
  -5.53179681e-02  1.01283945e-01 -6.02695234e-02  1.64106518e-01
  -7.30015263e-02  8.68222117e-02 -6.04978129e-02  6.87389150e-02
   9.55796465e-02  1.15124717e-01 -1.22300014e-01  9.25302729e-02
   1.37637928e-01 -6.79484904e-02  1.45986453e-01  4.67607677e-02
   1.70934975e-01 -4.94214334e-02 -3.55965607e-02  2.13830546e-02
   9.47379619e-02 -4.21427861e-02 -3.09249535e-02  5.25915697e-02
   1.04212493e-01 -7.99969658e-02  1.89028233e-01 -3.33385952e-02
  -4.07517627e-02 -7.04045817e-02 -9.78419557e-02  1.76404808e-02
  -3.77303921e-02 -9.43983123e-02  1.36881068e-01 -9.08458382e-02
  -7.10738897e-02  1.65078454e-02 -1.00275904e-01 -1.47610148e-02
   2.11548194e-01 -5.75520433e-02  5.92964403e-02 -2.27539474e-03
  -4.23096195e-02 -4.47367728e-02  1.16458744e-01 -9.10862386e-02
   1.01314105e-01 -4.78996374e-02  2.24403098e-01 -6.48142099e-02
   1.60098448e-01  2.02845261e-01  4.91826981e-03  1.66690901e-01
  -8.72615129e-02  8.93105567e-02 -7.20116943e-02  2.39977036e-02
   7.09327757e-02  1.53438672e-02  6.02861866e-02 -1.01181149e-01
  -1.17163789e-02 -4.26562466e-02  6.81364536e-02 -8.65401551e-02
   3.53663862e-02  1.06561117e-01 -8.75345096e-02 -3.55619192e-02
   2.61377394e-02 -6.04836605e-02 -4.52250279e-02  7.65926111e-03
   4.49470878e-02  7.22943470e-02  1.71372648e-02  1.10413715e-01
  -1.78393573e-02 -7.01110438e-02  2.04067290e-01 -5.38417213e-02
  -6.79360032e-02 -7.06806853e-02 -9.44390073e-02  5.73578402e-02
  -2.18532570e-02 -2.14712340e-02 -4.22180295e-02  9.39719826e-02
  -9.23627764e-02  9.66440961e-02 -7.77598321e-02  1.58242121e-01
   7.99468383e-02  1.01140983e-01 -5.87126724e-02 -7.66767785e-02
   1.34209275e-01 -4.53590713e-02  9.85116810e-02  8.50362796e-03
  -6.29389361e-02  3.66848595e-02 -7.40157291e-02  1.23290695e-01
   3.22484225e-02  2.05487777e-02 -9.61433630e-03 -7.86182284e-02
   6.64600655e-02 -2.72204988e-02 -7.88299963e-02 -4.56374660e-02]
 [ 9.68456152e-04 -6.04165122e-02 -5.18746339e-02 -1.17003575e-01
  -2.40268391e-02  2.62536556e-02 -3.11929658e-02  4.84621897e-02
   7.23168775e-02 -4.48738150e-02 -3.13188545e-02 -8.44930634e-02
   2.13013757e-02  1.38764799e-01 -8.67532641e-02 -6.46591466e-03
   6.72961473e-02  9.66538489e-02  5.45541085e-02  3.24343913e-03
   2.07502887e-01  1.49716973e-01 -2.84517021e-03  1.29811957e-01
   1.06205851e-01 -4.37374376e-02  2.08961919e-01 -5.73235787e-02
   6.55305386e-02 -6.36520758e-02 -7.02144355e-02  1.13214612e-01
   1.11498877e-01 -8.55186805e-02  3.88934393e-03  2.73954831e-02
   9.46887359e-02 -4.92050014e-02  3.06648761e-01 -8.38763416e-02
  -7.83835053e-02 -1.00524789e-02 -4.52818833e-02  1.61911193e-02
   1.20780699e-01 -8.71319696e-02 -1.53305065e-02 -5.09478375e-02
   1.04148537e-02  3.89279760e-02 -1.12615943e-01  9.37347561e-02
   2.27596715e-01 -5.71807958e-02  2.35505700e-02  2.07686096e-01
  -8.48991275e-02 -9.08757970e-02  6.92702606e-02 -8.01333040e-02
   9.74792838e-02  1.39278054e-01  2.01450750e-01 -8.31404701e-02
  -2.16423515e-02  1.80332392e-01 -1.12625295e-02 -1.46202100e-02
  -6.26292825e-02  1.88859075e-01 -1.30356364e-02 -6.90687969e-02
   3.97272445e-02 -7.42573664e-02  7.36193210e-02 -8.69999453e-02
   8.50796402e-02 -2.95558032e-02  6.25287043e-03 -9.60547030e-02
   8.20141286e-02 -5.83172552e-02 -8.44006464e-02  9.87402946e-02
  -1.92235801e-02 -1.32811472e-01  6.87794983e-02  1.07091874e-01
   3.27383168e-02  1.35413744e-02 -6.24093711e-02  1.75393328e-01
   2.83992775e-02 -7.36776069e-02  2.61479598e-02  3.60633805e-02
   5.08093908e-02 -7.97225758e-02 -4.63518687e-02  3.38188111e-04
  -3.38900909e-02 -6.11541569e-02 -3.44947204e-02 -4.73956950e-02
  -6.87527284e-02 -5.99246360e-02 -6.43571317e-02  6.40732199e-02
  -5.25582675e-03  8.42107013e-02  3.75005715e-02  1.99414901e-02
   1.56905934e-01  7.01211020e-02  6.33160695e-02  6.01018742e-02
  -1.39921191e-04  1.24466397e-01 -2.62785312e-02 -5.66942710e-03
   7.91443214e-02 -7.38211423e-02  2.61621177e-02 -7.87739605e-02
   3.00760176e-02  4.35966142e-02  1.18944950e-01  3.68822217e-02]]
[[ 5.40517084e-02 -6.37204126e-02 -5.15909791e-02 -2.09594652e-01
  -3.47399227e-02  9.87290889e-02 -7.96637237e-02 -8.18194598e-02
  -8.68740082e-02 -1.00935372e-02 -9.38743651e-02 -1.32519649e-02
  -5.53179681e-02  1.01283945e-01 -6.02695234e-02  1.64106518e-01
  -7.30015263e-02  8.68222117e-02 -6.04978129e-02  6.87389150e-02
   9.55796465e-02  1.15124717e-01 -1.22300014e-01  9.25302729e-02
   1.37637928e-01 -6.79484904e-02  1.45986453e-01  4.67607677e-02
   1.70934975e-01 -4.94214334e-02 -3.55965607e-02  2.13830546e-02
   9.47379619e-02 -4.21427861e-02 -3.09249535e-02  5.25915697e-02
   1.04212493e-01 -7.99969658e-02  1.89028233e-01 -3.33385952e-02
  -4.07517627e-02 -7.04045817e-02 -9.78419557e-02  1.76404808e-02
  -3.77303921e-02 -9.43983123e-02  1.36881068e-01 -9.08458382e-02
  -7.10738897e-02  1.65078454e-02 -1.00275904e-01 -1.47610148e-02
   2.11548194e-01 -5.75520433e-02  5.92964403e-02 -2.27539474e-03
  -4.23096195e-02 -4.47367728e-02  1.16458744e-01 -9.10862386e-02
   1.01314105e-01 -4.78996374e-02  2.24403098e-01 -6.48142099e-02
   1.60098448e-01  2.02845261e-01  4.91826981e-03  1.66690901e-01
  -8.72615129e-02  8.93105567e-02 -7.20116943e-02  2.39977036e-02
   7.09327757e-02  1.53438672e-02  6.02861866e-02 -1.01181149e-01
  -1.17163789e-02 -4.26562466e-02  6.81364536e-02 -8.65401551e-02
   3.53663862e-02  1.06561117e-01 -8.75345096e-02 -3.55619192e-02
   2.61377394e-02 -6.04836605e-02 -4.52250279e-02  7.65926111e-03
   4.49470878e-02  7.22943470e-02  1.71372648e-02  1.10413715e-01
  -1.78393573e-02 -7.01110438e-02  2.04067290e-01 -5.38417213e-02
  -6.79360032e-02 -7.06806853e-02 -9.44390073e-02  5.73578402e-02
  -2.18532570e-02 -2.14712340e-02 -4.22180295e-02  9.39719826e-02
  -9.23627764e-02  9.66440961e-02 -7.77598321e-02  1.58242121e-01
   7.99468383e-02  1.01140983e-01 -5.87126724e-02 -7.66767785e-02
   1.34209275e-01 -4.53590713e-02  9.85116810e-02  8.50362796e-03
  -6.29389361e-02  3.66848595e-02 -7.40157291e-02  1.23290695e-01
   3.22484225e-02  2.05487777e-02 -9.61433630e-03 -7.86182284e-02
   6.64600655e-02 -2.72204988e-02 -7.88299963e-02 -4.56374660e-02]
 [ 9.68456152e-04 -6.04165122e-02 -5.18746339e-02 -1.17003575e-01
  -2.40268391e-02  2.62536556e-02 -3.11929658e-02  4.84621897e-02
   7.23168775e-02 -4.48738150e-02 -3.13188545e-02 -8.44930634e-02
   2.13013757e-02  1.38764799e-01 -8.67532641e-02 -6.46591466e-03
   6.72961473e-02  9.66538489e-02  5.45541085e-02  3.24343913e-03
   2.07502887e-01  1.49716973e-01 -2.84517021e-03  1.29811957e-01
   1.06205851e-01 -4.37374376e-02  2.08961919e-01 -5.73235787e-02
   6.55305386e-02 -6.36520758e-02 -7.02144355e-02  1.13214612e-01
   1.11498877e-01 -8.55186805e-02  3.88934393e-03  2.73954831e-02
   9.46887359e-02 -4.92050014e-02  3.06648761e-01 -8.38763416e-02
  -7.83835053e-02 -1.00524789e-02 -4.52818833e-02  1.61911193e-02
   1.20780699e-01 -8.71319696e-02 -1.53305065e-02 -5.09478375e-02
   1.04148537e-02  3.89279760e-02 -1.12615943e-01  9.37347561e-02
   2.27596715e-01 -5.71807958e-02  2.35505700e-02  2.07686096e-01
  -8.48991275e-02 -9.08757970e-02  6.92702606e-02 -8.01333040e-02
   9.74792838e-02  1.39278054e-01  2.01450750e-01 -8.31404701e-02
  -2.16423515e-02  1.80332392e-01 -1.12625295e-02 -1.46202100e-02
  -6.26292825e-02  1.88859075e-01 -1.30356364e-02 -6.90687969e-02
   3.97272445e-02 -7.42573664e-02  7.36193210e-02 -8.69999453e-02
   8.50796402e-02 -2.95558032e-02  6.25287043e-03 -9.60547030e-02
   8.20141286e-02 -5.83172552e-02 -8.44006464e-02  9.87402946e-02
  -1.92235801e-02 -1.32811472e-01  6.87794983e-02  1.07091874e-01
   3.27383168e-02  1.35413744e-02 -6.24093711e-02  1.75393328e-01
   2.83992775e-02 -7.36776069e-02  2.61479598e-02  3.60633805e-02
   5.08093908e-02 -7.97225758e-02 -4.63518687e-02  3.38188111e-04
  -3.38900909e-02 -6.11541569e-02 -3.44947204e-02 -4.73956950e-02
  -6.87527284e-02 -5.99246360e-02 -6.43571317e-02  6.40732199e-02
  -5.25582675e-03  8.42107013e-02  3.75005715e-02  1.99414901e-02
   1.56905934e-01  7.01211020e-02  6.33160695e-02  6.01018742e-02
  -1.39921191e-04  1.24466397e-01 -2.62785312e-02 -5.66942710e-03
   7.91443214e-02 -7.38211423e-02  2.61621177e-02 -7.87739605e-02
   3.00760176e-02  4.35966142e-02  1.18944950e-01  3.68822217e-02]]
