[[ 1.45096974e-02 -6.72830492e-02 -4.87327166e-02 -1.08719237e-01
  -1.63653865e-02 -1.05837155e-02 -2.19074655e-02  5.86339608e-02
   7.15723932e-02 -4.78645489e-02 -3.48389372e-02 -8.32802132e-02
  -2.17623282e-02  1.51336387e-01 -8.62170383e-02 -2.36395970e-02
   6.30719736e-02  5.37221916e-02  4.74650934e-02  2.57234331e-02
   1.93050101e-01  1.48011386e-01  4.93169529e-03  1.09678455e-01
   8.30936655e-02 -5.43147586e-02  2.27487043e-01 -5.69754504e-02
   3.34723964e-02 -6.86424300e-02 -6.94094375e-02  1.19211316e-01
   8.26990679e-02 -1.05460323e-01 -1.84772275e-02  6.37556240e-02
   1.06151834e-01 -4.89866249e-02  2.96444803e-01 -9.36700478e-02
  -8.23727176e-02 -1.52666578e-02 -7.31419325e-02  1.24587258e-02
   8.47775936e-02 -8.26166570e-02  3.26590193e-03 -5.10713458e-02
   3.86273442e-03  7.83161260e-03 -1.15400799e-01  8.51736143e-02
   2.03910962e-01 -6.03744239e-02  3.58620062e-02  2.33624548e-01
  -8.23899135e-02 -7.63376802e-02  8.40343535e-02 -8.14704075e-02
   9.37252417e-02  1.38528988e-01  1.86404526e-01 -8.51683617e-02
  -2.38242256e-03  1.48053482e-01  1.36320638e-02 -3.23483869e-02
  -5.43106422e-02  2.04981118e-01  3.17140343e-03 -7.02023283e-02
   1.26354732e-02 -6.79310262e-02  5.25794253e-02 -8.31671208e-02
   1.10490650e-01 -3.12280525e-02  1.59937807e-03 -1.05114870e-01
   9.45533440e-02 -7.90832564e-02 -8.48507583e-02  1.08751215e-01
  -9.23677720e-03 -1.34382188e-01  8.51049498e-02  1.27320230e-01
   6.01215139e-02 -4.06951122e-02 -7.04608411e-02  1.77074283e-01
   2.29304899e-02 -8.01421329e-02  5.75433038e-02  1.76784419e-03
   5.34670837e-02 -8.07812363e-02 -5.82408570e-02 -1.15961852e-02
  -3.37404571e-02 -5.87864108e-02 -3.80571410e-02 -5.08572944e-02
  -7.88767934e-02 -7.08355308e-02 -6.82927370e-02  4.05573957e-02
  -2.22392771e-02  7.10239410e-02  3.50232981e-02  4.86921370e-02
   1.62066653e-01  4.98047397e-02  7.75477216e-02  4.34202328e-03
  -1.65358465e-02  1.11922882e-01 -2.86882911e-02 -3.57563086e-02
   9.84334126e-02 -8.29421133e-02  2.71981657e-02 -7.87690952e-02
   4.79070768e-02  6.22723363e-02  1.00448519e-01  4.62503955e-02]
 [ 1.57642812e-01 -7.32453167e-02 -6.56885579e-02 -2.47647211e-01
  -2.04240717e-02  1.89253166e-01 -8.41104835e-02 -8.26609433e-02
  -9.61691886e-02 -5.56701841e-03 -1.03724636e-01  9.80460551e-03
  -9.00044218e-02  7.29668438e-02 -7.30765611e-02  1.53847605e-01
  -8.40132535e-02  7.39386976e-02 -5.75217865e-02  2.80208848e-02
   9.92781892e-02  7.12099746e-02 -8.07303488e-02  5.64825013e-02
   5.54207042e-02 -7.55511746e-02  1.55306503e-01  3.26895751e-02
   1.18005835e-01 -6.00619912e-02 -4.61124368e-02  9.79926344e-03
   6.46015182e-02 -6.00911584e-03 -5.40072992e-02  6.21889010e-02
   1.18199915e-01 -9.35559645e-02  1.49259731e-01 -1.51858956e-04
  -8.16149451e-03 -6.97885677e-02 -1.00482732e-01 -1.34404041e-02
  -5.00859953e-02 -8.80431011e-02  2.48148128e-01 -9.82334018e-02
  -6.78367764e-02  2.73258556e-02 -9.09848809e-02 -4.10230570e-02
   1.23031773e-01 -6.35437667e-02  1.05711296e-01 -1.95082109e-02
  -3.30316350e-02  3.14635038e-03  1.01078764e-01 -8.67575258e-02
   8.36300105e-02 -5.52182533e-02  1.46192968e-01 -7.19620064e-02
   1.96311623e-01  1.35280594e-01  1.90507360e-02  1.09460108e-01
  -9.14874524e-02  9.81756672e-02 -6.64997548e-02  1.22865383e-02
   9.24835578e-02  2.56997235e-02  6.69473708e-02 -8.00892711e-02
   8.95187166e-03 -2.37719472e-02  7.17208013e-02 -1.06605947e-01
   1.88069735e-02  1.58479169e-01 -9.03667584e-02 -4.24821414e-02
   1.07111791e-02 -4.89916205e-02 -3.84512432e-02  4.57761623e-02
   8.78325179e-02 -1.72172207e-02 -5.07216807e-03  3.18139605e-02
  -1.58314798e-02 -7.79311135e-02  2.10562244e-01 -8.73973742e-02
  -5.89445867e-02 -4.41393144e-02 -7.96711892e-02  5.30434772e-02
  -4.56519537e-02 -7.35854059e-02 -6.96984455e-02  3.32944952e-02
  -7.22831264e-02  1.38997406e-01 -8.58391374e-02  1.52238443e-01
   7.17192590e-02  1.29864544e-01 -5.76592274e-02 -6.08815700e-02
   1.57410026e-01 -3.68075110e-02  1.43675312e-01  1.12463022e-02
  -4.83745970e-02  8.42665686e-05 -5.98290935e-02  9.82673019e-02
  -9.50279087e-03 -1.66639891e-02  3.57660651e-02 -7.89745227e-02
   8.71189907e-02 -2.61338409e-02 -9.46874395e-02 -6.77570924e-02]]
[[ 1.45096974e-02 -6.72830492e-02 -4.87327166e-02 -1.08719237e-01
  -1.63653865e-02 -1.05837155e-02 -2.19074655e-02  5.86339608e-02
   7.15723932e-02 -4.78645489e-02 -3.48389372e-02 -8.32802132e-02
  -2.17623282e-02  1.51336387e-01 -8.62170383e-02 -2.36395970e-02
   6.30719736e-02  5.37221916e-02  4.74650934e-02  2.57234331e-02
   1.93050101e-01  1.48011386e-01  4.93169529e-03  1.09678455e-01
   8.30936655e-02 -5.43147586e-02  2.27487043e-01 -5.69754504e-02
   3.34723964e-02 -6.86424300e-02 -6.94094375e-02  1.19211316e-01
   8.26990679e-02 -1.05460323e-01 -1.84772275e-02  6.37556240e-02
   1.06151834e-01 -4.89866249e-02  2.96444803e-01 -9.36700478e-02
  -8.23727176e-02 -1.52666578e-02 -7.31419325e-02  1.24587258e-02
   8.47775936e-02 -8.26166570e-02  3.26590193e-03 -5.10713458e-02
   3.86273442e-03  7.83161260e-03 -1.15400799e-01  8.51736143e-02
   2.03910962e-01 -6.03744239e-02  3.58620062e-02  2.33624548e-01
  -8.23899135e-02 -7.63376802e-02  8.40343535e-02 -8.14704075e-02
   9.37252417e-02  1.38528988e-01  1.86404526e-01 -8.51683617e-02
  -2.38242256e-03  1.48053482e-01  1.36320638e-02 -3.23483869e-02
  -5.43106422e-02  2.04981118e-01  3.17140343e-03 -7.02023283e-02
   1.26354732e-02 -6.79310262e-02  5.25794253e-02 -8.31671208e-02
   1.10490650e-01 -3.12280525e-02  1.59937807e-03 -1.05114870e-01
   9.45533440e-02 -7.90832564e-02 -8.48507583e-02  1.08751215e-01
  -9.23677720e-03 -1.34382188e-01  8.51049498e-02  1.27320230e-01
   6.01215139e-02 -4.06951122e-02 -7.04608411e-02  1.77074283e-01
   2.29304899e-02 -8.01421329e-02  5.75433038e-02  1.76784419e-03
   5.34670837e-02 -8.07812363e-02 -5.82408570e-02 -1.15961852e-02
  -3.37404571e-02 -5.87864108e-02 -3.80571410e-02 -5.08572944e-02
  -7.88767934e-02 -7.08355308e-02 -6.82927370e-02  4.05573957e-02
  -2.22392771e-02  7.10239410e-02  3.50232981e-02  4.86921370e-02
   1.62066653e-01  4.98047397e-02  7.75477216e-02  4.34202328e-03
  -1.65358465e-02  1.11922882e-01 -2.86882911e-02 -3.57563086e-02
   9.84334126e-02 -8.29421133e-02  2.71981657e-02 -7.87690952e-02
   4.79070768e-02  6.22723363e-02  1.00448519e-01  4.62503955e-02]
 [ 1.57642812e-01 -7.32453167e-02 -6.56885579e-02 -2.47647211e-01
  -2.04240717e-02  1.89253166e-01 -8.41104835e-02 -8.26609433e-02
  -9.61691886e-02 -5.56701841e-03 -1.03724636e-01  9.80460551e-03
  -9.00044218e-02  7.29668438e-02 -7.30765611e-02  1.53847605e-01
  -8.40132535e-02  7.39386976e-02 -5.75217865e-02  2.80208848e-02
   9.92781892e-02  7.12099746e-02 -8.07303488e-02  5.64825013e-02
   5.54207042e-02 -7.55511746e-02  1.55306503e-01  3.26895751e-02
   1.18005835e-01 -6.00619912e-02 -4.61124368e-02  9.79926344e-03
   6.46015182e-02 -6.00911584e-03 -5.40072992e-02  6.21889010e-02
   1.18199915e-01 -9.35559645e-02  1.49259731e-01 -1.51858956e-04
  -8.16149451e-03 -6.97885677e-02 -1.00482732e-01 -1.34404041e-02
  -5.00859953e-02 -8.80431011e-02  2.48148128e-01 -9.82334018e-02
  -6.78367764e-02  2.73258556e-02 -9.09848809e-02 -4.10230570e-02
   1.23031773e-01 -6.35437667e-02  1.05711296e-01 -1.95082109e-02
  -3.30316350e-02  3.14635038e-03  1.01078764e-01 -8.67575258e-02
   8.36300105e-02 -5.52182533e-02  1.46192968e-01 -7.19620064e-02
   1.96311623e-01  1.35280594e-01  1.90507360e-02  1.09460108e-01
  -9.14874524e-02  9.81756672e-02 -6.64997548e-02  1.22865383e-02
   9.24835578e-02  2.56997235e-02  6.69473708e-02 -8.00892711e-02
   8.95187166e-03 -2.37719472e-02  7.17208013e-02 -1.06605947e-01
   1.88069735e-02  1.58479169e-01 -9.03667584e-02 -4.24821414e-02
   1.07111791e-02 -4.89916205e-02 -3.84512432e-02  4.57761623e-02
   8.78325179e-02 -1.72172207e-02 -5.07216807e-03  3.18139605e-02
  -1.58314798e-02 -7.79311135e-02  2.10562244e-01 -8.73973742e-02
  -5.89445867e-02 -4.41393144e-02 -7.96711892e-02  5.30434772e-02
  -4.56519537e-02 -7.35854059e-02 -6.96984455e-02  3.32944952e-02
  -7.22831264e-02  1.38997406e-01 -8.58391374e-02  1.52238443e-01
   7.17192590e-02  1.29864544e-01 -5.76592274e-02 -6.08815700e-02
   1.57410026e-01 -3.68075110e-02  1.43675312e-01  1.12463022e-02
  -4.83745970e-02  8.42665686e-05 -5.98290935e-02  9.82673019e-02
  -9.50279087e-03 -1.66639891e-02  3.57660651e-02 -7.89745227e-02
   8.71189907e-02 -2.61338409e-02 -9.46874395e-02 -6.77570924e-02]]
[[ 1.45096974e-02 -6.72830492e-02 -4.87327166e-02 -1.08719237e-01
  -1.63653865e-02 -1.05837155e-02 -2.19074655e-02  5.86339608e-02
   7.15723932e-02 -4.78645489e-02 -3.48389372e-02 -8.32802132e-02
  -2.17623282e-02  1.51336387e-01 -8.62170383e-02 -2.36395970e-02
   6.30719736e-02  5.37221916e-02  4.74650934e-02  2.57234331e-02
   1.93050101e-01  1.48011386e-01  4.93169529e-03  1.09678455e-01
   8.30936655e-02 -5.43147586e-02  2.27487043e-01 -5.69754504e-02
   3.34723964e-02 -6.86424300e-02 -6.94094375e-02  1.19211316e-01
   8.26990679e-02 -1.05460323e-01 -1.84772275e-02  6.37556240e-02
   1.06151834e-01 -4.89866249e-02  2.96444803e-01 -9.36700478e-02
  -8.23727176e-02 -1.52666578e-02 -7.31419325e-02  1.24587258e-02
   8.47775936e-02 -8.26166570e-02  3.26590193e-03 -5.10713458e-02
   3.86273442e-03  7.83161260e-03 -1.15400799e-01  8.51736143e-02
   2.03910962e-01 -6.03744239e-02  3.58620062e-02  2.33624548e-01
  -8.23899135e-02 -7.63376802e-02  8.40343535e-02 -8.14704075e-02
   9.37252417e-02  1.38528988e-01  1.86404526e-01 -8.51683617e-02
  -2.38242256e-03  1.48053482e-01  1.36320638e-02 -3.23483869e-02
  -5.43106422e-02  2.04981118e-01  3.17140343e-03 -7.02023283e-02
   1.26354732e-02 -6.79310262e-02  5.25794253e-02 -8.31671208e-02
   1.10490650e-01 -3.12280525e-02  1.59937807e-03 -1.05114870e-01
   9.45533440e-02 -7.90832564e-02 -8.48507583e-02  1.08751215e-01
  -9.23677720e-03 -1.34382188e-01  8.51049498e-02  1.27320230e-01
   6.01215139e-02 -4.06951122e-02 -7.04608411e-02  1.77074283e-01
   2.29304899e-02 -8.01421329e-02  5.75433038e-02  1.76784419e-03
   5.34670837e-02 -8.07812363e-02 -5.82408570e-02 -1.15961852e-02
  -3.37404571e-02 -5.87864108e-02 -3.80571410e-02 -5.08572944e-02
  -7.88767934e-02 -7.08355308e-02 -6.82927370e-02  4.05573957e-02
  -2.22392771e-02  7.10239410e-02  3.50232981e-02  4.86921370e-02
   1.62066653e-01  4.98047397e-02  7.75477216e-02  4.34202328e-03
  -1.65358465e-02  1.11922882e-01 -2.86882911e-02 -3.57563086e-02
   9.84334126e-02 -8.29421133e-02  2.71981657e-02 -7.87690952e-02
   4.79070768e-02  6.22723363e-02  1.00448519e-01  4.62503955e-02]
 [ 1.57642812e-01 -7.32453167e-02 -6.56885579e-02 -2.47647211e-01
  -2.04240717e-02  1.89253166e-01 -8.41104835e-02 -8.26609433e-02
  -9.61691886e-02 -5.56701841e-03 -1.03724636e-01  9.80460551e-03
  -9.00044218e-02  7.29668438e-02 -7.30765611e-02  1.53847605e-01
  -8.40132535e-02  7.39386976e-02 -5.75217865e-02  2.80208848e-02
   9.92781892e-02  7.12099746e-02 -8.07303488e-02  5.64825013e-02
   5.54207042e-02 -7.55511746e-02  1.55306503e-01  3.26895751e-02
   1.18005835e-01 -6.00619912e-02 -4.61124368e-02  9.79926344e-03
   6.46015182e-02 -6.00911584e-03 -5.40072992e-02  6.21889010e-02
   1.18199915e-01 -9.35559645e-02  1.49259731e-01 -1.51858956e-04
  -8.16149451e-03 -6.97885677e-02 -1.00482732e-01 -1.34404041e-02
  -5.00859953e-02 -8.80431011e-02  2.48148128e-01 -9.82334018e-02
  -6.78367764e-02  2.73258556e-02 -9.09848809e-02 -4.10230570e-02
   1.23031773e-01 -6.35437667e-02  1.05711296e-01 -1.95082109e-02
  -3.30316350e-02  3.14635038e-03  1.01078764e-01 -8.67575258e-02
   8.36300105e-02 -5.52182533e-02  1.46192968e-01 -7.19620064e-02
   1.96311623e-01  1.35280594e-01  1.90507360e-02  1.09460108e-01
  -9.14874524e-02  9.81756672e-02 -6.64997548e-02  1.22865383e-02
   9.24835578e-02  2.56997235e-02  6.69473708e-02 -8.00892711e-02
   8.95187166e-03 -2.37719472e-02  7.17208013e-02 -1.06605947e-01
   1.88069735e-02  1.58479169e-01 -9.03667584e-02 -4.24821414e-02
   1.07111791e-02 -4.89916205e-02 -3.84512432e-02  4.57761623e-02
   8.78325179e-02 -1.72172207e-02 -5.07216807e-03  3.18139605e-02
  -1.58314798e-02 -7.79311135e-02  2.10562244e-01 -8.73973742e-02
  -5.89445867e-02 -4.41393144e-02 -7.96711892e-02  5.30434772e-02
  -4.56519537e-02 -7.35854059e-02 -6.96984455e-02  3.32944952e-02
  -7.22831264e-02  1.38997406e-01 -8.58391374e-02  1.52238443e-01
   7.17192590e-02  1.29864544e-01 -5.76592274e-02 -6.08815700e-02
   1.57410026e-01 -3.68075110e-02  1.43675312e-01  1.12463022e-02
  -4.83745970e-02  8.42665686e-05 -5.98290935e-02  9.82673019e-02
  -9.50279087e-03 -1.66639891e-02  3.57660651e-02 -7.89745227e-02
   8.71189907e-02 -2.61338409e-02 -9.46874395e-02 -6.77570924e-02]]
[[ 1.45096974e-02 -6.72830492e-02 -4.87327166e-02 -1.08719237e-01
  -1.63653865e-02 -1.05837155e-02 -2.19074655e-02  5.86339608e-02
   7.15723932e-02 -4.78645489e-02 -3.48389372e-02 -8.32802132e-02
  -2.17623282e-02  1.51336387e-01 -8.62170383e-02 -2.36395970e-02
   6.30719736e-02  5.37221916e-02  4.74650934e-02  2.57234331e-02
   1.93050101e-01  1.48011386e-01  4.93169529e-03  1.09678455e-01
   8.30936655e-02 -5.43147586e-02  2.27487043e-01 -5.69754504e-02
   3.34723964e-02 -6.86424300e-02 -6.94094375e-02  1.19211316e-01
   8.26990679e-02 -1.05460323e-01 -1.84772275e-02  6.37556240e-02
   1.06151834e-01 -4.89866249e-02  2.96444803e-01 -9.36700478e-02
  -8.23727176e-02 -1.52666578e-02 -7.31419325e-02  1.24587258e-02
   8.47775936e-02 -8.26166570e-02  3.26590193e-03 -5.10713458e-02
   3.86273442e-03  7.83161260e-03 -1.15400799e-01  8.51736143e-02
   2.03910962e-01 -6.03744239e-02  3.58620062e-02  2.33624548e-01
  -8.23899135e-02 -7.63376802e-02  8.40343535e-02 -8.14704075e-02
   9.37252417e-02  1.38528988e-01  1.86404526e-01 -8.51683617e-02
  -2.38242256e-03  1.48053482e-01  1.36320638e-02 -3.23483869e-02
  -5.43106422e-02  2.04981118e-01  3.17140343e-03 -7.02023283e-02
   1.26354732e-02 -6.79310262e-02  5.25794253e-02 -8.31671208e-02
   1.10490650e-01 -3.12280525e-02  1.59937807e-03 -1.05114870e-01
   9.45533440e-02 -7.90832564e-02 -8.48507583e-02  1.08751215e-01
  -9.23677720e-03 -1.34382188e-01  8.51049498e-02  1.27320230e-01
   6.01215139e-02 -4.06951122e-02 -7.04608411e-02  1.77074283e-01
   2.29304899e-02 -8.01421329e-02  5.75433038e-02  1.76784419e-03
   5.34670837e-02 -8.07812363e-02 -5.82408570e-02 -1.15961852e-02
  -3.37404571e-02 -5.87864108e-02 -3.80571410e-02 -5.08572944e-02
  -7.88767934e-02 -7.08355308e-02 -6.82927370e-02  4.05573957e-02
  -2.22392771e-02  7.10239410e-02  3.50232981e-02  4.86921370e-02
   1.62066653e-01  4.98047397e-02  7.75477216e-02  4.34202328e-03
  -1.65358465e-02  1.11922882e-01 -2.86882911e-02 -3.57563086e-02
   9.84334126e-02 -8.29421133e-02  2.71981657e-02 -7.87690952e-02
   4.79070768e-02  6.22723363e-02  1.00448519e-01  4.62503955e-02]
 [ 1.57642812e-01 -7.32453167e-02 -6.56885579e-02 -2.47647211e-01
  -2.04240717e-02  1.89253166e-01 -8.41104835e-02 -8.26609433e-02
  -9.61691886e-02 -5.56701841e-03 -1.03724636e-01  9.80460551e-03
  -9.00044218e-02  7.29668438e-02 -7.30765611e-02  1.53847605e-01
  -8.40132535e-02  7.39386976e-02 -5.75217865e-02  2.80208848e-02
   9.92781892e-02  7.12099746e-02 -8.07303488e-02  5.64825013e-02
   5.54207042e-02 -7.55511746e-02  1.55306503e-01  3.26895751e-02
   1.18005835e-01 -6.00619912e-02 -4.61124368e-02  9.79926344e-03
   6.46015182e-02 -6.00911584e-03 -5.40072992e-02  6.21889010e-02
   1.18199915e-01 -9.35559645e-02  1.49259731e-01 -1.51858956e-04
  -8.16149451e-03 -6.97885677e-02 -1.00482732e-01 -1.34404041e-02
  -5.00859953e-02 -8.80431011e-02  2.48148128e-01 -9.82334018e-02
  -6.78367764e-02  2.73258556e-02 -9.09848809e-02 -4.10230570e-02
   1.23031773e-01 -6.35437667e-02  1.05711296e-01 -1.95082109e-02
  -3.30316350e-02  3.14635038e-03  1.01078764e-01 -8.67575258e-02
   8.36300105e-02 -5.52182533e-02  1.46192968e-01 -7.19620064e-02
   1.96311623e-01  1.35280594e-01  1.90507360e-02  1.09460108e-01
  -9.14874524e-02  9.81756672e-02 -6.64997548e-02  1.22865383e-02
   9.24835578e-02  2.56997235e-02  6.69473708e-02 -8.00892711e-02
   8.95187166e-03 -2.37719472e-02  7.17208013e-02 -1.06605947e-01
   1.88069735e-02  1.58479169e-01 -9.03667584e-02 -4.24821414e-02
   1.07111791e-02 -4.89916205e-02 -3.84512432e-02  4.57761623e-02
   8.78325179e-02 -1.72172207e-02 -5.07216807e-03  3.18139605e-02
  -1.58314798e-02 -7.79311135e-02  2.10562244e-01 -8.73973742e-02
  -5.89445867e-02 -4.41393144e-02 -7.96711892e-02  5.30434772e-02
  -4.56519537e-02 -7.35854059e-02 -6.96984455e-02  3.32944952e-02
  -7.22831264e-02  1.38997406e-01 -8.58391374e-02  1.52238443e-01
   7.17192590e-02  1.29864544e-01 -5.76592274e-02 -6.08815700e-02
   1.57410026e-01 -3.68075110e-02  1.43675312e-01  1.12463022e-02
  -4.83745970e-02  8.42665686e-05 -5.98290935e-02  9.82673019e-02
  -9.50279087e-03 -1.66639891e-02  3.57660651e-02 -7.89745227e-02
   8.71189907e-02 -2.61338409e-02 -9.46874395e-02 -6.77570924e-02]]
