[[-0.02210627 -0.05813136 -0.02207534 -0.07340581  0.02390083 -0.02788173
  -0.02792385  0.03028215  0.06610632 -0.04283249 -0.04949495 -0.07113927
  -0.01118154  0.14901231 -0.08587689 -0.02606755  0.07103166  0.04963041
   0.03642216 -0.01457227  0.18752201  0.12427584  0.00409302  0.12756428
   0.07835575 -0.06095555  0.22913305 -0.05691223  0.00089051 -0.06393157
  -0.06483253  0.1274905   0.06331865 -0.10089475 -0.01732774  0.04785634
   0.14393489 -0.05035322  0.29878914 -0.09902697 -0.07936016 -0.0173402
  -0.06642049  0.02169472  0.09550959 -0.08196564  0.00145133 -0.07009895
   0.0033097   0.04130724 -0.11594056  0.05326806  0.19693246 -0.05974496
   0.0233097   0.19666228 -0.09778144 -0.10517737  0.09500696 -0.08667911
   0.08535645  0.13041252  0.16708441 -0.08684514 -0.02292234  0.15388589
  -0.00717178 -0.01953284 -0.02713937  0.2150584   0.0474172  -0.08511017
   0.01979811 -0.0679921   0.07389603 -0.08907399  0.1129497  -0.03723926
  -0.01492379 -0.11603361  0.1635632  -0.05764901 -0.08638422  0.09799001
   0.01564027 -0.132876    0.07735204  0.13857774  0.05084353 -0.04699335
  -0.08061     0.18210462  0.02645211 -0.07387885  0.06303185  0.00903688
   0.03499135 -0.08177625 -0.05763821 -0.00296643 -0.03022021 -0.05489513
  -0.02845051 -0.05681859 -0.07975148 -0.07091311 -0.06907291  0.0415001
  -0.01838219  0.06656139  0.02109127  0.01137033  0.16435863  0.10238997
   0.12818886  0.00570762 -0.02310617  0.10921959 -0.03490127 -0.05365341
   0.05882751 -0.07849719  0.04407116 -0.07103592  0.01850132 -0.01198449
   0.08126804  0.01677287]
 [ 0.15061177 -0.06125128 -0.05230314 -0.22476985 -0.01129237  0.1514346
  -0.08455576 -0.07611651 -0.08988866  0.0009941  -0.10287359  0.00658892
  -0.08850897  0.07682506 -0.06155161  0.15667257 -0.08256945  0.09293976
  -0.06688657  0.05595226  0.12831779  0.09963188 -0.06619012  0.06465112
   0.10456187 -0.07009045  0.14741616  0.05277321  0.10483312 -0.05975413
  -0.02109984  0.015976    0.08716995 -0.02097779 -0.03658003  0.05801192
   0.13658431 -0.09167968  0.18007928  0.01244486 -0.0079914  -0.05538814
  -0.08522338  0.00393257 -0.03678595 -0.08336166  0.2508653  -0.09700444
  -0.06541842  0.04732374 -0.09499311 -0.04090543  0.15278906 -0.05134053
   0.10437208 -0.01178155 -0.03999529 -0.00221074  0.10757446 -0.08986768
   0.06585208 -0.0399459   0.16842927 -0.07381456  0.18441437  0.13852948
   0.03568775  0.11980438 -0.08412115  0.09357303 -0.06238269 -0.00942513
   0.10098112 -0.02083351  0.06851722 -0.08397634  0.01191038 -0.00035854
   0.07379    -0.10214327  0.0423855   0.1258644  -0.0890119  -0.03885234
  -0.00128531 -0.07833224 -0.03204942  0.04405901  0.09181821 -0.01015267
  -0.01041954  0.05269887  0.01362482 -0.06989408  0.23282503 -0.0744032
  -0.06393622 -0.04248139 -0.08352491  0.05356983 -0.03674613 -0.07113213
  -0.05408021  0.04800127 -0.07702022  0.1069369  -0.08319931  0.15344028
   0.04811911  0.1250885  -0.05583408 -0.06063903  0.17886065 -0.02665465
   0.13823216 -0.0208756  -0.04840737  0.01390628 -0.06699953  0.0888892
  -0.02189943  0.01309763  0.03028142 -0.07113455  0.06655609 -0.03947744
  -0.08817359 -0.06510014]]
[[-0.02210627 -0.05813136 -0.02207534 -0.07340581  0.02390083 -0.02788173
  -0.02792385  0.03028215  0.06610632 -0.04283249 -0.04949495 -0.07113927
  -0.01118154  0.14901231 -0.08587689 -0.02606755  0.07103166  0.04963041
   0.03642216 -0.01457227  0.18752201  0.12427584  0.00409302  0.12756428
   0.07835575 -0.06095555  0.22913305 -0.05691223  0.00089051 -0.06393157
  -0.06483253  0.1274905   0.06331865 -0.10089475 -0.01732774  0.04785634
   0.14393489 -0.05035322  0.29878914 -0.09902697 -0.07936016 -0.0173402
  -0.06642049  0.02169472  0.09550959 -0.08196564  0.00145133 -0.07009895
   0.0033097   0.04130724 -0.11594056  0.05326806  0.19693246 -0.05974496
   0.0233097   0.19666228 -0.09778144 -0.10517737  0.09500696 -0.08667911
   0.08535645  0.13041252  0.16708441 -0.08684514 -0.02292234  0.15388589
  -0.00717178 -0.01953284 -0.02713937  0.2150584   0.0474172  -0.08511017
   0.01979811 -0.0679921   0.07389603 -0.08907399  0.1129497  -0.03723926
  -0.01492379 -0.11603361  0.1635632  -0.05764901 -0.08638422  0.09799001
   0.01564027 -0.132876    0.07735204  0.13857774  0.05084353 -0.04699335
  -0.08061     0.18210462  0.02645211 -0.07387885  0.06303185  0.00903688
   0.03499135 -0.08177625 -0.05763821 -0.00296643 -0.03022021 -0.05489513
  -0.02845051 -0.05681859 -0.07975148 -0.07091311 -0.06907291  0.0415001
  -0.01838219  0.06656139  0.02109127  0.01137033  0.16435863  0.10238997
   0.12818886  0.00570762 -0.02310617  0.10921959 -0.03490127 -0.05365341
   0.05882751 -0.07849719  0.04407116 -0.07103592  0.01850132 -0.01198449
   0.08126804  0.01677287]
 [ 0.15061177 -0.06125128 -0.05230314 -0.22476985 -0.01129237  0.1514346
  -0.08455576 -0.07611651 -0.08988866  0.0009941  -0.10287359  0.00658892
  -0.08850897  0.07682506 -0.06155161  0.15667257 -0.08256945  0.09293976
  -0.06688657  0.05595226  0.12831779  0.09963188 -0.06619012  0.06465112
   0.10456187 -0.07009045  0.14741616  0.05277321  0.10483312 -0.05975413
  -0.02109984  0.015976    0.08716995 -0.02097779 -0.03658003  0.05801192
   0.13658431 -0.09167968  0.18007928  0.01244486 -0.0079914  -0.05538814
  -0.08522338  0.00393257 -0.03678595 -0.08336166  0.2508653  -0.09700444
  -0.06541842  0.04732374 -0.09499311 -0.04090543  0.15278906 -0.05134053
   0.10437208 -0.01178155 -0.03999529 -0.00221074  0.10757446 -0.08986768
   0.06585208 -0.0399459   0.16842927 -0.07381456  0.18441437  0.13852948
   0.03568775  0.11980438 -0.08412115  0.09357303 -0.06238269 -0.00942513
   0.10098112 -0.02083351  0.06851722 -0.08397634  0.01191038 -0.00035854
   0.07379    -0.10214327  0.0423855   0.1258644  -0.0890119  -0.03885234
  -0.00128531 -0.07833224 -0.03204942  0.04405901  0.09181821 -0.01015267
  -0.01041954  0.05269887  0.01362482 -0.06989408  0.23282503 -0.0744032
  -0.06393622 -0.04248139 -0.08352491  0.05356983 -0.03674613 -0.07113213
  -0.05408021  0.04800127 -0.07702022  0.1069369  -0.08319931  0.15344028
   0.04811911  0.1250885  -0.05583408 -0.06063903  0.17886065 -0.02665465
   0.13823216 -0.0208756  -0.04840737  0.01390628 -0.06699953  0.0888892
  -0.02189943  0.01309763  0.03028142 -0.07113455  0.06655609 -0.03947744
  -0.08817359 -0.06510014]]
[[-0.02210627 -0.05813136 -0.02207534 -0.07340581  0.02390083 -0.02788173
  -0.02792385  0.03028215  0.06610632 -0.04283249 -0.04949495 -0.07113927
  -0.01118154  0.14901231 -0.08587689 -0.02606755  0.07103166  0.04963041
   0.03642216 -0.01457227  0.18752201  0.12427584  0.00409302  0.12756428
   0.07835575 -0.06095555  0.22913305 -0.05691223  0.00089051 -0.06393157
  -0.06483253  0.1274905   0.06331865 -0.10089475 -0.01732774  0.04785634
   0.14393489 -0.05035322  0.29878914 -0.09902697 -0.07936016 -0.0173402
  -0.06642049  0.02169472  0.09550959 -0.08196564  0.00145133 -0.07009895
   0.0033097   0.04130724 -0.11594056  0.05326806  0.19693246 -0.05974496
   0.0233097   0.19666228 -0.09778144 -0.10517737  0.09500696 -0.08667911
   0.08535645  0.13041252  0.16708441 -0.08684514 -0.02292234  0.15388589
  -0.00717178 -0.01953284 -0.02713937  0.2150584   0.0474172  -0.08511017
   0.01979811 -0.0679921   0.07389603 -0.08907399  0.1129497  -0.03723926
  -0.01492379 -0.11603361  0.1635632  -0.05764901 -0.08638422  0.09799001
   0.01564027 -0.132876    0.07735204  0.13857774  0.05084353 -0.04699335
  -0.08061     0.18210462  0.02645211 -0.07387885  0.06303185  0.00903688
   0.03499135 -0.08177625 -0.05763821 -0.00296643 -0.03022021 -0.05489513
  -0.02845051 -0.05681859 -0.07975148 -0.07091311 -0.06907291  0.0415001
  -0.01838219  0.06656139  0.02109127  0.01137033  0.16435863  0.10238997
   0.12818886  0.00570762 -0.02310617  0.10921959 -0.03490127 -0.05365341
   0.05882751 -0.07849719  0.04407116 -0.07103592  0.01850132 -0.01198449
   0.08126804  0.01677287]
 [ 0.15061177 -0.06125128 -0.05230314 -0.22476985 -0.01129237  0.1514346
  -0.08455576 -0.07611651 -0.08988866  0.0009941  -0.10287359  0.00658892
  -0.08850897  0.07682506 -0.06155161  0.15667257 -0.08256945  0.09293976
  -0.06688657  0.05595226  0.12831779  0.09963188 -0.06619012  0.06465112
   0.10456187 -0.07009045  0.14741616  0.05277321  0.10483312 -0.05975413
  -0.02109984  0.015976    0.08716995 -0.02097779 -0.03658003  0.05801192
   0.13658431 -0.09167968  0.18007928  0.01244486 -0.0079914  -0.05538814
  -0.08522338  0.00393257 -0.03678595 -0.08336166  0.2508653  -0.09700444
  -0.06541842  0.04732374 -0.09499311 -0.04090543  0.15278906 -0.05134053
   0.10437208 -0.01178155 -0.03999529 -0.00221074  0.10757446 -0.08986768
   0.06585208 -0.0399459   0.16842927 -0.07381456  0.18441437  0.13852948
   0.03568775  0.11980438 -0.08412115  0.09357303 -0.06238269 -0.00942513
   0.10098112 -0.02083351  0.06851722 -0.08397634  0.01191038 -0.00035854
   0.07379    -0.10214327  0.0423855   0.1258644  -0.0890119  -0.03885234
  -0.00128531 -0.07833224 -0.03204942  0.04405901  0.09181821 -0.01015267
  -0.01041954  0.05269887  0.01362482 -0.06989408  0.23282503 -0.0744032
  -0.06393622 -0.04248139 -0.08352491  0.05356983 -0.03674613 -0.07113213
  -0.05408021  0.04800127 -0.07702022  0.1069369  -0.08319931  0.15344028
   0.04811911  0.1250885  -0.05583408 -0.06063903  0.17886065 -0.02665465
   0.13823216 -0.0208756  -0.04840737  0.01390628 -0.06699953  0.0888892
  -0.02189943  0.01309763  0.03028142 -0.07113455  0.06655609 -0.03947744
  -0.08817359 -0.06510014]]
[[-0.02210627 -0.05813136 -0.02207534 -0.07340581  0.02390083 -0.02788173
  -0.02792385  0.03028215  0.06610632 -0.04283249 -0.04949495 -0.07113927
  -0.01118154  0.14901231 -0.08587689 -0.02606755  0.07103166  0.04963041
   0.03642216 -0.01457227  0.18752201  0.12427584  0.00409302  0.12756428
   0.07835575 -0.06095555  0.22913305 -0.05691223  0.00089051 -0.06393157
  -0.06483253  0.1274905   0.06331865 -0.10089475 -0.01732774  0.04785634
   0.14393489 -0.05035322  0.29878914 -0.09902697 -0.07936016 -0.0173402
  -0.06642049  0.02169472  0.09550959 -0.08196564  0.00145133 -0.07009895
   0.0033097   0.04130724 -0.11594056  0.05326806  0.19693246 -0.05974496
   0.0233097   0.19666228 -0.09778144 -0.10517737  0.09500696 -0.08667911
   0.08535645  0.13041252  0.16708441 -0.08684514 -0.02292234  0.15388589
  -0.00717178 -0.01953284 -0.02713937  0.2150584   0.0474172  -0.08511017
   0.01979811 -0.0679921   0.07389603 -0.08907399  0.1129497  -0.03723926
  -0.01492379 -0.11603361  0.1635632  -0.05764901 -0.08638422  0.09799001
   0.01564027 -0.132876    0.07735204  0.13857774  0.05084353 -0.04699335
  -0.08061     0.18210462  0.02645211 -0.07387885  0.06303185  0.00903688
   0.03499135 -0.08177625 -0.05763821 -0.00296643 -0.03022021 -0.05489513
  -0.02845051 -0.05681859 -0.07975148 -0.07091311 -0.06907291  0.0415001
  -0.01838219  0.06656139  0.02109127  0.01137033  0.16435863  0.10238997
   0.12818886  0.00570762 -0.02310617  0.10921959 -0.03490127 -0.05365341
   0.05882751 -0.07849719  0.04407116 -0.07103592  0.01850132 -0.01198449
   0.08126804  0.01677287]
 [ 0.15061177 -0.06125128 -0.05230314 -0.22476985 -0.01129237  0.1514346
  -0.08455576 -0.07611651 -0.08988866  0.0009941  -0.10287359  0.00658892
  -0.08850897  0.07682506 -0.06155161  0.15667257 -0.08256945  0.09293976
  -0.06688657  0.05595226  0.12831779  0.09963188 -0.06619012  0.06465112
   0.10456187 -0.07009045  0.14741616  0.05277321  0.10483312 -0.05975413
  -0.02109984  0.015976    0.08716995 -0.02097779 -0.03658003  0.05801192
   0.13658431 -0.09167968  0.18007928  0.01244486 -0.0079914  -0.05538814
  -0.08522338  0.00393257 -0.03678595 -0.08336166  0.2508653  -0.09700444
  -0.06541842  0.04732374 -0.09499311 -0.04090543  0.15278906 -0.05134053
   0.10437208 -0.01178155 -0.03999529 -0.00221074  0.10757446 -0.08986768
   0.06585208 -0.0399459   0.16842927 -0.07381456  0.18441437  0.13852948
   0.03568775  0.11980438 -0.08412115  0.09357303 -0.06238269 -0.00942513
   0.10098112 -0.02083351  0.06851722 -0.08397634  0.01191038 -0.00035854
   0.07379    -0.10214327  0.0423855   0.1258644  -0.0890119  -0.03885234
  -0.00128531 -0.07833224 -0.03204942  0.04405901  0.09181821 -0.01015267
  -0.01041954  0.05269887  0.01362482 -0.06989408  0.23282503 -0.0744032
  -0.06393622 -0.04248139 -0.08352491  0.05356983 -0.03674613 -0.07113213
  -0.05408021  0.04800127 -0.07702022  0.1069369  -0.08319931  0.15344028
   0.04811911  0.1250885  -0.05583408 -0.06063903  0.17886065 -0.02665465
   0.13823216 -0.0208756  -0.04840737  0.01390628 -0.06699953  0.0888892
  -0.02189943  0.01309763  0.03028142 -0.07113455  0.06655609 -0.03947744
  -0.08817359 -0.06510014]]
