[[ 0.03960077 -0.05389033 -0.04031188 -0.18412383 -0.00698502  0.04256119
  -0.08023322 -0.06955258 -0.09428243 -0.02984509 -0.08627884 -0.02961173
  -0.07112157  0.15081894 -0.06399382  0.20641546 -0.05992957  0.06192977
  -0.05029364  0.09398633  0.11593118  0.11634021 -0.12736225  0.09399312
   0.12748152 -0.06379248  0.13860303 -0.01974581  0.15718009 -0.05378878
  -0.03751989  0.0241024   0.10155086 -0.0352124  -0.05016838  0.01190856
   0.1161566  -0.07622553  0.2329048  -0.02105041 -0.00908525 -0.06542429
  -0.09818573 -0.01468471 -0.05695854 -0.09685294  0.10241248 -0.08846106
  -0.05019764  0.04094197 -0.1019666   0.01973384  0.18185483 -0.03636761
   0.04656699  0.03693105 -0.01899899  0.01222359  0.11114652 -0.0801148
   0.06642486 -0.02294488  0.22699733 -0.06155794  0.1807702   0.18785055
   0.04440351  0.16038708 -0.09062903  0.10470662 -0.06572615  0.05891356
   0.01958506  0.01409383  0.04487041 -0.09544192 -0.02605067 -0.03967112
   0.03968438 -0.09221943  0.04893362  0.13691044 -0.08241389 -0.03675654
   0.00825527 -0.08106536 -0.03756422 -0.03445324  0.05478013  0.10878763
   0.06781553  0.0973038  -0.04134217 -0.04776855  0.20272866 -0.04909638
  -0.08243737 -0.08040133 -0.07778215  0.0715059  -0.00765289  0.0321262
  -0.06228553  0.08005067 -0.08578929  0.06202444 -0.07690382  0.16594897
   0.0847956   0.09494318 -0.06229058 -0.07516275  0.13550235 -0.0644104
   0.10243028  0.01471856 -0.05919651  0.02173457 -0.06095973  0.14344847
   0.06640596 -0.04245551  0.00274481 -0.0723857   0.0621587  -0.01114104
  -0.05426499 -0.0213808 ]
 [-0.02954832 -0.07634449 -0.10064173 -0.1136016  -0.06283516  0.05319621
  -0.04305819  0.0307327   0.0646491  -0.03020654  0.02200786 -0.07466757
   0.04018176  0.09900964 -0.08797885 -0.00935593  0.04746968  0.08409147
   0.04726764  0.03740209  0.20788208  0.1022002  -0.02861298  0.09448122
   0.1137106  -0.05126308  0.19595796 -0.04245895  0.06569123 -0.05350964
  -0.06406634  0.07493413  0.07084619 -0.05703798 -0.00321368  0.04640058
   0.07158439 -0.04486309  0.33607078 -0.06222662 -0.07838045 -0.02211139
  -0.06663855  0.03858221  0.06824949 -0.07965818  0.04478748 -0.05383688
   0.01455628 -0.00054292 -0.09195185  0.1062027   0.223651   -0.04412109
   0.08569808  0.18101434 -0.04110214 -0.07405157  0.07051178 -0.07605729
   0.09469688  0.11021148  0.18702185 -0.07982291 -0.04191703  0.19905224
  -0.01406128 -0.03243573 -0.06866146  0.2039786  -0.01368881 -0.05961893
   0.00769782 -0.06916411  0.10223994 -0.06510753  0.10809258 -0.01584503
  -0.00558335 -0.09396773  0.04920367 -0.0811418  -0.08324914  0.11724288
  -0.01706457 -0.13788673  0.09101436  0.0869071   0.04345874 -0.01831133
  -0.04993664  0.17046691  0.08909026 -0.08038127  0.0429651   0.0379056
   0.09460251 -0.06208871 -0.06099448  0.04247515 -0.02439532 -0.0730527
  -0.04442847 -0.06054116 -0.06785331 -0.04113701 -0.04871085  0.07190765
  -0.03654516  0.06897215  0.05788439  0.04164637  0.14705138  0.05536721
   0.02348252  0.073298   -0.00251616  0.1356027  -0.03851878  0.0376372
   0.1350024  -0.08197911  0.00948851 -0.08017039  0.03504332  0.11243162
   0.15424062  0.02728354]]
[[ 0.03960077 -0.05389033 -0.04031188 -0.18412383 -0.00698502  0.04256119
  -0.08023322 -0.06955258 -0.09428243 -0.02984509 -0.08627884 -0.02961173
  -0.07112157  0.15081894 -0.06399382  0.20641546 -0.05992957  0.06192977
  -0.05029364  0.09398633  0.11593118  0.11634021 -0.12736225  0.09399312
   0.12748152 -0.06379248  0.13860303 -0.01974581  0.15718009 -0.05378878
  -0.03751989  0.0241024   0.10155086 -0.0352124  -0.05016838  0.01190856
   0.1161566  -0.07622553  0.2329048  -0.02105041 -0.00908525 -0.06542429
  -0.09818573 -0.01468471 -0.05695854 -0.09685294  0.10241248 -0.08846106
  -0.05019764  0.04094197 -0.1019666   0.01973384  0.18185483 -0.03636761
   0.04656699  0.03693105 -0.01899899  0.01222359  0.11114652 -0.0801148
   0.06642486 -0.02294488  0.22699733 -0.06155794  0.1807702   0.18785055
   0.04440351  0.16038708 -0.09062903  0.10470662 -0.06572615  0.05891356
   0.01958506  0.01409383  0.04487041 -0.09544192 -0.02605067 -0.03967112
   0.03968438 -0.09221943  0.04893362  0.13691044 -0.08241389 -0.03675654
   0.00825527 -0.08106536 -0.03756422 -0.03445324  0.05478013  0.10878763
   0.06781553  0.0973038  -0.04134217 -0.04776855  0.20272866 -0.04909638
  -0.08243737 -0.08040133 -0.07778215  0.0715059  -0.00765289  0.0321262
  -0.06228553  0.08005067 -0.08578929  0.06202444 -0.07690382  0.16594897
   0.0847956   0.09494318 -0.06229058 -0.07516275  0.13550235 -0.0644104
   0.10243028  0.01471856 -0.05919651  0.02173457 -0.06095973  0.14344847
   0.06640596 -0.04245551  0.00274481 -0.0723857   0.0621587  -0.01114104
  -0.05426499 -0.0213808 ]
 [-0.02954832 -0.07634449 -0.10064173 -0.1136016  -0.06283516  0.05319621
  -0.04305819  0.0307327   0.0646491  -0.03020654  0.02200786 -0.07466757
   0.04018176  0.09900964 -0.08797885 -0.00935593  0.04746968  0.08409147
   0.04726764  0.03740209  0.20788208  0.1022002  -0.02861298  0.09448122
   0.1137106  -0.05126308  0.19595796 -0.04245895  0.06569123 -0.05350964
  -0.06406634  0.07493413  0.07084619 -0.05703798 -0.00321368  0.04640058
   0.07158439 -0.04486309  0.33607078 -0.06222662 -0.07838045 -0.02211139
  -0.06663855  0.03858221  0.06824949 -0.07965818  0.04478748 -0.05383688
   0.01455628 -0.00054292 -0.09195185  0.1062027   0.223651   -0.04412109
   0.08569808  0.18101434 -0.04110214 -0.07405157  0.07051178 -0.07605729
   0.09469688  0.11021148  0.18702185 -0.07982291 -0.04191703  0.19905224
  -0.01406128 -0.03243573 -0.06866146  0.2039786  -0.01368881 -0.05961893
   0.00769782 -0.06916411  0.10223994 -0.06510753  0.10809258 -0.01584503
  -0.00558335 -0.09396773  0.04920367 -0.0811418  -0.08324914  0.11724288
  -0.01706457 -0.13788673  0.09101436  0.0869071   0.04345874 -0.01831133
  -0.04993664  0.17046691  0.08909026 -0.08038127  0.0429651   0.0379056
   0.09460251 -0.06208871 -0.06099448  0.04247515 -0.02439532 -0.0730527
  -0.04442847 -0.06054116 -0.06785331 -0.04113701 -0.04871085  0.07190765
  -0.03654516  0.06897215  0.05788439  0.04164637  0.14705138  0.05536721
   0.02348252  0.073298   -0.00251616  0.1356027  -0.03851878  0.0376372
   0.1350024  -0.08197911  0.00948851 -0.08017039  0.03504332  0.11243162
   0.15424062  0.02728354]]
[[ 0.03960077 -0.05389033 -0.04031188 -0.18412383 -0.00698502  0.04256119
  -0.08023322 -0.06955258 -0.09428243 -0.02984509 -0.08627884 -0.02961173
  -0.07112157  0.15081894 -0.06399382  0.20641546 -0.05992957  0.06192977
  -0.05029364  0.09398633  0.11593118  0.11634021 -0.12736225  0.09399312
   0.12748152 -0.06379248  0.13860303 -0.01974581  0.15718009 -0.05378878
  -0.03751989  0.0241024   0.10155086 -0.0352124  -0.05016838  0.01190856
   0.1161566  -0.07622553  0.2329048  -0.02105041 -0.00908525 -0.06542429
  -0.09818573 -0.01468471 -0.05695854 -0.09685294  0.10241248 -0.08846106
  -0.05019764  0.04094197 -0.1019666   0.01973384  0.18185483 -0.03636761
   0.04656699  0.03693105 -0.01899899  0.01222359  0.11114652 -0.0801148
   0.06642486 -0.02294488  0.22699733 -0.06155794  0.1807702   0.18785055
   0.04440351  0.16038708 -0.09062903  0.10470662 -0.06572615  0.05891356
   0.01958506  0.01409383  0.04487041 -0.09544192 -0.02605067 -0.03967112
   0.03968438 -0.09221943  0.04893362  0.13691044 -0.08241389 -0.03675654
   0.00825527 -0.08106536 -0.03756422 -0.03445324  0.05478013  0.10878763
   0.06781553  0.0973038  -0.04134217 -0.04776855  0.20272866 -0.04909638
  -0.08243737 -0.08040133 -0.07778215  0.0715059  -0.00765289  0.0321262
  -0.06228553  0.08005067 -0.08578929  0.06202444 -0.07690382  0.16594897
   0.0847956   0.09494318 -0.06229058 -0.07516275  0.13550235 -0.0644104
   0.10243028  0.01471856 -0.05919651  0.02173457 -0.06095973  0.14344847
   0.06640596 -0.04245551  0.00274481 -0.0723857   0.0621587  -0.01114104
  -0.05426499 -0.0213808 ]
 [-0.02954832 -0.07634449 -0.10064173 -0.1136016  -0.06283516  0.05319621
  -0.04305819  0.0307327   0.0646491  -0.03020654  0.02200786 -0.07466757
   0.04018176  0.09900964 -0.08797885 -0.00935593  0.04746968  0.08409147
   0.04726764  0.03740209  0.20788208  0.1022002  -0.02861298  0.09448122
   0.1137106  -0.05126308  0.19595796 -0.04245895  0.06569123 -0.05350964
  -0.06406634  0.07493413  0.07084619 -0.05703798 -0.00321368  0.04640058
   0.07158439 -0.04486309  0.33607078 -0.06222662 -0.07838045 -0.02211139
  -0.06663855  0.03858221  0.06824949 -0.07965818  0.04478748 -0.05383688
   0.01455628 -0.00054292 -0.09195185  0.1062027   0.223651   -0.04412109
   0.08569808  0.18101434 -0.04110214 -0.07405157  0.07051178 -0.07605729
   0.09469688  0.11021148  0.18702185 -0.07982291 -0.04191703  0.19905224
  -0.01406128 -0.03243573 -0.06866146  0.2039786  -0.01368881 -0.05961893
   0.00769782 -0.06916411  0.10223994 -0.06510753  0.10809258 -0.01584503
  -0.00558335 -0.09396773  0.04920367 -0.0811418  -0.08324914  0.11724288
  -0.01706457 -0.13788673  0.09101436  0.0869071   0.04345874 -0.01831133
  -0.04993664  0.17046691  0.08909026 -0.08038127  0.0429651   0.0379056
   0.09460251 -0.06208871 -0.06099448  0.04247515 -0.02439532 -0.0730527
  -0.04442847 -0.06054116 -0.06785331 -0.04113701 -0.04871085  0.07190765
  -0.03654516  0.06897215  0.05788439  0.04164637  0.14705138  0.05536721
   0.02348252  0.073298   -0.00251616  0.1356027  -0.03851878  0.0376372
   0.1350024  -0.08197911  0.00948851 -0.08017039  0.03504332  0.11243162
   0.15424062  0.02728354]]
[[ 0.03960077 -0.05389033 -0.04031188 -0.18412383 -0.00698502  0.04256119
  -0.08023322 -0.06955258 -0.09428243 -0.02984509 -0.08627884 -0.02961173
  -0.07112157  0.15081894 -0.06399382  0.20641546 -0.05992957  0.06192977
  -0.05029364  0.09398633  0.11593118  0.11634021 -0.12736225  0.09399312
   0.12748152 -0.06379248  0.13860303 -0.01974581  0.15718009 -0.05378878
  -0.03751989  0.0241024   0.10155086 -0.0352124  -0.05016838  0.01190856
   0.1161566  -0.07622553  0.2329048  -0.02105041 -0.00908525 -0.06542429
  -0.09818573 -0.01468471 -0.05695854 -0.09685294  0.10241248 -0.08846106
  -0.05019764  0.04094197 -0.1019666   0.01973384  0.18185483 -0.03636761
   0.04656699  0.03693105 -0.01899899  0.01222359  0.11114652 -0.0801148
   0.06642486 -0.02294488  0.22699733 -0.06155794  0.1807702   0.18785055
   0.04440351  0.16038708 -0.09062903  0.10470662 -0.06572615  0.05891356
   0.01958506  0.01409383  0.04487041 -0.09544192 -0.02605067 -0.03967112
   0.03968438 -0.09221943  0.04893362  0.13691044 -0.08241389 -0.03675654
   0.00825527 -0.08106536 -0.03756422 -0.03445324  0.05478013  0.10878763
   0.06781553  0.0973038  -0.04134217 -0.04776855  0.20272866 -0.04909638
  -0.08243737 -0.08040133 -0.07778215  0.0715059  -0.00765289  0.0321262
  -0.06228553  0.08005067 -0.08578929  0.06202444 -0.07690382  0.16594897
   0.0847956   0.09494318 -0.06229058 -0.07516275  0.13550235 -0.0644104
   0.10243028  0.01471856 -0.05919651  0.02173457 -0.06095973  0.14344847
   0.06640596 -0.04245551  0.00274481 -0.0723857   0.0621587  -0.01114104
  -0.05426499 -0.0213808 ]
 [-0.02954832 -0.07634449 -0.10064173 -0.1136016  -0.06283516  0.05319621
  -0.04305819  0.0307327   0.0646491  -0.03020654  0.02200786 -0.07466757
   0.04018176  0.09900964 -0.08797885 -0.00935593  0.04746968  0.08409147
   0.04726764  0.03740209  0.20788208  0.1022002  -0.02861298  0.09448122
   0.1137106  -0.05126308  0.19595796 -0.04245895  0.06569123 -0.05350964
  -0.06406634  0.07493413  0.07084619 -0.05703798 -0.00321368  0.04640058
   0.07158439 -0.04486309  0.33607078 -0.06222662 -0.07838045 -0.02211139
  -0.06663855  0.03858221  0.06824949 -0.07965818  0.04478748 -0.05383688
   0.01455628 -0.00054292 -0.09195185  0.1062027   0.223651   -0.04412109
   0.08569808  0.18101434 -0.04110214 -0.07405157  0.07051178 -0.07605729
   0.09469688  0.11021148  0.18702185 -0.07982291 -0.04191703  0.19905224
  -0.01406128 -0.03243573 -0.06866146  0.2039786  -0.01368881 -0.05961893
   0.00769782 -0.06916411  0.10223994 -0.06510753  0.10809258 -0.01584503
  -0.00558335 -0.09396773  0.04920367 -0.0811418  -0.08324914  0.11724288
  -0.01706457 -0.13788673  0.09101436  0.0869071   0.04345874 -0.01831133
  -0.04993664  0.17046691  0.08909026 -0.08038127  0.0429651   0.0379056
   0.09460251 -0.06208871 -0.06099448  0.04247515 -0.02439532 -0.0730527
  -0.04442847 -0.06054116 -0.06785331 -0.04113701 -0.04871085  0.07190765
  -0.03654516  0.06897215  0.05788439  0.04164637  0.14705138  0.05536721
   0.02348252  0.073298   -0.00251616  0.1356027  -0.03851878  0.0376372
   0.1350024  -0.08197911  0.00948851 -0.08017039  0.03504332  0.11243162
   0.15424062  0.02728354]]
