[[ 0.00708539 -0.05112524 -0.04882867 -0.18537207 -0.01656742  0.03221281
  -0.0845971  -0.06105036 -0.08977205 -0.03152351 -0.0817882  -0.06002332
  -0.0667443   0.14109541 -0.05457708  0.19315387 -0.06600367  0.07887011
  -0.05834875  0.09598718  0.1315987   0.14879905 -0.1206093   0.07682651
   0.1717534  -0.05484047  0.11805566  0.00468671  0.13056049 -0.04761309
  -0.02852925  0.02887685  0.06168968 -0.04342747 -0.03853329  0.0257955
   0.07216384 -0.0773632   0.22987592 -0.03591049 -0.02947944 -0.06719379
  -0.09818985  0.02740508 -0.05162601 -0.09227619  0.06721291 -0.08372397
  -0.0460111   0.03389617 -0.10694537  0.00869449  0.23125102 -0.04408988
   0.0556432   0.03046284 -0.03058936 -0.00106845  0.10882603 -0.0861903
   0.0788369  -0.02219385  0.2450709  -0.06805217  0.15133141  0.1644734
   0.03498426  0.18391058 -0.0797148   0.12852202 -0.06867478  0.0830538
   0.03973757  0.00842555  0.0422913  -0.09658328 -0.04308104 -0.04687194
   0.0417112  -0.08352337  0.01584944  0.09569217 -0.08376981 -0.03037523
  -0.02254866 -0.09975043 -0.02724471 -0.03973001  0.0797672   0.11086315
   0.04518879  0.13364977 -0.01632739 -0.06638651  0.18781558 -0.04032467
  -0.0795952  -0.08562167 -0.09214827  0.0717702   0.01054497  0.02159767
  -0.04232261  0.11711391 -0.09168905  0.03552774 -0.0805013   0.16094774
   0.09681886  0.11182434 -0.06404428 -0.0745126   0.12816328 -0.06183488
   0.07036839 -0.00208148 -0.05716414  0.00794808 -0.06893492  0.12016358
   0.05992783 -0.02330475 -0.00063035 -0.07431211  0.05229576  0.01701215
  -0.05779645 -0.0193788 ]
 [-0.03406371 -0.07734247 -0.10388461 -0.11423717 -0.06756006  0.04954294
  -0.04751689  0.03869753  0.06230211 -0.03159942 -0.00048979 -0.07547072
   0.05869235  0.08727047 -0.07969408 -0.00952798  0.03010176  0.05567754
   0.07173784  0.01276012  0.19842514  0.07843666 -0.0306928   0.08871388
   0.1082561  -0.05274997  0.20126648 -0.05690228  0.06641316 -0.05068274
  -0.06780408  0.08802333  0.07519702 -0.07745317 -0.00767284  0.05819121
   0.08070804 -0.06081006  0.3502252  -0.07183431 -0.08191096 -0.00516778
  -0.04590228  0.01866013  0.05597369 -0.08310011  0.03328935 -0.03884199
   0.03140115 -0.0099821  -0.100724    0.14822209  0.20044062 -0.05576057
   0.04611802  0.19307172 -0.04385998 -0.06905089  0.06064812 -0.07572017
   0.09832818  0.13027883  0.17737281 -0.08879831 -0.03655589  0.15506318
  -0.02802066 -0.03036929 -0.07078829  0.22362557 -0.01737675 -0.05862066
   0.0153735  -0.06541224  0.08047126 -0.07148804  0.11539228 -0.0087837
   0.00629554 -0.10215816  0.03499559 -0.08381803 -0.08638818  0.10847086
  -0.01694013 -0.14532594  0.08825595  0.09621875  0.03171443 -0.00711112
  -0.06653386  0.14596331  0.04006435 -0.08362503  0.01593066  0.05614872
   0.09311104 -0.06624182 -0.04769924  0.03487596 -0.03737357 -0.07178182
  -0.04417074 -0.06439584 -0.07444303 -0.03818426 -0.05212602  0.06900898
  -0.03198053  0.07742416  0.06018484  0.0561388   0.1622005   0.06320566
   0.03741045  0.06612398  0.0016786   0.14741677 -0.027829    0.0072689
   0.10350771 -0.08234137  0.01156402 -0.08279704  0.03587619  0.13152255
   0.1609202   0.01927785]]
[[ 0.00708539 -0.05112524 -0.04882867 -0.18537207 -0.01656742  0.03221281
  -0.0845971  -0.06105036 -0.08977205 -0.03152351 -0.0817882  -0.06002332
  -0.0667443   0.14109541 -0.05457708  0.19315387 -0.06600367  0.07887011
  -0.05834875  0.09598718  0.1315987   0.14879905 -0.1206093   0.07682651
   0.1717534  -0.05484047  0.11805566  0.00468671  0.13056049 -0.04761309
  -0.02852925  0.02887685  0.06168968 -0.04342747 -0.03853329  0.0257955
   0.07216384 -0.0773632   0.22987592 -0.03591049 -0.02947944 -0.06719379
  -0.09818985  0.02740508 -0.05162601 -0.09227619  0.06721291 -0.08372397
  -0.0460111   0.03389617 -0.10694537  0.00869449  0.23125102 -0.04408988
   0.0556432   0.03046284 -0.03058936 -0.00106845  0.10882603 -0.0861903
   0.0788369  -0.02219385  0.2450709  -0.06805217  0.15133141  0.1644734
   0.03498426  0.18391058 -0.0797148   0.12852202 -0.06867478  0.0830538
   0.03973757  0.00842555  0.0422913  -0.09658328 -0.04308104 -0.04687194
   0.0417112  -0.08352337  0.01584944  0.09569217 -0.08376981 -0.03037523
  -0.02254866 -0.09975043 -0.02724471 -0.03973001  0.0797672   0.11086315
   0.04518879  0.13364977 -0.01632739 -0.06638651  0.18781558 -0.04032467
  -0.0795952  -0.08562167 -0.09214827  0.0717702   0.01054497  0.02159767
  -0.04232261  0.11711391 -0.09168905  0.03552774 -0.0805013   0.16094774
   0.09681886  0.11182434 -0.06404428 -0.0745126   0.12816328 -0.06183488
   0.07036839 -0.00208148 -0.05716414  0.00794808 -0.06893492  0.12016358
   0.05992783 -0.02330475 -0.00063035 -0.07431211  0.05229576  0.01701215
  -0.05779645 -0.0193788 ]
 [-0.03406371 -0.07734247 -0.10388461 -0.11423717 -0.06756006  0.04954294
  -0.04751689  0.03869753  0.06230211 -0.03159942 -0.00048979 -0.07547072
   0.05869235  0.08727047 -0.07969408 -0.00952798  0.03010176  0.05567754
   0.07173784  0.01276012  0.19842514  0.07843666 -0.0306928   0.08871388
   0.1082561  -0.05274997  0.20126648 -0.05690228  0.06641316 -0.05068274
  -0.06780408  0.08802333  0.07519702 -0.07745317 -0.00767284  0.05819121
   0.08070804 -0.06081006  0.3502252  -0.07183431 -0.08191096 -0.00516778
  -0.04590228  0.01866013  0.05597369 -0.08310011  0.03328935 -0.03884199
   0.03140115 -0.0099821  -0.100724    0.14822209  0.20044062 -0.05576057
   0.04611802  0.19307172 -0.04385998 -0.06905089  0.06064812 -0.07572017
   0.09832818  0.13027883  0.17737281 -0.08879831 -0.03655589  0.15506318
  -0.02802066 -0.03036929 -0.07078829  0.22362557 -0.01737675 -0.05862066
   0.0153735  -0.06541224  0.08047126 -0.07148804  0.11539228 -0.0087837
   0.00629554 -0.10215816  0.03499559 -0.08381803 -0.08638818  0.10847086
  -0.01694013 -0.14532594  0.08825595  0.09621875  0.03171443 -0.00711112
  -0.06653386  0.14596331  0.04006435 -0.08362503  0.01593066  0.05614872
   0.09311104 -0.06624182 -0.04769924  0.03487596 -0.03737357 -0.07178182
  -0.04417074 -0.06439584 -0.07444303 -0.03818426 -0.05212602  0.06900898
  -0.03198053  0.07742416  0.06018484  0.0561388   0.1622005   0.06320566
   0.03741045  0.06612398  0.0016786   0.14741677 -0.027829    0.0072689
   0.10350771 -0.08234137  0.01156402 -0.08279704  0.03587619  0.13152255
   0.1609202   0.01927785]]
[[ 0.00708539 -0.05112524 -0.04882867 -0.18537207 -0.01656742  0.03221281
  -0.0845971  -0.06105036 -0.08977205 -0.03152351 -0.0817882  -0.06002332
  -0.0667443   0.14109541 -0.05457708  0.19315387 -0.06600367  0.07887011
  -0.05834875  0.09598718  0.1315987   0.14879905 -0.1206093   0.07682651
   0.1717534  -0.05484047  0.11805566  0.00468671  0.13056049 -0.04761309
  -0.02852925  0.02887685  0.06168968 -0.04342747 -0.03853329  0.0257955
   0.07216384 -0.0773632   0.22987592 -0.03591049 -0.02947944 -0.06719379
  -0.09818985  0.02740508 -0.05162601 -0.09227619  0.06721291 -0.08372397
  -0.0460111   0.03389617 -0.10694537  0.00869449  0.23125102 -0.04408988
   0.0556432   0.03046284 -0.03058936 -0.00106845  0.10882603 -0.0861903
   0.0788369  -0.02219385  0.2450709  -0.06805217  0.15133141  0.1644734
   0.03498426  0.18391058 -0.0797148   0.12852202 -0.06867478  0.0830538
   0.03973757  0.00842555  0.0422913  -0.09658328 -0.04308104 -0.04687194
   0.0417112  -0.08352337  0.01584944  0.09569217 -0.08376981 -0.03037523
  -0.02254866 -0.09975043 -0.02724471 -0.03973001  0.0797672   0.11086315
   0.04518879  0.13364977 -0.01632739 -0.06638651  0.18781558 -0.04032467
  -0.0795952  -0.08562167 -0.09214827  0.0717702   0.01054497  0.02159767
  -0.04232261  0.11711391 -0.09168905  0.03552774 -0.0805013   0.16094774
   0.09681886  0.11182434 -0.06404428 -0.0745126   0.12816328 -0.06183488
   0.07036839 -0.00208148 -0.05716414  0.00794808 -0.06893492  0.12016358
   0.05992783 -0.02330475 -0.00063035 -0.07431211  0.05229576  0.01701215
  -0.05779645 -0.0193788 ]
 [-0.03406371 -0.07734247 -0.10388461 -0.11423717 -0.06756006  0.04954294
  -0.04751689  0.03869753  0.06230211 -0.03159942 -0.00048979 -0.07547072
   0.05869235  0.08727047 -0.07969408 -0.00952798  0.03010176  0.05567754
   0.07173784  0.01276012  0.19842514  0.07843666 -0.0306928   0.08871388
   0.1082561  -0.05274997  0.20126648 -0.05690228  0.06641316 -0.05068274
  -0.06780408  0.08802333  0.07519702 -0.07745317 -0.00767284  0.05819121
   0.08070804 -0.06081006  0.3502252  -0.07183431 -0.08191096 -0.00516778
  -0.04590228  0.01866013  0.05597369 -0.08310011  0.03328935 -0.03884199
   0.03140115 -0.0099821  -0.100724    0.14822209  0.20044062 -0.05576057
   0.04611802  0.19307172 -0.04385998 -0.06905089  0.06064812 -0.07572017
   0.09832818  0.13027883  0.17737281 -0.08879831 -0.03655589  0.15506318
  -0.02802066 -0.03036929 -0.07078829  0.22362557 -0.01737675 -0.05862066
   0.0153735  -0.06541224  0.08047126 -0.07148804  0.11539228 -0.0087837
   0.00629554 -0.10215816  0.03499559 -0.08381803 -0.08638818  0.10847086
  -0.01694013 -0.14532594  0.08825595  0.09621875  0.03171443 -0.00711112
  -0.06653386  0.14596331  0.04006435 -0.08362503  0.01593066  0.05614872
   0.09311104 -0.06624182 -0.04769924  0.03487596 -0.03737357 -0.07178182
  -0.04417074 -0.06439584 -0.07444303 -0.03818426 -0.05212602  0.06900898
  -0.03198053  0.07742416  0.06018484  0.0561388   0.1622005   0.06320566
   0.03741045  0.06612398  0.0016786   0.14741677 -0.027829    0.0072689
   0.10350771 -0.08234137  0.01156402 -0.08279704  0.03587619  0.13152255
   0.1609202   0.01927785]]
[[ 0.00708539 -0.05112524 -0.04882867 -0.18537207 -0.01656742  0.03221281
  -0.0845971  -0.06105036 -0.08977205 -0.03152351 -0.0817882  -0.06002332
  -0.0667443   0.14109541 -0.05457708  0.19315387 -0.06600367  0.07887011
  -0.05834875  0.09598718  0.1315987   0.14879905 -0.1206093   0.07682651
   0.1717534  -0.05484047  0.11805566  0.00468671  0.13056049 -0.04761309
  -0.02852925  0.02887685  0.06168968 -0.04342747 -0.03853329  0.0257955
   0.07216384 -0.0773632   0.22987592 -0.03591049 -0.02947944 -0.06719379
  -0.09818985  0.02740508 -0.05162601 -0.09227619  0.06721291 -0.08372397
  -0.0460111   0.03389617 -0.10694537  0.00869449  0.23125102 -0.04408988
   0.0556432   0.03046284 -0.03058936 -0.00106845  0.10882603 -0.0861903
   0.0788369  -0.02219385  0.2450709  -0.06805217  0.15133141  0.1644734
   0.03498426  0.18391058 -0.0797148   0.12852202 -0.06867478  0.0830538
   0.03973757  0.00842555  0.0422913  -0.09658328 -0.04308104 -0.04687194
   0.0417112  -0.08352337  0.01584944  0.09569217 -0.08376981 -0.03037523
  -0.02254866 -0.09975043 -0.02724471 -0.03973001  0.0797672   0.11086315
   0.04518879  0.13364977 -0.01632739 -0.06638651  0.18781558 -0.04032467
  -0.0795952  -0.08562167 -0.09214827  0.0717702   0.01054497  0.02159767
  -0.04232261  0.11711391 -0.09168905  0.03552774 -0.0805013   0.16094774
   0.09681886  0.11182434 -0.06404428 -0.0745126   0.12816328 -0.06183488
   0.07036839 -0.00208148 -0.05716414  0.00794808 -0.06893492  0.12016358
   0.05992783 -0.02330475 -0.00063035 -0.07431211  0.05229576  0.01701215
  -0.05779645 -0.0193788 ]
 [-0.03406371 -0.07734247 -0.10388461 -0.11423717 -0.06756006  0.04954294
  -0.04751689  0.03869753  0.06230211 -0.03159942 -0.00048979 -0.07547072
   0.05869235  0.08727047 -0.07969408 -0.00952798  0.03010176  0.05567754
   0.07173784  0.01276012  0.19842514  0.07843666 -0.0306928   0.08871388
   0.1082561  -0.05274997  0.20126648 -0.05690228  0.06641316 -0.05068274
  -0.06780408  0.08802333  0.07519702 -0.07745317 -0.00767284  0.05819121
   0.08070804 -0.06081006  0.3502252  -0.07183431 -0.08191096 -0.00516778
  -0.04590228  0.01866013  0.05597369 -0.08310011  0.03328935 -0.03884199
   0.03140115 -0.0099821  -0.100724    0.14822209  0.20044062 -0.05576057
   0.04611802  0.19307172 -0.04385998 -0.06905089  0.06064812 -0.07572017
   0.09832818  0.13027883  0.17737281 -0.08879831 -0.03655589  0.15506318
  -0.02802066 -0.03036929 -0.07078829  0.22362557 -0.01737675 -0.05862066
   0.0153735  -0.06541224  0.08047126 -0.07148804  0.11539228 -0.0087837
   0.00629554 -0.10215816  0.03499559 -0.08381803 -0.08638818  0.10847086
  -0.01694013 -0.14532594  0.08825595  0.09621875  0.03171443 -0.00711112
  -0.06653386  0.14596331  0.04006435 -0.08362503  0.01593066  0.05614872
   0.09311104 -0.06624182 -0.04769924  0.03487596 -0.03737357 -0.07178182
  -0.04417074 -0.06439584 -0.07444303 -0.03818426 -0.05212602  0.06900898
  -0.03198053  0.07742416  0.06018484  0.0561388   0.1622005   0.06320566
   0.03741045  0.06612398  0.0016786   0.14741677 -0.027829    0.0072689
   0.10350771 -0.08234137  0.01156402 -0.08279704  0.03587619  0.13152255
   0.1609202   0.01927785]]
