[[ 0.19010052 -0.06295669 -0.04580327 -0.22745731 -0.00032011  0.12448795
  -0.07528204 -0.0641178  -0.09384371 -0.02862515 -0.09934164 -0.00373087
  -0.09865748  0.10058014 -0.04905169  0.15829508 -0.07332191  0.10438933
  -0.06865571  0.08038504  0.09289472  0.1576558  -0.05676633  0.04492094
   0.12713194 -0.06867278  0.11880632  0.06565075  0.11235383 -0.06731388
  -0.00833649  0.02282179  0.09514683 -0.01912845 -0.00657428  0.07709508
   0.11369199 -0.08633354  0.13024278  0.00105951 -0.00587328 -0.0625734
  -0.09718503  0.00972676 -0.04139784 -0.0819639   0.22036222 -0.0910062
  -0.0571014   0.0480868  -0.10332915 -0.04286695  0.18967633 -0.03915073
   0.10259058 -0.01457004 -0.06905326  0.01580213  0.12157056 -0.08861564
   0.05850719 -0.05082979  0.18369018 -0.07728478  0.18928845  0.15233445
   0.05982818  0.12883142 -0.08066541  0.09228495 -0.04669107  0.00613268
   0.09680912 -0.02269123  0.07400499 -0.08016517 -0.02256013 -0.0081381
   0.08855974 -0.0889983   0.01996616  0.10222832 -0.08497074 -0.04100626
  -0.00468219 -0.07322077 -0.03168779  0.03868368  0.10674802  0.00719287
   0.01457035  0.0371867   0.03441535 -0.05269746  0.21694537 -0.09007664
  -0.06289693 -0.07252304 -0.08826637  0.06046382 -0.01492295 -0.04386417
  -0.0365235   0.08828442 -0.08039793  0.09459279 -0.0701737   0.14524491
   0.04353797  0.12231772 -0.0637902  -0.07129388  0.15056089 -0.02717561
   0.13117175 -0.03685317 -0.0458861  -0.01630768 -0.06654755  0.10715275
  -0.02690466  0.03408147 -0.00499799 -0.07330313  0.06609187 -0.03843124
  -0.08784262 -0.06818049]
 [-0.01251966 -0.06068962 -0.02214097 -0.06029966  0.04344854 -0.02888452
  -0.04281511  0.0214291   0.07059806 -0.04872343 -0.03865852 -0.07528406
  -0.03399951  0.11304062 -0.08665509 -0.02132293  0.0917468   0.06489493
   0.00818194  0.00739518  0.18898797  0.13601668  0.01742163  0.09531225
   0.08243106 -0.06369304  0.21052533 -0.05344578  0.00073981 -0.06621194
  -0.05496563  0.08969948  0.04680381 -0.07490762 -0.01336383  0.02586556
   0.19416936 -0.04437875  0.29441327 -0.09806957 -0.07480051 -0.02779011
  -0.06577047  0.026307    0.07097851 -0.07913091  0.01563775 -0.0803251
   0.01166459  0.04113019 -0.111963    0.02654669  0.171475   -0.06524542
   0.05011255  0.18470462 -0.11808722 -0.10723416  0.09655936 -0.08390675
   0.06382354  0.13235469  0.15323071 -0.07960705 -0.05548489  0.164861
  -0.02893982 -0.0319974  -0.0212606   0.19446573  0.07338546 -0.08317243
   0.04379836 -0.07023934  0.10971266 -0.08969149  0.1342858  -0.02189207
  -0.00702909 -0.11112254  0.17156531 -0.06144802 -0.08376298  0.12326734
  -0.00366293 -0.13295195  0.04728736  0.15333548  0.04313606 -0.04301495
  -0.08223282  0.16458075  0.06775408 -0.06433827  0.11582201 -0.01508695
   0.03190592 -0.0747469  -0.05938581 -0.00351641 -0.01442111 -0.0638217
  -0.03908496 -0.06816199 -0.06983957 -0.07777127 -0.07161029  0.02043802
  -0.01516012  0.0719317   0.02162917  0.01117401  0.1442644   0.14417829
   0.14918214 -0.02195546 -0.0344872   0.12610257 -0.0563974  -0.05718535
   0.04971703 -0.06118829  0.06767833 -0.06213627 -0.0020109  -0.03364955
   0.04588388  0.00485923]]
[[ 0.19010052 -0.06295669 -0.04580327 -0.22745731 -0.00032011  0.12448795
  -0.07528204 -0.0641178  -0.09384371 -0.02862515 -0.09934164 -0.00373087
  -0.09865748  0.10058014 -0.04905169  0.15829508 -0.07332191  0.10438933
  -0.06865571  0.08038504  0.09289472  0.1576558  -0.05676633  0.04492094
   0.12713194 -0.06867278  0.11880632  0.06565075  0.11235383 -0.06731388
  -0.00833649  0.02282179  0.09514683 -0.01912845 -0.00657428  0.07709508
   0.11369199 -0.08633354  0.13024278  0.00105951 -0.00587328 -0.0625734
  -0.09718503  0.00972676 -0.04139784 -0.0819639   0.22036222 -0.0910062
  -0.0571014   0.0480868  -0.10332915 -0.04286695  0.18967633 -0.03915073
   0.10259058 -0.01457004 -0.06905326  0.01580213  0.12157056 -0.08861564
   0.05850719 -0.05082979  0.18369018 -0.07728478  0.18928845  0.15233445
   0.05982818  0.12883142 -0.08066541  0.09228495 -0.04669107  0.00613268
   0.09680912 -0.02269123  0.07400499 -0.08016517 -0.02256013 -0.0081381
   0.08855974 -0.0889983   0.01996616  0.10222832 -0.08497074 -0.04100626
  -0.00468219 -0.07322077 -0.03168779  0.03868368  0.10674802  0.00719287
   0.01457035  0.0371867   0.03441535 -0.05269746  0.21694537 -0.09007664
  -0.06289693 -0.07252304 -0.08826637  0.06046382 -0.01492295 -0.04386417
  -0.0365235   0.08828442 -0.08039793  0.09459279 -0.0701737   0.14524491
   0.04353797  0.12231772 -0.0637902  -0.07129388  0.15056089 -0.02717561
   0.13117175 -0.03685317 -0.0458861  -0.01630768 -0.06654755  0.10715275
  -0.02690466  0.03408147 -0.00499799 -0.07330313  0.06609187 -0.03843124
  -0.08784262 -0.06818049]
 [-0.01251966 -0.06068962 -0.02214097 -0.06029966  0.04344854 -0.02888452
  -0.04281511  0.0214291   0.07059806 -0.04872343 -0.03865852 -0.07528406
  -0.03399951  0.11304062 -0.08665509 -0.02132293  0.0917468   0.06489493
   0.00818194  0.00739518  0.18898797  0.13601668  0.01742163  0.09531225
   0.08243106 -0.06369304  0.21052533 -0.05344578  0.00073981 -0.06621194
  -0.05496563  0.08969948  0.04680381 -0.07490762 -0.01336383  0.02586556
   0.19416936 -0.04437875  0.29441327 -0.09806957 -0.07480051 -0.02779011
  -0.06577047  0.026307    0.07097851 -0.07913091  0.01563775 -0.0803251
   0.01166459  0.04113019 -0.111963    0.02654669  0.171475   -0.06524542
   0.05011255  0.18470462 -0.11808722 -0.10723416  0.09655936 -0.08390675
   0.06382354  0.13235469  0.15323071 -0.07960705 -0.05548489  0.164861
  -0.02893982 -0.0319974  -0.0212606   0.19446573  0.07338546 -0.08317243
   0.04379836 -0.07023934  0.10971266 -0.08969149  0.1342858  -0.02189207
  -0.00702909 -0.11112254  0.17156531 -0.06144802 -0.08376298  0.12326734
  -0.00366293 -0.13295195  0.04728736  0.15333548  0.04313606 -0.04301495
  -0.08223282  0.16458075  0.06775408 -0.06433827  0.11582201 -0.01508695
   0.03190592 -0.0747469  -0.05938581 -0.00351641 -0.01442111 -0.0638217
  -0.03908496 -0.06816199 -0.06983957 -0.07777127 -0.07161029  0.02043802
  -0.01516012  0.0719317   0.02162917  0.01117401  0.1442644   0.14417829
   0.14918214 -0.02195546 -0.0344872   0.12610257 -0.0563974  -0.05718535
   0.04971703 -0.06118829  0.06767833 -0.06213627 -0.0020109  -0.03364955
   0.04588388  0.00485923]]
[[ 0.19010052 -0.06295669 -0.04580327 -0.22745731 -0.00032011  0.12448795
  -0.07528204 -0.0641178  -0.09384371 -0.02862515 -0.09934164 -0.00373087
  -0.09865748  0.10058014 -0.04905169  0.15829508 -0.07332191  0.10438933
  -0.06865571  0.08038504  0.09289472  0.1576558  -0.05676633  0.04492094
   0.12713194 -0.06867278  0.11880632  0.06565075  0.11235383 -0.06731388
  -0.00833649  0.02282179  0.09514683 -0.01912845 -0.00657428  0.07709508
   0.11369199 -0.08633354  0.13024278  0.00105951 -0.00587328 -0.0625734
  -0.09718503  0.00972676 -0.04139784 -0.0819639   0.22036222 -0.0910062
  -0.0571014   0.0480868  -0.10332915 -0.04286695  0.18967633 -0.03915073
   0.10259058 -0.01457004 -0.06905326  0.01580213  0.12157056 -0.08861564
   0.05850719 -0.05082979  0.18369018 -0.07728478  0.18928845  0.15233445
   0.05982818  0.12883142 -0.08066541  0.09228495 -0.04669107  0.00613268
   0.09680912 -0.02269123  0.07400499 -0.08016517 -0.02256013 -0.0081381
   0.08855974 -0.0889983   0.01996616  0.10222832 -0.08497074 -0.04100626
  -0.00468219 -0.07322077 -0.03168779  0.03868368  0.10674802  0.00719287
   0.01457035  0.0371867   0.03441535 -0.05269746  0.21694537 -0.09007664
  -0.06289693 -0.07252304 -0.08826637  0.06046382 -0.01492295 -0.04386417
  -0.0365235   0.08828442 -0.08039793  0.09459279 -0.0701737   0.14524491
   0.04353797  0.12231772 -0.0637902  -0.07129388  0.15056089 -0.02717561
   0.13117175 -0.03685317 -0.0458861  -0.01630768 -0.06654755  0.10715275
  -0.02690466  0.03408147 -0.00499799 -0.07330313  0.06609187 -0.03843124
  -0.08784262 -0.06818049]
 [-0.01251966 -0.06068962 -0.02214097 -0.06029966  0.04344854 -0.02888452
  -0.04281511  0.0214291   0.07059806 -0.04872343 -0.03865852 -0.07528406
  -0.03399951  0.11304062 -0.08665509 -0.02132293  0.0917468   0.06489493
   0.00818194  0.00739518  0.18898797  0.13601668  0.01742163  0.09531225
   0.08243106 -0.06369304  0.21052533 -0.05344578  0.00073981 -0.06621194
  -0.05496563  0.08969948  0.04680381 -0.07490762 -0.01336383  0.02586556
   0.19416936 -0.04437875  0.29441327 -0.09806957 -0.07480051 -0.02779011
  -0.06577047  0.026307    0.07097851 -0.07913091  0.01563775 -0.0803251
   0.01166459  0.04113019 -0.111963    0.02654669  0.171475   -0.06524542
   0.05011255  0.18470462 -0.11808722 -0.10723416  0.09655936 -0.08390675
   0.06382354  0.13235469  0.15323071 -0.07960705 -0.05548489  0.164861
  -0.02893982 -0.0319974  -0.0212606   0.19446573  0.07338546 -0.08317243
   0.04379836 -0.07023934  0.10971266 -0.08969149  0.1342858  -0.02189207
  -0.00702909 -0.11112254  0.17156531 -0.06144802 -0.08376298  0.12326734
  -0.00366293 -0.13295195  0.04728736  0.15333548  0.04313606 -0.04301495
  -0.08223282  0.16458075  0.06775408 -0.06433827  0.11582201 -0.01508695
   0.03190592 -0.0747469  -0.05938581 -0.00351641 -0.01442111 -0.0638217
  -0.03908496 -0.06816199 -0.06983957 -0.07777127 -0.07161029  0.02043802
  -0.01516012  0.0719317   0.02162917  0.01117401  0.1442644   0.14417829
   0.14918214 -0.02195546 -0.0344872   0.12610257 -0.0563974  -0.05718535
   0.04971703 -0.06118829  0.06767833 -0.06213627 -0.0020109  -0.03364955
   0.04588388  0.00485923]]
[[ 0.19010052 -0.06295669 -0.04580327 -0.22745731 -0.00032011  0.12448795
  -0.07528204 -0.0641178  -0.09384371 -0.02862515 -0.09934164 -0.00373087
  -0.09865748  0.10058014 -0.04905169  0.15829508 -0.07332191  0.10438933
  -0.06865571  0.08038504  0.09289472  0.1576558  -0.05676633  0.04492094
   0.12713194 -0.06867278  0.11880632  0.06565075  0.11235383 -0.06731388
  -0.00833649  0.02282179  0.09514683 -0.01912845 -0.00657428  0.07709508
   0.11369199 -0.08633354  0.13024278  0.00105951 -0.00587328 -0.0625734
  -0.09718503  0.00972676 -0.04139784 -0.0819639   0.22036222 -0.0910062
  -0.0571014   0.0480868  -0.10332915 -0.04286695  0.18967633 -0.03915073
   0.10259058 -0.01457004 -0.06905326  0.01580213  0.12157056 -0.08861564
   0.05850719 -0.05082979  0.18369018 -0.07728478  0.18928845  0.15233445
   0.05982818  0.12883142 -0.08066541  0.09228495 -0.04669107  0.00613268
   0.09680912 -0.02269123  0.07400499 -0.08016517 -0.02256013 -0.0081381
   0.08855974 -0.0889983   0.01996616  0.10222832 -0.08497074 -0.04100626
  -0.00468219 -0.07322077 -0.03168779  0.03868368  0.10674802  0.00719287
   0.01457035  0.0371867   0.03441535 -0.05269746  0.21694537 -0.09007664
  -0.06289693 -0.07252304 -0.08826637  0.06046382 -0.01492295 -0.04386417
  -0.0365235   0.08828442 -0.08039793  0.09459279 -0.0701737   0.14524491
   0.04353797  0.12231772 -0.0637902  -0.07129388  0.15056089 -0.02717561
   0.13117175 -0.03685317 -0.0458861  -0.01630768 -0.06654755  0.10715275
  -0.02690466  0.03408147 -0.00499799 -0.07330313  0.06609187 -0.03843124
  -0.08784262 -0.06818049]
 [-0.01251966 -0.06068962 -0.02214097 -0.06029966  0.04344854 -0.02888452
  -0.04281511  0.0214291   0.07059806 -0.04872343 -0.03865852 -0.07528406
  -0.03399951  0.11304062 -0.08665509 -0.02132293  0.0917468   0.06489493
   0.00818194  0.00739518  0.18898797  0.13601668  0.01742163  0.09531225
   0.08243106 -0.06369304  0.21052533 -0.05344578  0.00073981 -0.06621194
  -0.05496563  0.08969948  0.04680381 -0.07490762 -0.01336383  0.02586556
   0.19416936 -0.04437875  0.29441327 -0.09806957 -0.07480051 -0.02779011
  -0.06577047  0.026307    0.07097851 -0.07913091  0.01563775 -0.0803251
   0.01166459  0.04113019 -0.111963    0.02654669  0.171475   -0.06524542
   0.05011255  0.18470462 -0.11808722 -0.10723416  0.09655936 -0.08390675
   0.06382354  0.13235469  0.15323071 -0.07960705 -0.05548489  0.164861
  -0.02893982 -0.0319974  -0.0212606   0.19446573  0.07338546 -0.08317243
   0.04379836 -0.07023934  0.10971266 -0.08969149  0.1342858  -0.02189207
  -0.00702909 -0.11112254  0.17156531 -0.06144802 -0.08376298  0.12326734
  -0.00366293 -0.13295195  0.04728736  0.15333548  0.04313606 -0.04301495
  -0.08223282  0.16458075  0.06775408 -0.06433827  0.11582201 -0.01508695
   0.03190592 -0.0747469  -0.05938581 -0.00351641 -0.01442111 -0.0638217
  -0.03908496 -0.06816199 -0.06983957 -0.07777127 -0.07161029  0.02043802
  -0.01516012  0.0719317   0.02162917  0.01117401  0.1442644   0.14417829
   0.14918214 -0.02195546 -0.0344872   0.12610257 -0.0563974  -0.05718535
   0.04971703 -0.06118829  0.06767833 -0.06213627 -0.0020109  -0.03364955
   0.04588388  0.00485923]]
