[[ 1.21450955e-02 -6.69215471e-02 -5.46263643e-02 -1.85221612e-01
  -2.26625130e-02  5.91881946e-02 -8.25487301e-02 -6.74979240e-02
  -9.21437293e-02 -2.04575919e-02 -8.57704729e-02 -5.66814132e-02
  -6.42183125e-02  1.35871053e-01 -5.10052927e-02  1.84419632e-01
  -7.54603148e-02  9.98016000e-02 -6.66073039e-02  9.40762609e-02
   9.41399932e-02  1.55452684e-01 -1.29129648e-01  7.24389106e-02
   1.80473506e-01 -5.12776263e-02  1.06929973e-01  3.20019275e-02
   1.23884924e-01 -4.49766666e-02 -3.34035307e-02  5.68007957e-03
   6.77937120e-02 -3.94316725e-02 -2.10176073e-02  3.88316736e-02
   6.13587275e-02 -8.02857503e-02  1.79927289e-01 -4.19275910e-02
  -4.09486368e-02 -7.61945397e-02 -1.02291211e-01  4.92113940e-02
  -4.37712148e-02 -9.17296112e-02  8.19191262e-02 -8.38188305e-02
  -5.94812036e-02 -2.58550630e-04 -1.10078163e-01 -4.69650468e-03
   2.34414726e-01 -5.13921119e-02  6.26227409e-02  3.27982567e-02
  -4.63424623e-02 -2.34731641e-02  1.17119372e-01 -8.98361504e-02
   9.35637578e-02 -2.69447081e-02  2.50653416e-01 -5.81613444e-02
   1.77177504e-01  1.98005214e-01  2.98963990e-02  1.87642992e-01
  -7.71462619e-02  1.24742255e-01 -5.72400093e-02  8.20781067e-02
   6.28686994e-02  1.96768269e-02  3.31122689e-02 -9.67437774e-02
  -5.03906347e-02 -4.87132221e-02  5.14542423e-02 -8.10890645e-02
  -1.25016998e-02  7.70267844e-02 -8.55552554e-02 -3.39954160e-02
  -1.00018885e-02 -7.96409696e-02 -1.96844619e-02 -3.91255207e-02
   9.56181437e-02  8.77749845e-02  3.22252028e-02  1.29011735e-01
   1.14158690e-02 -6.77899495e-02  1.73616722e-01 -3.41805667e-02
  -6.86391070e-02 -8.56806114e-02 -9.51265022e-02  7.48183206e-02
   2.65963399e-03  1.07457107e-02 -2.81319767e-02  1.40270099e-01
  -9.63817686e-02  6.20943159e-02 -7.33172521e-02  1.59862339e-01
   7.96167329e-02  1.16632082e-01 -6.92642778e-02 -7.80424476e-02
   1.16399676e-01 -5.55878282e-02  4.41536754e-02  3.39432416e-04
  -4.47428301e-02  1.57077983e-03 -7.01433346e-02  1.19316481e-01
   3.66832316e-02  2.70417444e-02 -2.53762975e-02 -7.64781535e-02
   4.72942069e-02  3.66156513e-04 -6.09524548e-02 -3.89389321e-02]
 [ 7.95819890e-03 -6.52684048e-02 -7.11644888e-02 -1.23391733e-01
  -5.78504801e-02  3.69323753e-02 -4.41620089e-02  3.64649631e-02
   5.06312363e-02 -3.85051183e-02 -3.05797271e-02 -7.44637474e-02
   1.08665153e-02  1.19956166e-01 -7.95135275e-02 -6.86581654e-04
   4.58474569e-02  8.73530060e-02  6.70671761e-02  1.69762373e-02
   2.06126615e-01  1.29536912e-01 -1.85743496e-02  1.19247504e-01
   1.09093256e-01 -4.58130948e-02  2.06608176e-01 -5.96440621e-02
   9.91405472e-02 -6.02266341e-02 -7.18482137e-02  7.95020014e-02
   1.21683031e-01 -6.97034076e-02  3.46799172e-03  6.13239594e-03
   1.02038451e-01 -5.08436710e-02  3.47236484e-01 -7.84853101e-02
  -7.65029714e-02 -1.27036041e-02 -4.21215631e-02  8.23912735e-04
   7.78364465e-02 -8.29908475e-02  2.14927606e-02 -5.42325079e-02
   6.88721705e-03  3.15143503e-02 -1.08212650e-01  1.16764233e-01
   2.26150542e-01 -6.31238818e-02  3.97859327e-02  2.08071545e-01
  -7.15696216e-02 -8.35799575e-02  6.46711588e-02 -7.83188492e-02
   7.89641961e-02  1.31551102e-01  1.98954791e-01 -8.73348787e-02
  -1.63848288e-02  1.55285805e-01 -2.16071308e-02 -2.38971654e-02
  -7.41318241e-02  1.95006117e-01 -2.10683197e-02 -6.09963872e-02
   4.63286899e-02 -6.50615245e-02  7.08222464e-02 -7.90463313e-02
   9.55519751e-02 -2.36390736e-02  1.06525077e-02 -1.00658506e-01
   6.35744482e-02 -5.91131188e-02 -8.28541517e-02  8.21161419e-02
  -4.20394428e-02 -1.32075340e-01  7.73688257e-02  1.10639587e-01
   3.65686379e-02  1.17950663e-02 -7.55856186e-02  1.46815971e-01
   3.63439135e-02 -7.51935765e-02  2.23466642e-02  4.76640984e-02
   7.60791451e-02 -7.36182258e-02 -5.28495722e-02 -1.94234378e-03
  -5.17447852e-02 -6.64221123e-02 -4.24306691e-02 -5.77838458e-02
  -7.18339756e-02 -5.36588170e-02 -6.12544864e-02  6.89804256e-02
  -9.02674254e-03  8.96939710e-02  4.04405966e-02  5.18940762e-02
   1.75637677e-01  5.05718105e-02  7.42620826e-02  4.53832559e-02
  -4.17590514e-03  1.22957014e-01 -2.50622202e-02  2.64191106e-02
   6.99433684e-02 -7.31893852e-02  1.09254047e-02 -7.73741826e-02
   4.64535840e-02  9.26416740e-02  1.05280139e-01  2.71659773e-02]]
[[ 1.21450955e-02 -6.69215471e-02 -5.46263643e-02 -1.85221612e-01
  -2.26625130e-02  5.91881946e-02 -8.25487301e-02 -6.74979240e-02
  -9.21437293e-02 -2.04575919e-02 -8.57704729e-02 -5.66814132e-02
  -6.42183125e-02  1.35871053e-01 -5.10052927e-02  1.84419632e-01
  -7.54603148e-02  9.98016000e-02 -6.66073039e-02  9.40762609e-02
   9.41399932e-02  1.55452684e-01 -1.29129648e-01  7.24389106e-02
   1.80473506e-01 -5.12776263e-02  1.06929973e-01  3.20019275e-02
   1.23884924e-01 -4.49766666e-02 -3.34035307e-02  5.68007957e-03
   6.77937120e-02 -3.94316725e-02 -2.10176073e-02  3.88316736e-02
   6.13587275e-02 -8.02857503e-02  1.79927289e-01 -4.19275910e-02
  -4.09486368e-02 -7.61945397e-02 -1.02291211e-01  4.92113940e-02
  -4.37712148e-02 -9.17296112e-02  8.19191262e-02 -8.38188305e-02
  -5.94812036e-02 -2.58550630e-04 -1.10078163e-01 -4.69650468e-03
   2.34414726e-01 -5.13921119e-02  6.26227409e-02  3.27982567e-02
  -4.63424623e-02 -2.34731641e-02  1.17119372e-01 -8.98361504e-02
   9.35637578e-02 -2.69447081e-02  2.50653416e-01 -5.81613444e-02
   1.77177504e-01  1.98005214e-01  2.98963990e-02  1.87642992e-01
  -7.71462619e-02  1.24742255e-01 -5.72400093e-02  8.20781067e-02
   6.28686994e-02  1.96768269e-02  3.31122689e-02 -9.67437774e-02
  -5.03906347e-02 -4.87132221e-02  5.14542423e-02 -8.10890645e-02
  -1.25016998e-02  7.70267844e-02 -8.55552554e-02 -3.39954160e-02
  -1.00018885e-02 -7.96409696e-02 -1.96844619e-02 -3.91255207e-02
   9.56181437e-02  8.77749845e-02  3.22252028e-02  1.29011735e-01
   1.14158690e-02 -6.77899495e-02  1.73616722e-01 -3.41805667e-02
  -6.86391070e-02 -8.56806114e-02 -9.51265022e-02  7.48183206e-02
   2.65963399e-03  1.07457107e-02 -2.81319767e-02  1.40270099e-01
  -9.63817686e-02  6.20943159e-02 -7.33172521e-02  1.59862339e-01
   7.96167329e-02  1.16632082e-01 -6.92642778e-02 -7.80424476e-02
   1.16399676e-01 -5.55878282e-02  4.41536754e-02  3.39432416e-04
  -4.47428301e-02  1.57077983e-03 -7.01433346e-02  1.19316481e-01
   3.66832316e-02  2.70417444e-02 -2.53762975e-02 -7.64781535e-02
   4.72942069e-02  3.66156513e-04 -6.09524548e-02 -3.89389321e-02]
 [ 7.95819890e-03 -6.52684048e-02 -7.11644888e-02 -1.23391733e-01
  -5.78504801e-02  3.69323753e-02 -4.41620089e-02  3.64649631e-02
   5.06312363e-02 -3.85051183e-02 -3.05797271e-02 -7.44637474e-02
   1.08665153e-02  1.19956166e-01 -7.95135275e-02 -6.86581654e-04
   4.58474569e-02  8.73530060e-02  6.70671761e-02  1.69762373e-02
   2.06126615e-01  1.29536912e-01 -1.85743496e-02  1.19247504e-01
   1.09093256e-01 -4.58130948e-02  2.06608176e-01 -5.96440621e-02
   9.91405472e-02 -6.02266341e-02 -7.18482137e-02  7.95020014e-02
   1.21683031e-01 -6.97034076e-02  3.46799172e-03  6.13239594e-03
   1.02038451e-01 -5.08436710e-02  3.47236484e-01 -7.84853101e-02
  -7.65029714e-02 -1.27036041e-02 -4.21215631e-02  8.23912735e-04
   7.78364465e-02 -8.29908475e-02  2.14927606e-02 -5.42325079e-02
   6.88721705e-03  3.15143503e-02 -1.08212650e-01  1.16764233e-01
   2.26150542e-01 -6.31238818e-02  3.97859327e-02  2.08071545e-01
  -7.15696216e-02 -8.35799575e-02  6.46711588e-02 -7.83188492e-02
   7.89641961e-02  1.31551102e-01  1.98954791e-01 -8.73348787e-02
  -1.63848288e-02  1.55285805e-01 -2.16071308e-02 -2.38971654e-02
  -7.41318241e-02  1.95006117e-01 -2.10683197e-02 -6.09963872e-02
   4.63286899e-02 -6.50615245e-02  7.08222464e-02 -7.90463313e-02
   9.55519751e-02 -2.36390736e-02  1.06525077e-02 -1.00658506e-01
   6.35744482e-02 -5.91131188e-02 -8.28541517e-02  8.21161419e-02
  -4.20394428e-02 -1.32075340e-01  7.73688257e-02  1.10639587e-01
   3.65686379e-02  1.17950663e-02 -7.55856186e-02  1.46815971e-01
   3.63439135e-02 -7.51935765e-02  2.23466642e-02  4.76640984e-02
   7.60791451e-02 -7.36182258e-02 -5.28495722e-02 -1.94234378e-03
  -5.17447852e-02 -6.64221123e-02 -4.24306691e-02 -5.77838458e-02
  -7.18339756e-02 -5.36588170e-02 -6.12544864e-02  6.89804256e-02
  -9.02674254e-03  8.96939710e-02  4.04405966e-02  5.18940762e-02
   1.75637677e-01  5.05718105e-02  7.42620826e-02  4.53832559e-02
  -4.17590514e-03  1.22957014e-01 -2.50622202e-02  2.64191106e-02
   6.99433684e-02 -7.31893852e-02  1.09254047e-02 -7.73741826e-02
   4.64535840e-02  9.26416740e-02  1.05280139e-01  2.71659773e-02]]
[[ 1.21450955e-02 -6.69215471e-02 -5.46263643e-02 -1.85221612e-01
  -2.26625130e-02  5.91881946e-02 -8.25487301e-02 -6.74979240e-02
  -9.21437293e-02 -2.04575919e-02 -8.57704729e-02 -5.66814132e-02
  -6.42183125e-02  1.35871053e-01 -5.10052927e-02  1.84419632e-01
  -7.54603148e-02  9.98016000e-02 -6.66073039e-02  9.40762609e-02
   9.41399932e-02  1.55452684e-01 -1.29129648e-01  7.24389106e-02
   1.80473506e-01 -5.12776263e-02  1.06929973e-01  3.20019275e-02
   1.23884924e-01 -4.49766666e-02 -3.34035307e-02  5.68007957e-03
   6.77937120e-02 -3.94316725e-02 -2.10176073e-02  3.88316736e-02
   6.13587275e-02 -8.02857503e-02  1.79927289e-01 -4.19275910e-02
  -4.09486368e-02 -7.61945397e-02 -1.02291211e-01  4.92113940e-02
  -4.37712148e-02 -9.17296112e-02  8.19191262e-02 -8.38188305e-02
  -5.94812036e-02 -2.58550630e-04 -1.10078163e-01 -4.69650468e-03
   2.34414726e-01 -5.13921119e-02  6.26227409e-02  3.27982567e-02
  -4.63424623e-02 -2.34731641e-02  1.17119372e-01 -8.98361504e-02
   9.35637578e-02 -2.69447081e-02  2.50653416e-01 -5.81613444e-02
   1.77177504e-01  1.98005214e-01  2.98963990e-02  1.87642992e-01
  -7.71462619e-02  1.24742255e-01 -5.72400093e-02  8.20781067e-02
   6.28686994e-02  1.96768269e-02  3.31122689e-02 -9.67437774e-02
  -5.03906347e-02 -4.87132221e-02  5.14542423e-02 -8.10890645e-02
  -1.25016998e-02  7.70267844e-02 -8.55552554e-02 -3.39954160e-02
  -1.00018885e-02 -7.96409696e-02 -1.96844619e-02 -3.91255207e-02
   9.56181437e-02  8.77749845e-02  3.22252028e-02  1.29011735e-01
   1.14158690e-02 -6.77899495e-02  1.73616722e-01 -3.41805667e-02
  -6.86391070e-02 -8.56806114e-02 -9.51265022e-02  7.48183206e-02
   2.65963399e-03  1.07457107e-02 -2.81319767e-02  1.40270099e-01
  -9.63817686e-02  6.20943159e-02 -7.33172521e-02  1.59862339e-01
   7.96167329e-02  1.16632082e-01 -6.92642778e-02 -7.80424476e-02
   1.16399676e-01 -5.55878282e-02  4.41536754e-02  3.39432416e-04
  -4.47428301e-02  1.57077983e-03 -7.01433346e-02  1.19316481e-01
   3.66832316e-02  2.70417444e-02 -2.53762975e-02 -7.64781535e-02
   4.72942069e-02  3.66156513e-04 -6.09524548e-02 -3.89389321e-02]
 [ 7.95819890e-03 -6.52684048e-02 -7.11644888e-02 -1.23391733e-01
  -5.78504801e-02  3.69323753e-02 -4.41620089e-02  3.64649631e-02
   5.06312363e-02 -3.85051183e-02 -3.05797271e-02 -7.44637474e-02
   1.08665153e-02  1.19956166e-01 -7.95135275e-02 -6.86581654e-04
   4.58474569e-02  8.73530060e-02  6.70671761e-02  1.69762373e-02
   2.06126615e-01  1.29536912e-01 -1.85743496e-02  1.19247504e-01
   1.09093256e-01 -4.58130948e-02  2.06608176e-01 -5.96440621e-02
   9.91405472e-02 -6.02266341e-02 -7.18482137e-02  7.95020014e-02
   1.21683031e-01 -6.97034076e-02  3.46799172e-03  6.13239594e-03
   1.02038451e-01 -5.08436710e-02  3.47236484e-01 -7.84853101e-02
  -7.65029714e-02 -1.27036041e-02 -4.21215631e-02  8.23912735e-04
   7.78364465e-02 -8.29908475e-02  2.14927606e-02 -5.42325079e-02
   6.88721705e-03  3.15143503e-02 -1.08212650e-01  1.16764233e-01
   2.26150542e-01 -6.31238818e-02  3.97859327e-02  2.08071545e-01
  -7.15696216e-02 -8.35799575e-02  6.46711588e-02 -7.83188492e-02
   7.89641961e-02  1.31551102e-01  1.98954791e-01 -8.73348787e-02
  -1.63848288e-02  1.55285805e-01 -2.16071308e-02 -2.38971654e-02
  -7.41318241e-02  1.95006117e-01 -2.10683197e-02 -6.09963872e-02
   4.63286899e-02 -6.50615245e-02  7.08222464e-02 -7.90463313e-02
   9.55519751e-02 -2.36390736e-02  1.06525077e-02 -1.00658506e-01
   6.35744482e-02 -5.91131188e-02 -8.28541517e-02  8.21161419e-02
  -4.20394428e-02 -1.32075340e-01  7.73688257e-02  1.10639587e-01
   3.65686379e-02  1.17950663e-02 -7.55856186e-02  1.46815971e-01
   3.63439135e-02 -7.51935765e-02  2.23466642e-02  4.76640984e-02
   7.60791451e-02 -7.36182258e-02 -5.28495722e-02 -1.94234378e-03
  -5.17447852e-02 -6.64221123e-02 -4.24306691e-02 -5.77838458e-02
  -7.18339756e-02 -5.36588170e-02 -6.12544864e-02  6.89804256e-02
  -9.02674254e-03  8.96939710e-02  4.04405966e-02  5.18940762e-02
   1.75637677e-01  5.05718105e-02  7.42620826e-02  4.53832559e-02
  -4.17590514e-03  1.22957014e-01 -2.50622202e-02  2.64191106e-02
   6.99433684e-02 -7.31893852e-02  1.09254047e-02 -7.73741826e-02
   4.64535840e-02  9.26416740e-02  1.05280139e-01  2.71659773e-02]]
[[ 1.21450955e-02 -6.69215471e-02 -5.46263643e-02 -1.85221612e-01
  -2.26625130e-02  5.91881946e-02 -8.25487301e-02 -6.74979240e-02
  -9.21437293e-02 -2.04575919e-02 -8.57704729e-02 -5.66814132e-02
  -6.42183125e-02  1.35871053e-01 -5.10052927e-02  1.84419632e-01
  -7.54603148e-02  9.98016000e-02 -6.66073039e-02  9.40762609e-02
   9.41399932e-02  1.55452684e-01 -1.29129648e-01  7.24389106e-02
   1.80473506e-01 -5.12776263e-02  1.06929973e-01  3.20019275e-02
   1.23884924e-01 -4.49766666e-02 -3.34035307e-02  5.68007957e-03
   6.77937120e-02 -3.94316725e-02 -2.10176073e-02  3.88316736e-02
   6.13587275e-02 -8.02857503e-02  1.79927289e-01 -4.19275910e-02
  -4.09486368e-02 -7.61945397e-02 -1.02291211e-01  4.92113940e-02
  -4.37712148e-02 -9.17296112e-02  8.19191262e-02 -8.38188305e-02
  -5.94812036e-02 -2.58550630e-04 -1.10078163e-01 -4.69650468e-03
   2.34414726e-01 -5.13921119e-02  6.26227409e-02  3.27982567e-02
  -4.63424623e-02 -2.34731641e-02  1.17119372e-01 -8.98361504e-02
   9.35637578e-02 -2.69447081e-02  2.50653416e-01 -5.81613444e-02
   1.77177504e-01  1.98005214e-01  2.98963990e-02  1.87642992e-01
  -7.71462619e-02  1.24742255e-01 -5.72400093e-02  8.20781067e-02
   6.28686994e-02  1.96768269e-02  3.31122689e-02 -9.67437774e-02
  -5.03906347e-02 -4.87132221e-02  5.14542423e-02 -8.10890645e-02
  -1.25016998e-02  7.70267844e-02 -8.55552554e-02 -3.39954160e-02
  -1.00018885e-02 -7.96409696e-02 -1.96844619e-02 -3.91255207e-02
   9.56181437e-02  8.77749845e-02  3.22252028e-02  1.29011735e-01
   1.14158690e-02 -6.77899495e-02  1.73616722e-01 -3.41805667e-02
  -6.86391070e-02 -8.56806114e-02 -9.51265022e-02  7.48183206e-02
   2.65963399e-03  1.07457107e-02 -2.81319767e-02  1.40270099e-01
  -9.63817686e-02  6.20943159e-02 -7.33172521e-02  1.59862339e-01
   7.96167329e-02  1.16632082e-01 -6.92642778e-02 -7.80424476e-02
   1.16399676e-01 -5.55878282e-02  4.41536754e-02  3.39432416e-04
  -4.47428301e-02  1.57077983e-03 -7.01433346e-02  1.19316481e-01
   3.66832316e-02  2.70417444e-02 -2.53762975e-02 -7.64781535e-02
   4.72942069e-02  3.66156513e-04 -6.09524548e-02 -3.89389321e-02]
 [ 7.95819890e-03 -6.52684048e-02 -7.11644888e-02 -1.23391733e-01
  -5.78504801e-02  3.69323753e-02 -4.41620089e-02  3.64649631e-02
   5.06312363e-02 -3.85051183e-02 -3.05797271e-02 -7.44637474e-02
   1.08665153e-02  1.19956166e-01 -7.95135275e-02 -6.86581654e-04
   4.58474569e-02  8.73530060e-02  6.70671761e-02  1.69762373e-02
   2.06126615e-01  1.29536912e-01 -1.85743496e-02  1.19247504e-01
   1.09093256e-01 -4.58130948e-02  2.06608176e-01 -5.96440621e-02
   9.91405472e-02 -6.02266341e-02 -7.18482137e-02  7.95020014e-02
   1.21683031e-01 -6.97034076e-02  3.46799172e-03  6.13239594e-03
   1.02038451e-01 -5.08436710e-02  3.47236484e-01 -7.84853101e-02
  -7.65029714e-02 -1.27036041e-02 -4.21215631e-02  8.23912735e-04
   7.78364465e-02 -8.29908475e-02  2.14927606e-02 -5.42325079e-02
   6.88721705e-03  3.15143503e-02 -1.08212650e-01  1.16764233e-01
   2.26150542e-01 -6.31238818e-02  3.97859327e-02  2.08071545e-01
  -7.15696216e-02 -8.35799575e-02  6.46711588e-02 -7.83188492e-02
   7.89641961e-02  1.31551102e-01  1.98954791e-01 -8.73348787e-02
  -1.63848288e-02  1.55285805e-01 -2.16071308e-02 -2.38971654e-02
  -7.41318241e-02  1.95006117e-01 -2.10683197e-02 -6.09963872e-02
   4.63286899e-02 -6.50615245e-02  7.08222464e-02 -7.90463313e-02
   9.55519751e-02 -2.36390736e-02  1.06525077e-02 -1.00658506e-01
   6.35744482e-02 -5.91131188e-02 -8.28541517e-02  8.21161419e-02
  -4.20394428e-02 -1.32075340e-01  7.73688257e-02  1.10639587e-01
   3.65686379e-02  1.17950663e-02 -7.55856186e-02  1.46815971e-01
   3.63439135e-02 -7.51935765e-02  2.23466642e-02  4.76640984e-02
   7.60791451e-02 -7.36182258e-02 -5.28495722e-02 -1.94234378e-03
  -5.17447852e-02 -6.64221123e-02 -4.24306691e-02 -5.77838458e-02
  -7.18339756e-02 -5.36588170e-02 -6.12544864e-02  6.89804256e-02
  -9.02674254e-03  8.96939710e-02  4.04405966e-02  5.18940762e-02
   1.75637677e-01  5.05718105e-02  7.42620826e-02  4.53832559e-02
  -4.17590514e-03  1.22957014e-01 -2.50622202e-02  2.64191106e-02
   6.99433684e-02 -7.31893852e-02  1.09254047e-02 -7.73741826e-02
   4.64535840e-02  9.26416740e-02  1.05280139e-01  2.71659773e-02]]
