[[ 0.07643978 -0.07324174 -0.06059159 -0.22423546 -0.03616469  0.09293707
  -0.0795031  -0.07504245 -0.09071744 -0.00514322 -0.09766043 -0.00741515
  -0.05354102  0.04903245 -0.06206173  0.15679882 -0.06525589  0.09328143
  -0.06167263  0.05832334  0.0818598   0.12413821 -0.09940792  0.06904847
   0.11835784 -0.07136936  0.14172482  0.04372923  0.15420215 -0.05418604
  -0.03729383  0.02581006  0.0746005  -0.04306841 -0.02468978  0.05609754
   0.12769389 -0.08845651  0.16304986 -0.01934918 -0.03830099 -0.07397242
  -0.10129037  0.01268574 -0.04001874 -0.09034315  0.16978157 -0.09410331
  -0.07112236  0.00574692 -0.10735096 -0.0330571   0.17945322 -0.05747173
   0.08094452 -0.00765494 -0.06398318 -0.04568857  0.13319689 -0.09462087
   0.1083554  -0.04433669  0.196679   -0.07852929  0.16476695  0.21029106
  -0.00715867  0.17109355 -0.08705244  0.1085794  -0.06446643  0.0065225
   0.07912519  0.02503828  0.08198042 -0.09581455  0.00748586 -0.03965039
   0.09541562 -0.08215705  0.05143922  0.12065177 -0.08921733 -0.03357565
   0.02241601 -0.07575579 -0.0391647   0.02470236  0.05022673  0.04131391
   0.01890611  0.06874298 -0.01296997 -0.07794347  0.2253371  -0.0766815
  -0.0670639  -0.07069267 -0.09425508  0.05749259 -0.02360045 -0.00748544
  -0.04874429  0.09004284 -0.09398872  0.09491692 -0.08170308  0.15337026
   0.07368486  0.11543265 -0.06656168 -0.07758746  0.13812067 -0.03748513
   0.11945118 -0.00654622 -0.05079341  0.03960618 -0.07687078  0.0866091
   0.00586178  0.02443068  0.00189228 -0.07803712  0.06118537 -0.02385549
  -0.08609877 -0.06332485]
 [ 0.01354217 -0.05714658 -0.04513964 -0.0915414  -0.02584759 -0.00693818
  -0.03886482  0.07640816  0.07258616 -0.04848472 -0.04595849 -0.08383097
  -0.00834992  0.14867896 -0.08853295 -0.01393766  0.07270357  0.07730302
   0.0519919   0.00229429  0.18358605  0.16561472 -0.00754907  0.13464677
   0.10570458 -0.04247015  0.20408958 -0.04528219  0.03099096 -0.06418183
  -0.07311927  0.1321859   0.10152661 -0.10458519 -0.00490824  0.04707983
   0.10511358 -0.04049024  0.3051569  -0.09423257 -0.07696802 -0.00600554
  -0.0689321   0.0113855   0.12117319 -0.085977   -0.00268934 -0.05457741
   0.0052441   0.03807926 -0.11276915  0.09434406  0.2263222  -0.05568818
   0.0144659   0.20587961 -0.09137347 -0.09771328  0.0690573  -0.08033392
   0.09548661  0.12796366  0.20546705 -0.08281926 -0.02056353  0.17104618
  -0.0067328  -0.02116477 -0.05285687  0.19350488  0.01307377 -0.06490959
   0.01912902 -0.06175546  0.06510212 -0.08735096  0.0919004  -0.02655201
   0.0006341  -0.09832724  0.09153712 -0.06436844 -0.08508679  0.11063851
  -0.01896372 -0.1396478   0.09473279  0.1060394   0.0255127  -0.01406569
  -0.06456214  0.18923517  0.03285499 -0.0773924   0.04092563  0.01675676
   0.04747767 -0.08260513 -0.05690796 -0.02118697 -0.02536235 -0.06013975
  -0.03460098 -0.05102472 -0.07204706 -0.06729551 -0.0646427   0.05647954
  -0.02540439  0.07957626  0.01196785  0.01997403  0.13134779  0.07393543
   0.0678466   0.02914141 -0.01951491  0.10190497 -0.02731629 -0.02190614
   0.08288806 -0.08133741  0.03088833 -0.07887261  0.03583941  0.03258695
   0.11626015  0.04167883]]
[[ 0.07643978 -0.07324174 -0.06059159 -0.22423546 -0.03616469  0.09293707
  -0.0795031  -0.07504245 -0.09071744 -0.00514322 -0.09766043 -0.00741515
  -0.05354102  0.04903245 -0.06206173  0.15679882 -0.06525589  0.09328143
  -0.06167263  0.05832334  0.0818598   0.12413821 -0.09940792  0.06904847
   0.11835784 -0.07136936  0.14172482  0.04372923  0.15420215 -0.05418604
  -0.03729383  0.02581006  0.0746005  -0.04306841 -0.02468978  0.05609754
   0.12769389 -0.08845651  0.16304986 -0.01934918 -0.03830099 -0.07397242
  -0.10129037  0.01268574 -0.04001874 -0.09034315  0.16978157 -0.09410331
  -0.07112236  0.00574692 -0.10735096 -0.0330571   0.17945322 -0.05747173
   0.08094452 -0.00765494 -0.06398318 -0.04568857  0.13319689 -0.09462087
   0.1083554  -0.04433669  0.196679   -0.07852929  0.16476695  0.21029106
  -0.00715867  0.17109355 -0.08705244  0.1085794  -0.06446643  0.0065225
   0.07912519  0.02503828  0.08198042 -0.09581455  0.00748586 -0.03965039
   0.09541562 -0.08215705  0.05143922  0.12065177 -0.08921733 -0.03357565
   0.02241601 -0.07575579 -0.0391647   0.02470236  0.05022673  0.04131391
   0.01890611  0.06874298 -0.01296997 -0.07794347  0.2253371  -0.0766815
  -0.0670639  -0.07069267 -0.09425508  0.05749259 -0.02360045 -0.00748544
  -0.04874429  0.09004284 -0.09398872  0.09491692 -0.08170308  0.15337026
   0.07368486  0.11543265 -0.06656168 -0.07758746  0.13812067 -0.03748513
   0.11945118 -0.00654622 -0.05079341  0.03960618 -0.07687078  0.0866091
   0.00586178  0.02443068  0.00189228 -0.07803712  0.06118537 -0.02385549
  -0.08609877 -0.06332485]
 [ 0.01354217 -0.05714658 -0.04513964 -0.0915414  -0.02584759 -0.00693818
  -0.03886482  0.07640816  0.07258616 -0.04848472 -0.04595849 -0.08383097
  -0.00834992  0.14867896 -0.08853295 -0.01393766  0.07270357  0.07730302
   0.0519919   0.00229429  0.18358605  0.16561472 -0.00754907  0.13464677
   0.10570458 -0.04247015  0.20408958 -0.04528219  0.03099096 -0.06418183
  -0.07311927  0.1321859   0.10152661 -0.10458519 -0.00490824  0.04707983
   0.10511358 -0.04049024  0.3051569  -0.09423257 -0.07696802 -0.00600554
  -0.0689321   0.0113855   0.12117319 -0.085977   -0.00268934 -0.05457741
   0.0052441   0.03807926 -0.11276915  0.09434406  0.2263222  -0.05568818
   0.0144659   0.20587961 -0.09137347 -0.09771328  0.0690573  -0.08033392
   0.09548661  0.12796366  0.20546705 -0.08281926 -0.02056353  0.17104618
  -0.0067328  -0.02116477 -0.05285687  0.19350488  0.01307377 -0.06490959
   0.01912902 -0.06175546  0.06510212 -0.08735096  0.0919004  -0.02655201
   0.0006341  -0.09832724  0.09153712 -0.06436844 -0.08508679  0.11063851
  -0.01896372 -0.1396478   0.09473279  0.1060394   0.0255127  -0.01406569
  -0.06456214  0.18923517  0.03285499 -0.0773924   0.04092563  0.01675676
   0.04747767 -0.08260513 -0.05690796 -0.02118697 -0.02536235 -0.06013975
  -0.03460098 -0.05102472 -0.07204706 -0.06729551 -0.0646427   0.05647954
  -0.02540439  0.07957626  0.01196785  0.01997403  0.13134779  0.07393543
   0.0678466   0.02914141 -0.01951491  0.10190497 -0.02731629 -0.02190614
   0.08288806 -0.08133741  0.03088833 -0.07887261  0.03583941  0.03258695
   0.11626015  0.04167883]]
[[ 0.07643978 -0.07324174 -0.06059159 -0.22423546 -0.03616469  0.09293707
  -0.0795031  -0.07504245 -0.09071744 -0.00514322 -0.09766043 -0.00741515
  -0.05354102  0.04903245 -0.06206173  0.15679882 -0.06525589  0.09328143
  -0.06167263  0.05832334  0.0818598   0.12413821 -0.09940792  0.06904847
   0.11835784 -0.07136936  0.14172482  0.04372923  0.15420215 -0.05418604
  -0.03729383  0.02581006  0.0746005  -0.04306841 -0.02468978  0.05609754
   0.12769389 -0.08845651  0.16304986 -0.01934918 -0.03830099 -0.07397242
  -0.10129037  0.01268574 -0.04001874 -0.09034315  0.16978157 -0.09410331
  -0.07112236  0.00574692 -0.10735096 -0.0330571   0.17945322 -0.05747173
   0.08094452 -0.00765494 -0.06398318 -0.04568857  0.13319689 -0.09462087
   0.1083554  -0.04433669  0.196679   -0.07852929  0.16476695  0.21029106
  -0.00715867  0.17109355 -0.08705244  0.1085794  -0.06446643  0.0065225
   0.07912519  0.02503828  0.08198042 -0.09581455  0.00748586 -0.03965039
   0.09541562 -0.08215705  0.05143922  0.12065177 -0.08921733 -0.03357565
   0.02241601 -0.07575579 -0.0391647   0.02470236  0.05022673  0.04131391
   0.01890611  0.06874298 -0.01296997 -0.07794347  0.2253371  -0.0766815
  -0.0670639  -0.07069267 -0.09425508  0.05749259 -0.02360045 -0.00748544
  -0.04874429  0.09004284 -0.09398872  0.09491692 -0.08170308  0.15337026
   0.07368486  0.11543265 -0.06656168 -0.07758746  0.13812067 -0.03748513
   0.11945118 -0.00654622 -0.05079341  0.03960618 -0.07687078  0.0866091
   0.00586178  0.02443068  0.00189228 -0.07803712  0.06118537 -0.02385549
  -0.08609877 -0.06332485]
 [ 0.01354217 -0.05714658 -0.04513964 -0.0915414  -0.02584759 -0.00693818
  -0.03886482  0.07640816  0.07258616 -0.04848472 -0.04595849 -0.08383097
  -0.00834992  0.14867896 -0.08853295 -0.01393766  0.07270357  0.07730302
   0.0519919   0.00229429  0.18358605  0.16561472 -0.00754907  0.13464677
   0.10570458 -0.04247015  0.20408958 -0.04528219  0.03099096 -0.06418183
  -0.07311927  0.1321859   0.10152661 -0.10458519 -0.00490824  0.04707983
   0.10511358 -0.04049024  0.3051569  -0.09423257 -0.07696802 -0.00600554
  -0.0689321   0.0113855   0.12117319 -0.085977   -0.00268934 -0.05457741
   0.0052441   0.03807926 -0.11276915  0.09434406  0.2263222  -0.05568818
   0.0144659   0.20587961 -0.09137347 -0.09771328  0.0690573  -0.08033392
   0.09548661  0.12796366  0.20546705 -0.08281926 -0.02056353  0.17104618
  -0.0067328  -0.02116477 -0.05285687  0.19350488  0.01307377 -0.06490959
   0.01912902 -0.06175546  0.06510212 -0.08735096  0.0919004  -0.02655201
   0.0006341  -0.09832724  0.09153712 -0.06436844 -0.08508679  0.11063851
  -0.01896372 -0.1396478   0.09473279  0.1060394   0.0255127  -0.01406569
  -0.06456214  0.18923517  0.03285499 -0.0773924   0.04092563  0.01675676
   0.04747767 -0.08260513 -0.05690796 -0.02118697 -0.02536235 -0.06013975
  -0.03460098 -0.05102472 -0.07204706 -0.06729551 -0.0646427   0.05647954
  -0.02540439  0.07957626  0.01196785  0.01997403  0.13134779  0.07393543
   0.0678466   0.02914141 -0.01951491  0.10190497 -0.02731629 -0.02190614
   0.08288806 -0.08133741  0.03088833 -0.07887261  0.03583941  0.03258695
   0.11626015  0.04167883]]
[[ 0.07643978 -0.07324174 -0.06059159 -0.22423546 -0.03616469  0.09293707
  -0.0795031  -0.07504245 -0.09071744 -0.00514322 -0.09766043 -0.00741515
  -0.05354102  0.04903245 -0.06206173  0.15679882 -0.06525589  0.09328143
  -0.06167263  0.05832334  0.0818598   0.12413821 -0.09940792  0.06904847
   0.11835784 -0.07136936  0.14172482  0.04372923  0.15420215 -0.05418604
  -0.03729383  0.02581006  0.0746005  -0.04306841 -0.02468978  0.05609754
   0.12769389 -0.08845651  0.16304986 -0.01934918 -0.03830099 -0.07397242
  -0.10129037  0.01268574 -0.04001874 -0.09034315  0.16978157 -0.09410331
  -0.07112236  0.00574692 -0.10735096 -0.0330571   0.17945322 -0.05747173
   0.08094452 -0.00765494 -0.06398318 -0.04568857  0.13319689 -0.09462087
   0.1083554  -0.04433669  0.196679   -0.07852929  0.16476695  0.21029106
  -0.00715867  0.17109355 -0.08705244  0.1085794  -0.06446643  0.0065225
   0.07912519  0.02503828  0.08198042 -0.09581455  0.00748586 -0.03965039
   0.09541562 -0.08215705  0.05143922  0.12065177 -0.08921733 -0.03357565
   0.02241601 -0.07575579 -0.0391647   0.02470236  0.05022673  0.04131391
   0.01890611  0.06874298 -0.01296997 -0.07794347  0.2253371  -0.0766815
  -0.0670639  -0.07069267 -0.09425508  0.05749259 -0.02360045 -0.00748544
  -0.04874429  0.09004284 -0.09398872  0.09491692 -0.08170308  0.15337026
   0.07368486  0.11543265 -0.06656168 -0.07758746  0.13812067 -0.03748513
   0.11945118 -0.00654622 -0.05079341  0.03960618 -0.07687078  0.0866091
   0.00586178  0.02443068  0.00189228 -0.07803712  0.06118537 -0.02385549
  -0.08609877 -0.06332485]
 [ 0.01354217 -0.05714658 -0.04513964 -0.0915414  -0.02584759 -0.00693818
  -0.03886482  0.07640816  0.07258616 -0.04848472 -0.04595849 -0.08383097
  -0.00834992  0.14867896 -0.08853295 -0.01393766  0.07270357  0.07730302
   0.0519919   0.00229429  0.18358605  0.16561472 -0.00754907  0.13464677
   0.10570458 -0.04247015  0.20408958 -0.04528219  0.03099096 -0.06418183
  -0.07311927  0.1321859   0.10152661 -0.10458519 -0.00490824  0.04707983
   0.10511358 -0.04049024  0.3051569  -0.09423257 -0.07696802 -0.00600554
  -0.0689321   0.0113855   0.12117319 -0.085977   -0.00268934 -0.05457741
   0.0052441   0.03807926 -0.11276915  0.09434406  0.2263222  -0.05568818
   0.0144659   0.20587961 -0.09137347 -0.09771328  0.0690573  -0.08033392
   0.09548661  0.12796366  0.20546705 -0.08281926 -0.02056353  0.17104618
  -0.0067328  -0.02116477 -0.05285687  0.19350488  0.01307377 -0.06490959
   0.01912902 -0.06175546  0.06510212 -0.08735096  0.0919004  -0.02655201
   0.0006341  -0.09832724  0.09153712 -0.06436844 -0.08508679  0.11063851
  -0.01896372 -0.1396478   0.09473279  0.1060394   0.0255127  -0.01406569
  -0.06456214  0.18923517  0.03285499 -0.0773924   0.04092563  0.01675676
   0.04747767 -0.08260513 -0.05690796 -0.02118697 -0.02536235 -0.06013975
  -0.03460098 -0.05102472 -0.07204706 -0.06729551 -0.0646427   0.05647954
  -0.02540439  0.07957626  0.01196785  0.01997403  0.13134779  0.07393543
   0.0678466   0.02914141 -0.01951491  0.10190497 -0.02731629 -0.02190614
   0.08288806 -0.08133741  0.03088833 -0.07887261  0.03583941  0.03258695
   0.11626015  0.04167883]]
