[[ 0.05254906 -0.0822602  -0.09223173 -0.07124292  0.13023436  0.08058466
   0.08499616  0.0847511   0.05751599  0.07105861  0.01535239 -0.08058138
   0.03847226  0.0844356  -0.11035054 -0.05798014  0.09118359  0.12282429
  -0.03129561 -0.00578623  0.10347782  0.11240261 -0.00116311  0.11210649
  -0.07264148  0.11029267  0.10823409  0.04789284 -0.02522615 -0.07236592
  -0.07094157 -0.01191429 -0.08034782  0.00621647  0.07043036  0.06571949
   0.13716473 -0.09836704  0.10172969 -0.11500572 -0.04530482 -0.08465768
  -0.0073114   0.10572856  0.13566501 -0.01858896 -0.02062018 -0.08996553
  -0.03398229 -0.08907636 -0.12780343  0.01319745  0.05979828 -0.07705861
   0.0050383   0.18449575 -0.1730099  -0.02103124  0.13675857 -0.05930746
   0.16726415  0.08545049  0.14665738 -0.01395314 -0.08851975  0.11128913
  -0.00583166 -0.0627625  -0.08078128  0.11275551  0.10234077 -0.08962011
  -0.01669933  0.05515521  0.24998705  0.07845986 -0.02544634 -0.07409079
   0.06304996 -0.13645482  0.10076818 -0.05391415 -0.11622713  0.15488844
  -0.0818978  -0.09143519  0.0642434   0.07100858  0.07283989 -0.11471108
  -0.06984928  0.12236521  0.15279607 -0.09616394  0.01253743 -0.12934259
   0.08314154 -0.11657655 -0.10746601  0.16131976 -0.07227334 -0.08823468
  -0.08154652  0.08343856 -0.00324782  0.02665236 -0.03500138 -0.04417223
  -0.07730939 -0.05221049 -0.0704624   0.13517997  0.06713498  0.10681888
  -0.02587402  0.01211426 -0.08150355  0.08165931  0.00922973 -0.05201956
  -0.01505021 -0.1017966  -0.0436522  -0.05909221 -0.00686797 -0.05473327
   0.07024971  0.00934004]
 [ 0.1797318  -0.01569184 -0.06186592 -0.19621089 -0.03785384  0.06487042
  -0.07767753 -0.06569583 -0.10454866 -0.01931336 -0.09792381 -0.02984639
  -0.08417221  0.16197611 -0.05376714  0.21447235 -0.07432569  0.08297125
  -0.05923559  0.07986453  0.04283201  0.13987085 -0.1101173   0.07434136
   0.09113935 -0.0678055   0.07620031  0.07068232  0.13134025 -0.05738948
  -0.04572314  0.05904277  0.12935424 -0.05855374 -0.00569251  0.01656585
   0.09257666 -0.07539095  0.21885554  0.01548631  0.00776271 -0.04432201
  -0.10441054 -0.00758945 -0.05204978 -0.08490125  0.17953174 -0.08803175
  -0.06272674  0.08890867 -0.10060409 -0.00029661  0.20336612 -0.00987977
   0.11000008  0.00389575 -0.05487968  0.0039276   0.13673016 -0.08438592
   0.03107215 -0.0389679   0.21015453 -0.07268573  0.13782337  0.15012328
   0.03986099  0.16158663 -0.07338261  0.06116265 -0.04281222  0.02998605
   0.06002552 -0.00401421  0.0745983  -0.083045   -0.05603164 -0.03488715
   0.04811257 -0.05275273  0.00417907  0.13436626 -0.08077169 -0.06322736
   0.01476034 -0.08722399 -0.03440537  0.00984262  0.03580005  0.04215642
   0.09462049  0.04324668  0.02061639 -0.0231185   0.2120624  -0.06060798
  -0.07973353 -0.06693836 -0.08238276  0.05532785  0.01054415  0.05355147
  -0.04554239  0.07037052 -0.07732873  0.09479059 -0.06538871  0.13193712
   0.00068111  0.11970063 -0.08161876 -0.06901994  0.15099938 -0.0666795
   0.14900653 -0.01825918 -0.05123574 -0.05472298 -0.033388    0.11034928
  -0.04154265 -0.03547535 -0.01390419 -0.07787895  0.06308161 -0.02935493
  -0.06661177 -0.06163039]]
[[ 0.05254906 -0.0822602  -0.09223173 -0.07124292  0.13023436  0.08058466
   0.08499616  0.0847511   0.05751599  0.07105861  0.01535239 -0.08058138
   0.03847226  0.0844356  -0.11035054 -0.05798014  0.09118359  0.12282429
  -0.03129561 -0.00578623  0.10347782  0.11240261 -0.00116311  0.11210649
  -0.07264148  0.11029267  0.10823409  0.04789284 -0.02522615 -0.07236592
  -0.07094157 -0.01191429 -0.08034782  0.00621647  0.07043036  0.06571949
   0.13716473 -0.09836704  0.10172969 -0.11500572 -0.04530482 -0.08465768
  -0.0073114   0.10572856  0.13566501 -0.01858896 -0.02062018 -0.08996553
  -0.03398229 -0.08907636 -0.12780343  0.01319745  0.05979828 -0.07705861
   0.0050383   0.18449575 -0.1730099  -0.02103124  0.13675857 -0.05930746
   0.16726415  0.08545049  0.14665738 -0.01395314 -0.08851975  0.11128913
  -0.00583166 -0.0627625  -0.08078128  0.11275551  0.10234077 -0.08962011
  -0.01669933  0.05515521  0.24998705  0.07845986 -0.02544634 -0.07409079
   0.06304996 -0.13645482  0.10076818 -0.05391415 -0.11622713  0.15488844
  -0.0818978  -0.09143519  0.0642434   0.07100858  0.07283989 -0.11471108
  -0.06984928  0.12236521  0.15279607 -0.09616394  0.01253743 -0.12934259
   0.08314154 -0.11657655 -0.10746601  0.16131976 -0.07227334 -0.08823468
  -0.08154652  0.08343856 -0.00324782  0.02665236 -0.03500138 -0.04417223
  -0.07730939 -0.05221049 -0.0704624   0.13517997  0.06713498  0.10681888
  -0.02587402  0.01211426 -0.08150355  0.08165931  0.00922973 -0.05201956
  -0.01505021 -0.1017966  -0.0436522  -0.05909221 -0.00686797 -0.05473327
   0.07024971  0.00934004]
 [ 0.1797318  -0.01569184 -0.06186592 -0.19621089 -0.03785384  0.06487042
  -0.07767753 -0.06569583 -0.10454866 -0.01931336 -0.09792381 -0.02984639
  -0.08417221  0.16197611 -0.05376714  0.21447235 -0.07432569  0.08297125
  -0.05923559  0.07986453  0.04283201  0.13987085 -0.1101173   0.07434136
   0.09113935 -0.0678055   0.07620031  0.07068232  0.13134025 -0.05738948
  -0.04572314  0.05904277  0.12935424 -0.05855374 -0.00569251  0.01656585
   0.09257666 -0.07539095  0.21885554  0.01548631  0.00776271 -0.04432201
  -0.10441054 -0.00758945 -0.05204978 -0.08490125  0.17953174 -0.08803175
  -0.06272674  0.08890867 -0.10060409 -0.00029661  0.20336612 -0.00987977
   0.11000008  0.00389575 -0.05487968  0.0039276   0.13673016 -0.08438592
   0.03107215 -0.0389679   0.21015453 -0.07268573  0.13782337  0.15012328
   0.03986099  0.16158663 -0.07338261  0.06116265 -0.04281222  0.02998605
   0.06002552 -0.00401421  0.0745983  -0.083045   -0.05603164 -0.03488715
   0.04811257 -0.05275273  0.00417907  0.13436626 -0.08077169 -0.06322736
   0.01476034 -0.08722399 -0.03440537  0.00984262  0.03580005  0.04215642
   0.09462049  0.04324668  0.02061639 -0.0231185   0.2120624  -0.06060798
  -0.07973353 -0.06693836 -0.08238276  0.05532785  0.01054415  0.05355147
  -0.04554239  0.07037052 -0.07732873  0.09479059 -0.06538871  0.13193712
   0.00068111  0.11970063 -0.08161876 -0.06901994  0.15099938 -0.0666795
   0.14900653 -0.01825918 -0.05123574 -0.05472298 -0.033388    0.11034928
  -0.04154265 -0.03547535 -0.01390419 -0.07787895  0.06308161 -0.02935493
  -0.06661177 -0.06163039]]
[[ 0.05254906 -0.0822602  -0.09223173 -0.07124292  0.13023436  0.08058466
   0.08499616  0.0847511   0.05751599  0.07105861  0.01535239 -0.08058138
   0.03847226  0.0844356  -0.11035054 -0.05798014  0.09118359  0.12282429
  -0.03129561 -0.00578623  0.10347782  0.11240261 -0.00116311  0.11210649
  -0.07264148  0.11029267  0.10823409  0.04789284 -0.02522615 -0.07236592
  -0.07094157 -0.01191429 -0.08034782  0.00621647  0.07043036  0.06571949
   0.13716473 -0.09836704  0.10172969 -0.11500572 -0.04530482 -0.08465768
  -0.0073114   0.10572856  0.13566501 -0.01858896 -0.02062018 -0.08996553
  -0.03398229 -0.08907636 -0.12780343  0.01319745  0.05979828 -0.07705861
   0.0050383   0.18449575 -0.1730099  -0.02103124  0.13675857 -0.05930746
   0.16726415  0.08545049  0.14665738 -0.01395314 -0.08851975  0.11128913
  -0.00583166 -0.0627625  -0.08078128  0.11275551  0.10234077 -0.08962011
  -0.01669933  0.05515521  0.24998705  0.07845986 -0.02544634 -0.07409079
   0.06304996 -0.13645482  0.10076818 -0.05391415 -0.11622713  0.15488844
  -0.0818978  -0.09143519  0.0642434   0.07100858  0.07283989 -0.11471108
  -0.06984928  0.12236521  0.15279607 -0.09616394  0.01253743 -0.12934259
   0.08314154 -0.11657655 -0.10746601  0.16131976 -0.07227334 -0.08823468
  -0.08154652  0.08343856 -0.00324782  0.02665236 -0.03500138 -0.04417223
  -0.07730939 -0.05221049 -0.0704624   0.13517997  0.06713498  0.10681888
  -0.02587402  0.01211426 -0.08150355  0.08165931  0.00922973 -0.05201956
  -0.01505021 -0.1017966  -0.0436522  -0.05909221 -0.00686797 -0.05473327
   0.07024971  0.00934004]
 [ 0.1797318  -0.01569184 -0.06186592 -0.19621089 -0.03785384  0.06487042
  -0.07767753 -0.06569583 -0.10454866 -0.01931336 -0.09792381 -0.02984639
  -0.08417221  0.16197611 -0.05376714  0.21447235 -0.07432569  0.08297125
  -0.05923559  0.07986453  0.04283201  0.13987085 -0.1101173   0.07434136
   0.09113935 -0.0678055   0.07620031  0.07068232  0.13134025 -0.05738948
  -0.04572314  0.05904277  0.12935424 -0.05855374 -0.00569251  0.01656585
   0.09257666 -0.07539095  0.21885554  0.01548631  0.00776271 -0.04432201
  -0.10441054 -0.00758945 -0.05204978 -0.08490125  0.17953174 -0.08803175
  -0.06272674  0.08890867 -0.10060409 -0.00029661  0.20336612 -0.00987977
   0.11000008  0.00389575 -0.05487968  0.0039276   0.13673016 -0.08438592
   0.03107215 -0.0389679   0.21015453 -0.07268573  0.13782337  0.15012328
   0.03986099  0.16158663 -0.07338261  0.06116265 -0.04281222  0.02998605
   0.06002552 -0.00401421  0.0745983  -0.083045   -0.05603164 -0.03488715
   0.04811257 -0.05275273  0.00417907  0.13436626 -0.08077169 -0.06322736
   0.01476034 -0.08722399 -0.03440537  0.00984262  0.03580005  0.04215642
   0.09462049  0.04324668  0.02061639 -0.0231185   0.2120624  -0.06060798
  -0.07973353 -0.06693836 -0.08238276  0.05532785  0.01054415  0.05355147
  -0.04554239  0.07037052 -0.07732873  0.09479059 -0.06538871  0.13193712
   0.00068111  0.11970063 -0.08161876 -0.06901994  0.15099938 -0.0666795
   0.14900653 -0.01825918 -0.05123574 -0.05472298 -0.033388    0.11034928
  -0.04154265 -0.03547535 -0.01390419 -0.07787895  0.06308161 -0.02935493
  -0.06661177 -0.06163039]]
[[ 0.05254906 -0.0822602  -0.09223173 -0.07124292  0.13023436  0.08058466
   0.08499616  0.0847511   0.05751599  0.07105861  0.01535239 -0.08058138
   0.03847226  0.0844356  -0.11035054 -0.05798014  0.09118359  0.12282429
  -0.03129561 -0.00578623  0.10347782  0.11240261 -0.00116311  0.11210649
  -0.07264148  0.11029267  0.10823409  0.04789284 -0.02522615 -0.07236592
  -0.07094157 -0.01191429 -0.08034782  0.00621647  0.07043036  0.06571949
   0.13716473 -0.09836704  0.10172969 -0.11500572 -0.04530482 -0.08465768
  -0.0073114   0.10572856  0.13566501 -0.01858896 -0.02062018 -0.08996553
  -0.03398229 -0.08907636 -0.12780343  0.01319745  0.05979828 -0.07705861
   0.0050383   0.18449575 -0.1730099  -0.02103124  0.13675857 -0.05930746
   0.16726415  0.08545049  0.14665738 -0.01395314 -0.08851975  0.11128913
  -0.00583166 -0.0627625  -0.08078128  0.11275551  0.10234077 -0.08962011
  -0.01669933  0.05515521  0.24998705  0.07845986 -0.02544634 -0.07409079
   0.06304996 -0.13645482  0.10076818 -0.05391415 -0.11622713  0.15488844
  -0.0818978  -0.09143519  0.0642434   0.07100858  0.07283989 -0.11471108
  -0.06984928  0.12236521  0.15279607 -0.09616394  0.01253743 -0.12934259
   0.08314154 -0.11657655 -0.10746601  0.16131976 -0.07227334 -0.08823468
  -0.08154652  0.08343856 -0.00324782  0.02665236 -0.03500138 -0.04417223
  -0.07730939 -0.05221049 -0.0704624   0.13517997  0.06713498  0.10681888
  -0.02587402  0.01211426 -0.08150355  0.08165931  0.00922973 -0.05201956
  -0.01505021 -0.1017966  -0.0436522  -0.05909221 -0.00686797 -0.05473327
   0.07024971  0.00934004]
 [ 0.1797318  -0.01569184 -0.06186592 -0.19621089 -0.03785384  0.06487042
  -0.07767753 -0.06569583 -0.10454866 -0.01931336 -0.09792381 -0.02984639
  -0.08417221  0.16197611 -0.05376714  0.21447235 -0.07432569  0.08297125
  -0.05923559  0.07986453  0.04283201  0.13987085 -0.1101173   0.07434136
   0.09113935 -0.0678055   0.07620031  0.07068232  0.13134025 -0.05738948
  -0.04572314  0.05904277  0.12935424 -0.05855374 -0.00569251  0.01656585
   0.09257666 -0.07539095  0.21885554  0.01548631  0.00776271 -0.04432201
  -0.10441054 -0.00758945 -0.05204978 -0.08490125  0.17953174 -0.08803175
  -0.06272674  0.08890867 -0.10060409 -0.00029661  0.20336612 -0.00987977
   0.11000008  0.00389575 -0.05487968  0.0039276   0.13673016 -0.08438592
   0.03107215 -0.0389679   0.21015453 -0.07268573  0.13782337  0.15012328
   0.03986099  0.16158663 -0.07338261  0.06116265 -0.04281222  0.02998605
   0.06002552 -0.00401421  0.0745983  -0.083045   -0.05603164 -0.03488715
   0.04811257 -0.05275273  0.00417907  0.13436626 -0.08077169 -0.06322736
   0.01476034 -0.08722399 -0.03440537  0.00984262  0.03580005  0.04215642
   0.09462049  0.04324668  0.02061639 -0.0231185   0.2120624  -0.06060798
  -0.07973353 -0.06693836 -0.08238276  0.05532785  0.01054415  0.05355147
  -0.04554239  0.07037052 -0.07732873  0.09479059 -0.06538871  0.13193712
   0.00068111  0.11970063 -0.08161876 -0.06901994  0.15099938 -0.0666795
   0.14900653 -0.01825918 -0.05123574 -0.05472298 -0.033388    0.11034928
  -0.04154265 -0.03547535 -0.01390419 -0.07787895  0.06308161 -0.02935493
  -0.06661177 -0.06163039]]
