[[-0.0082599  -0.06943567 -0.04669674 -0.06304744  0.1052326  -0.00643673
   0.06409415  0.09930377  0.07477476 -0.03088134  0.03691372 -0.07054999
  -0.0247459   0.0408306  -0.11136526 -0.05022676  0.09487095  0.21198459
  -0.00653504 -0.01344528  0.08548281  0.13528727  0.00612722  0.02509589
   0.05612442  0.08019975  0.11761492 -0.02159253 -0.0356691  -0.05654895
  -0.05647029 -0.02211879 -0.04633777  0.00930158  0.00056771 -0.00894371
   0.13643941 -0.09728762  0.14328912 -0.10635956 -0.02064489 -0.08441688
  -0.05479707  0.06027501  0.08481939 -0.0400006  -0.02451943 -0.10906707
   0.02334079 -0.07434987 -0.13089526  0.05032912  0.01881467 -0.04552631
  -0.02911151  0.23428266 -0.16837992 -0.0259347   0.13410129 -0.0953045
   0.16700216  0.07900184  0.17539564 -0.06158555 -0.08831008  0.1989148
   0.04111498 -0.04632725 -0.05734853  0.09845739  0.16668573 -0.09002507
   0.0371063  -0.02144566  0.21443355  0.01443444  0.06588461 -0.03074249
   0.1081842  -0.13705511  0.14427741 -0.05548905 -0.10991593  0.18194185
  -0.08499023 -0.16271561  0.13609195 -0.02546526  0.02701678 -0.0454008
  -0.09782423  0.06538225  0.16488284 -0.09074998  0.00931524 -0.08302469
   0.0575178  -0.1087888  -0.08289753  0.10348058 -0.02078483 -0.10485971
  -0.07644295 -0.0577002   0.00303453 -0.07466784 -0.07546609 -0.00960172
  -0.07910543 -0.00285742 -0.05579153  0.02295034  0.08161822  0.13651235
   0.018445   -0.02806282 -0.0432016   0.08973099 -0.05999582 -0.08315896
   0.01144351 -0.08707151 -0.04005432 -0.05891767 -0.05827184 -0.01676837
   0.10277065 -0.03960773]
 [ 0.19138288 -0.04401365 -0.03305792 -0.18875228 -0.03374467  0.0856426
  -0.07120933 -0.05391027 -0.09420271 -0.02691152 -0.09517407  0.02549347
  -0.10095657  0.11564352 -0.06755705  0.19751228 -0.05979266  0.09965505
  -0.06395827  0.07544234  0.02750499  0.15692613 -0.08654664  0.02688846
   0.08979486 -0.06836522  0.11029374  0.09256156  0.12698023 -0.06283679
  -0.03491074  0.05669336  0.08832403 -0.04680196 -0.04457444  0.0314959
   0.10310179 -0.07569654  0.16030665 -0.02478776  0.03103274 -0.05136066
  -0.10362653 -0.02986893 -0.04502977 -0.09210217  0.16772464 -0.08852164
  -0.05538302  0.04986228 -0.1024079  -0.01354359  0.18541726 -0.01098708
   0.08620778 -0.01389973 -0.08585218 -0.00975132  0.13671732 -0.07934301
   0.04980662 -0.05877399  0.21247996 -0.06674029  0.18990624  0.20281145
   0.06123871  0.15255083 -0.08563624  0.06399626 -0.03068422  0.03498671
   0.07481193  0.02072355  0.06623387 -0.08692718 -0.02315185 -0.03499666
   0.06917973 -0.08240274  0.03213111  0.16519082 -0.07728635 -0.0584434
   0.02623167 -0.06314448 -0.04108827 -0.01721786  0.08633871  0.02957267
   0.06239896 -0.00446253  0.01734809 -0.03117377  0.21536243 -0.08732553
  -0.07794984 -0.07951134 -0.07264061  0.03396444  0.01496633  0.03251475
  -0.05817113  0.07846778 -0.07630664  0.11073685 -0.06522077  0.14649244
   0.00078797  0.13687618 -0.07698999 -0.07401104  0.140824   -0.05638268
   0.13778785 -0.00296631 -0.04013579 -0.03287681 -0.05725028  0.09437115
   0.00406195  0.01638987  0.0064     -0.07543965  0.06091424 -0.03698939
  -0.08266139 -0.06209878]]
[[-0.0082599  -0.06943567 -0.04669674 -0.06304744  0.1052326  -0.00643673
   0.06409415  0.09930377  0.07477476 -0.03088134  0.03691372 -0.07054999
  -0.0247459   0.0408306  -0.11136526 -0.05022676  0.09487095  0.21198459
  -0.00653504 -0.01344528  0.08548281  0.13528727  0.00612722  0.02509589
   0.05612442  0.08019975  0.11761492 -0.02159253 -0.0356691  -0.05654895
  -0.05647029 -0.02211879 -0.04633777  0.00930158  0.00056771 -0.00894371
   0.13643941 -0.09728762  0.14328912 -0.10635956 -0.02064489 -0.08441688
  -0.05479707  0.06027501  0.08481939 -0.0400006  -0.02451943 -0.10906707
   0.02334079 -0.07434987 -0.13089526  0.05032912  0.01881467 -0.04552631
  -0.02911151  0.23428266 -0.16837992 -0.0259347   0.13410129 -0.0953045
   0.16700216  0.07900184  0.17539564 -0.06158555 -0.08831008  0.1989148
   0.04111498 -0.04632725 -0.05734853  0.09845739  0.16668573 -0.09002507
   0.0371063  -0.02144566  0.21443355  0.01443444  0.06588461 -0.03074249
   0.1081842  -0.13705511  0.14427741 -0.05548905 -0.10991593  0.18194185
  -0.08499023 -0.16271561  0.13609195 -0.02546526  0.02701678 -0.0454008
  -0.09782423  0.06538225  0.16488284 -0.09074998  0.00931524 -0.08302469
   0.0575178  -0.1087888  -0.08289753  0.10348058 -0.02078483 -0.10485971
  -0.07644295 -0.0577002   0.00303453 -0.07466784 -0.07546609 -0.00960172
  -0.07910543 -0.00285742 -0.05579153  0.02295034  0.08161822  0.13651235
   0.018445   -0.02806282 -0.0432016   0.08973099 -0.05999582 -0.08315896
   0.01144351 -0.08707151 -0.04005432 -0.05891767 -0.05827184 -0.01676837
   0.10277065 -0.03960773]
 [ 0.19138288 -0.04401365 -0.03305792 -0.18875228 -0.03374467  0.0856426
  -0.07120933 -0.05391027 -0.09420271 -0.02691152 -0.09517407  0.02549347
  -0.10095657  0.11564352 -0.06755705  0.19751228 -0.05979266  0.09965505
  -0.06395827  0.07544234  0.02750499  0.15692613 -0.08654664  0.02688846
   0.08979486 -0.06836522  0.11029374  0.09256156  0.12698023 -0.06283679
  -0.03491074  0.05669336  0.08832403 -0.04680196 -0.04457444  0.0314959
   0.10310179 -0.07569654  0.16030665 -0.02478776  0.03103274 -0.05136066
  -0.10362653 -0.02986893 -0.04502977 -0.09210217  0.16772464 -0.08852164
  -0.05538302  0.04986228 -0.1024079  -0.01354359  0.18541726 -0.01098708
   0.08620778 -0.01389973 -0.08585218 -0.00975132  0.13671732 -0.07934301
   0.04980662 -0.05877399  0.21247996 -0.06674029  0.18990624  0.20281145
   0.06123871  0.15255083 -0.08563624  0.06399626 -0.03068422  0.03498671
   0.07481193  0.02072355  0.06623387 -0.08692718 -0.02315185 -0.03499666
   0.06917973 -0.08240274  0.03213111  0.16519082 -0.07728635 -0.0584434
   0.02623167 -0.06314448 -0.04108827 -0.01721786  0.08633871  0.02957267
   0.06239896 -0.00446253  0.01734809 -0.03117377  0.21536243 -0.08732553
  -0.07794984 -0.07951134 -0.07264061  0.03396444  0.01496633  0.03251475
  -0.05817113  0.07846778 -0.07630664  0.11073685 -0.06522077  0.14649244
   0.00078797  0.13687618 -0.07698999 -0.07401104  0.140824   -0.05638268
   0.13778785 -0.00296631 -0.04013579 -0.03287681 -0.05725028  0.09437115
   0.00406195  0.01638987  0.0064     -0.07543965  0.06091424 -0.03698939
  -0.08266139 -0.06209878]]
[[-0.0082599  -0.06943567 -0.04669674 -0.06304744  0.1052326  -0.00643673
   0.06409415  0.09930377  0.07477476 -0.03088134  0.03691372 -0.07054999
  -0.0247459   0.0408306  -0.11136526 -0.05022676  0.09487095  0.21198459
  -0.00653504 -0.01344528  0.08548281  0.13528727  0.00612722  0.02509589
   0.05612442  0.08019975  0.11761492 -0.02159253 -0.0356691  -0.05654895
  -0.05647029 -0.02211879 -0.04633777  0.00930158  0.00056771 -0.00894371
   0.13643941 -0.09728762  0.14328912 -0.10635956 -0.02064489 -0.08441688
  -0.05479707  0.06027501  0.08481939 -0.0400006  -0.02451943 -0.10906707
   0.02334079 -0.07434987 -0.13089526  0.05032912  0.01881467 -0.04552631
  -0.02911151  0.23428266 -0.16837992 -0.0259347   0.13410129 -0.0953045
   0.16700216  0.07900184  0.17539564 -0.06158555 -0.08831008  0.1989148
   0.04111498 -0.04632725 -0.05734853  0.09845739  0.16668573 -0.09002507
   0.0371063  -0.02144566  0.21443355  0.01443444  0.06588461 -0.03074249
   0.1081842  -0.13705511  0.14427741 -0.05548905 -0.10991593  0.18194185
  -0.08499023 -0.16271561  0.13609195 -0.02546526  0.02701678 -0.0454008
  -0.09782423  0.06538225  0.16488284 -0.09074998  0.00931524 -0.08302469
   0.0575178  -0.1087888  -0.08289753  0.10348058 -0.02078483 -0.10485971
  -0.07644295 -0.0577002   0.00303453 -0.07466784 -0.07546609 -0.00960172
  -0.07910543 -0.00285742 -0.05579153  0.02295034  0.08161822  0.13651235
   0.018445   -0.02806282 -0.0432016   0.08973099 -0.05999582 -0.08315896
   0.01144351 -0.08707151 -0.04005432 -0.05891767 -0.05827184 -0.01676837
   0.10277065 -0.03960773]
 [ 0.19138288 -0.04401365 -0.03305792 -0.18875228 -0.03374467  0.0856426
  -0.07120933 -0.05391027 -0.09420271 -0.02691152 -0.09517407  0.02549347
  -0.10095657  0.11564352 -0.06755705  0.19751228 -0.05979266  0.09965505
  -0.06395827  0.07544234  0.02750499  0.15692613 -0.08654664  0.02688846
   0.08979486 -0.06836522  0.11029374  0.09256156  0.12698023 -0.06283679
  -0.03491074  0.05669336  0.08832403 -0.04680196 -0.04457444  0.0314959
   0.10310179 -0.07569654  0.16030665 -0.02478776  0.03103274 -0.05136066
  -0.10362653 -0.02986893 -0.04502977 -0.09210217  0.16772464 -0.08852164
  -0.05538302  0.04986228 -0.1024079  -0.01354359  0.18541726 -0.01098708
   0.08620778 -0.01389973 -0.08585218 -0.00975132  0.13671732 -0.07934301
   0.04980662 -0.05877399  0.21247996 -0.06674029  0.18990624  0.20281145
   0.06123871  0.15255083 -0.08563624  0.06399626 -0.03068422  0.03498671
   0.07481193  0.02072355  0.06623387 -0.08692718 -0.02315185 -0.03499666
   0.06917973 -0.08240274  0.03213111  0.16519082 -0.07728635 -0.0584434
   0.02623167 -0.06314448 -0.04108827 -0.01721786  0.08633871  0.02957267
   0.06239896 -0.00446253  0.01734809 -0.03117377  0.21536243 -0.08732553
  -0.07794984 -0.07951134 -0.07264061  0.03396444  0.01496633  0.03251475
  -0.05817113  0.07846778 -0.07630664  0.11073685 -0.06522077  0.14649244
   0.00078797  0.13687618 -0.07698999 -0.07401104  0.140824   -0.05638268
   0.13778785 -0.00296631 -0.04013579 -0.03287681 -0.05725028  0.09437115
   0.00406195  0.01638987  0.0064     -0.07543965  0.06091424 -0.03698939
  -0.08266139 -0.06209878]]
[[-0.0082599  -0.06943567 -0.04669674 -0.06304744  0.1052326  -0.00643673
   0.06409415  0.09930377  0.07477476 -0.03088134  0.03691372 -0.07054999
  -0.0247459   0.0408306  -0.11136526 -0.05022676  0.09487095  0.21198459
  -0.00653504 -0.01344528  0.08548281  0.13528727  0.00612722  0.02509589
   0.05612442  0.08019975  0.11761492 -0.02159253 -0.0356691  -0.05654895
  -0.05647029 -0.02211879 -0.04633777  0.00930158  0.00056771 -0.00894371
   0.13643941 -0.09728762  0.14328912 -0.10635956 -0.02064489 -0.08441688
  -0.05479707  0.06027501  0.08481939 -0.0400006  -0.02451943 -0.10906707
   0.02334079 -0.07434987 -0.13089526  0.05032912  0.01881467 -0.04552631
  -0.02911151  0.23428266 -0.16837992 -0.0259347   0.13410129 -0.0953045
   0.16700216  0.07900184  0.17539564 -0.06158555 -0.08831008  0.1989148
   0.04111498 -0.04632725 -0.05734853  0.09845739  0.16668573 -0.09002507
   0.0371063  -0.02144566  0.21443355  0.01443444  0.06588461 -0.03074249
   0.1081842  -0.13705511  0.14427741 -0.05548905 -0.10991593  0.18194185
  -0.08499023 -0.16271561  0.13609195 -0.02546526  0.02701678 -0.0454008
  -0.09782423  0.06538225  0.16488284 -0.09074998  0.00931524 -0.08302469
   0.0575178  -0.1087888  -0.08289753  0.10348058 -0.02078483 -0.10485971
  -0.07644295 -0.0577002   0.00303453 -0.07466784 -0.07546609 -0.00960172
  -0.07910543 -0.00285742 -0.05579153  0.02295034  0.08161822  0.13651235
   0.018445   -0.02806282 -0.0432016   0.08973099 -0.05999582 -0.08315896
   0.01144351 -0.08707151 -0.04005432 -0.05891767 -0.05827184 -0.01676837
   0.10277065 -0.03960773]
 [ 0.19138288 -0.04401365 -0.03305792 -0.18875228 -0.03374467  0.0856426
  -0.07120933 -0.05391027 -0.09420271 -0.02691152 -0.09517407  0.02549347
  -0.10095657  0.11564352 -0.06755705  0.19751228 -0.05979266  0.09965505
  -0.06395827  0.07544234  0.02750499  0.15692613 -0.08654664  0.02688846
   0.08979486 -0.06836522  0.11029374  0.09256156  0.12698023 -0.06283679
  -0.03491074  0.05669336  0.08832403 -0.04680196 -0.04457444  0.0314959
   0.10310179 -0.07569654  0.16030665 -0.02478776  0.03103274 -0.05136066
  -0.10362653 -0.02986893 -0.04502977 -0.09210217  0.16772464 -0.08852164
  -0.05538302  0.04986228 -0.1024079  -0.01354359  0.18541726 -0.01098708
   0.08620778 -0.01389973 -0.08585218 -0.00975132  0.13671732 -0.07934301
   0.04980662 -0.05877399  0.21247996 -0.06674029  0.18990624  0.20281145
   0.06123871  0.15255083 -0.08563624  0.06399626 -0.03068422  0.03498671
   0.07481193  0.02072355  0.06623387 -0.08692718 -0.02315185 -0.03499666
   0.06917973 -0.08240274  0.03213111  0.16519082 -0.07728635 -0.0584434
   0.02623167 -0.06314448 -0.04108827 -0.01721786  0.08633871  0.02957267
   0.06239896 -0.00446253  0.01734809 -0.03117377  0.21536243 -0.08732553
  -0.07794984 -0.07951134 -0.07264061  0.03396444  0.01496633  0.03251475
  -0.05817113  0.07846778 -0.07630664  0.11073685 -0.06522077  0.14649244
   0.00078797  0.13687618 -0.07698999 -0.07401104  0.140824   -0.05638268
   0.13778785 -0.00296631 -0.04013579 -0.03287681 -0.05725028  0.09437115
   0.00406195  0.01638987  0.0064     -0.07543965  0.06091424 -0.03698939
  -0.08266139 -0.06209878]]
