[[-3.09755997e-04 -6.27065301e-02 -4.73402850e-02 -9.51213241e-02
   5.29234707e-02 -1.36806173e-02 -3.41939107e-02  6.18443405e-03
   4.62992564e-02 -4.54834439e-02 -1.83471814e-02 -7.26603046e-02
  -1.19578913e-02  1.05683863e-01 -7.91947022e-02 -2.55275834e-02
   8.62711444e-02  7.24838078e-02 -5.25181461e-03  1.09585756e-02
   1.88301235e-01  1.59945220e-01  1.03620160e-02  1.06000297e-01
   8.38696361e-02 -5.49420938e-02  1.78007230e-01 -3.79219912e-02
   2.60230945e-03 -6.55798241e-02 -6.17849156e-02  7.67618269e-02
   3.17125544e-02 -1.89390294e-02 -6.57300139e-03  1.80090014e-02
   1.56068534e-01 -5.29222004e-02  2.80328035e-01 -8.84326175e-02
  -6.92813694e-02 -4.71319966e-02 -6.53002784e-02  9.19619650e-02
   6.75466210e-02 -6.71581924e-02  2.88017280e-02 -8.16964209e-02
   2.90951896e-02  2.91031296e-03 -1.11035958e-01  5.70883825e-02
   1.69803649e-01 -6.30569756e-02  3.92178819e-02  2.08341628e-01
  -1.18780449e-01 -8.28866661e-02  1.26498148e-01 -8.90918076e-02
   6.68426678e-02  1.46079421e-01  1.80500314e-01 -8.24107006e-02
  -6.18199371e-02  1.86325416e-01 -1.17983082e-02 -2.83106752e-02
  -3.12758796e-02  1.75310880e-01  8.33044350e-02 -8.37118700e-02
   5.90563603e-02 -8.25371146e-02  1.14055216e-01 -7.86049664e-02
   1.34241343e-01 -3.17576416e-02  2.27740090e-02 -1.11914992e-01
   2.01063707e-01 -4.36056890e-02 -8.56594145e-02  1.00395970e-01
  -6.56479225e-03 -1.24375232e-01  4.68623601e-02  1.04294777e-01
   7.50132948e-02 -3.86367626e-02 -9.05477107e-02  1.75568283e-01
   1.17228910e-01 -6.48088828e-02  1.15866736e-01 -6.89466856e-03
   2.71411650e-02 -7.24531934e-02 -6.80193678e-02  4.13058214e-02
   8.18703510e-03 -6.95297047e-02 -3.61433849e-02 -5.53418286e-02
  -5.98494969e-02 -7.39557222e-02 -7.39972293e-02  3.69989090e-02
  -1.39924856e-02  6.46253601e-02 -2.30186447e-06  1.43869407e-03
   1.68430269e-01  1.22868061e-01  1.24729306e-01 -3.56694013e-02
  -3.90628204e-02  1.22359909e-01 -5.47359809e-02 -5.85201234e-02
   3.94037068e-02 -4.35341485e-02  2.19494756e-02 -5.42141050e-02
   5.85725438e-03 -3.19573507e-02  8.92569199e-02 -2.52397303e-02]
 [ 1.51043653e-01 -4.91635315e-02 -5.95568642e-02 -2.24644646e-01
  -2.69895680e-02  1.05190083e-01 -8.01321492e-02 -5.12074158e-02
  -8.82988274e-02 -4.05489989e-02 -9.87048522e-02 -5.55570330e-03
  -1.02309018e-01  1.01822637e-01 -5.78501634e-02  1.40776530e-01
  -7.67348930e-02  1.07288852e-01 -6.11856878e-02  5.31133674e-02
   8.28378275e-02  1.68461919e-01 -6.47944659e-02  4.04875949e-02
   1.29789367e-01 -6.79514334e-02  1.12441868e-01  7.22552910e-02
   1.09748781e-01 -6.28158972e-02 -1.11741191e-02  5.34476526e-02
   5.86787015e-02 -5.24473712e-02 -1.73044354e-02  8.62846598e-02
   7.08954558e-02 -8.67530033e-02  1.67840049e-01  1.58533137e-02
  -1.01555213e-02 -5.40426932e-02 -1.12968959e-01  2.04183999e-03
  -5.54676428e-02 -7.79760331e-02  1.89667791e-01 -8.88160765e-02
  -5.12898490e-02  6.72441050e-02 -1.03735343e-01 -3.01405583e-02
   2.10401654e-01 -4.52366984e-03  9.87942070e-02 -2.25297660e-02
  -8.99413601e-02  2.28615794e-02  1.41977131e-01 -9.12558585e-02
   7.87574798e-02 -6.12587184e-02  2.06901416e-01 -8.16706568e-02
   1.47491440e-01  1.54306769e-01  5.49439304e-02  1.31071627e-01
  -7.94060305e-02  1.18358366e-01 -5.28616868e-02 -1.56428143e-02
   6.14871681e-02 -2.65022088e-02  9.26005021e-02 -7.91948140e-02
  -2.75744945e-02 -3.42503712e-02  7.57684037e-02 -8.69658142e-02
   4.01141308e-02  1.04987435e-01 -8.80705267e-02 -4.17903662e-02
  -2.56432942e-03 -9.72644389e-02 -1.85354501e-02 -3.72744002e-03
   1.33111835e-01 -1.31661771e-02  2.63629705e-02  2.86665671e-02
   4.93425094e-02 -7.15141147e-02  2.01323211e-01 -8.56040716e-02
  -7.28441030e-02 -7.59924054e-02 -9.39254314e-02  7.58208260e-02
   9.35003906e-03 -2.19873860e-02 -2.56651714e-02  1.05916560e-01
  -9.28382352e-02  7.89123625e-02 -7.84145519e-02  1.32045805e-01
  -8.59307777e-03  1.32542506e-01 -6.26160055e-02 -7.83907324e-02
   1.68753028e-01 -5.07870540e-02  1.13343768e-01 -5.00658564e-02
  -5.57670183e-02 -4.49709557e-02 -7.48645067e-02  4.95754778e-02
  -3.54744568e-02  1.23823509e-02  1.54906493e-02 -8.31754282e-02
   6.26128167e-02 -3.38664390e-02 -8.56419578e-02 -6.67767301e-02]]
[[-3.09755997e-04 -6.27065301e-02 -4.73402850e-02 -9.51213241e-02
   5.29234707e-02 -1.36806173e-02 -3.41939107e-02  6.18443405e-03
   4.62992564e-02 -4.54834439e-02 -1.83471814e-02 -7.26603046e-02
  -1.19578913e-02  1.05683863e-01 -7.91947022e-02 -2.55275834e-02
   8.62711444e-02  7.24838078e-02 -5.25181461e-03  1.09585756e-02
   1.88301235e-01  1.59945220e-01  1.03620160e-02  1.06000297e-01
   8.38696361e-02 -5.49420938e-02  1.78007230e-01 -3.79219912e-02
   2.60230945e-03 -6.55798241e-02 -6.17849156e-02  7.67618269e-02
   3.17125544e-02 -1.89390294e-02 -6.57300139e-03  1.80090014e-02
   1.56068534e-01 -5.29222004e-02  2.80328035e-01 -8.84326175e-02
  -6.92813694e-02 -4.71319966e-02 -6.53002784e-02  9.19619650e-02
   6.75466210e-02 -6.71581924e-02  2.88017280e-02 -8.16964209e-02
   2.90951896e-02  2.91031296e-03 -1.11035958e-01  5.70883825e-02
   1.69803649e-01 -6.30569756e-02  3.92178819e-02  2.08341628e-01
  -1.18780449e-01 -8.28866661e-02  1.26498148e-01 -8.90918076e-02
   6.68426678e-02  1.46079421e-01  1.80500314e-01 -8.24107006e-02
  -6.18199371e-02  1.86325416e-01 -1.17983082e-02 -2.83106752e-02
  -3.12758796e-02  1.75310880e-01  8.33044350e-02 -8.37118700e-02
   5.90563603e-02 -8.25371146e-02  1.14055216e-01 -7.86049664e-02
   1.34241343e-01 -3.17576416e-02  2.27740090e-02 -1.11914992e-01
   2.01063707e-01 -4.36056890e-02 -8.56594145e-02  1.00395970e-01
  -6.56479225e-03 -1.24375232e-01  4.68623601e-02  1.04294777e-01
   7.50132948e-02 -3.86367626e-02 -9.05477107e-02  1.75568283e-01
   1.17228910e-01 -6.48088828e-02  1.15866736e-01 -6.89466856e-03
   2.71411650e-02 -7.24531934e-02 -6.80193678e-02  4.13058214e-02
   8.18703510e-03 -6.95297047e-02 -3.61433849e-02 -5.53418286e-02
  -5.98494969e-02 -7.39557222e-02 -7.39972293e-02  3.69989090e-02
  -1.39924856e-02  6.46253601e-02 -2.30186447e-06  1.43869407e-03
   1.68430269e-01  1.22868061e-01  1.24729306e-01 -3.56694013e-02
  -3.90628204e-02  1.22359909e-01 -5.47359809e-02 -5.85201234e-02
   3.94037068e-02 -4.35341485e-02  2.19494756e-02 -5.42141050e-02
   5.85725438e-03 -3.19573507e-02  8.92569199e-02 -2.52397303e-02]
 [ 1.51043653e-01 -4.91635315e-02 -5.95568642e-02 -2.24644646e-01
  -2.69895680e-02  1.05190083e-01 -8.01321492e-02 -5.12074158e-02
  -8.82988274e-02 -4.05489989e-02 -9.87048522e-02 -5.55570330e-03
  -1.02309018e-01  1.01822637e-01 -5.78501634e-02  1.40776530e-01
  -7.67348930e-02  1.07288852e-01 -6.11856878e-02  5.31133674e-02
   8.28378275e-02  1.68461919e-01 -6.47944659e-02  4.04875949e-02
   1.29789367e-01 -6.79514334e-02  1.12441868e-01  7.22552910e-02
   1.09748781e-01 -6.28158972e-02 -1.11741191e-02  5.34476526e-02
   5.86787015e-02 -5.24473712e-02 -1.73044354e-02  8.62846598e-02
   7.08954558e-02 -8.67530033e-02  1.67840049e-01  1.58533137e-02
  -1.01555213e-02 -5.40426932e-02 -1.12968959e-01  2.04183999e-03
  -5.54676428e-02 -7.79760331e-02  1.89667791e-01 -8.88160765e-02
  -5.12898490e-02  6.72441050e-02 -1.03735343e-01 -3.01405583e-02
   2.10401654e-01 -4.52366984e-03  9.87942070e-02 -2.25297660e-02
  -8.99413601e-02  2.28615794e-02  1.41977131e-01 -9.12558585e-02
   7.87574798e-02 -6.12587184e-02  2.06901416e-01 -8.16706568e-02
   1.47491440e-01  1.54306769e-01  5.49439304e-02  1.31071627e-01
  -7.94060305e-02  1.18358366e-01 -5.28616868e-02 -1.56428143e-02
   6.14871681e-02 -2.65022088e-02  9.26005021e-02 -7.91948140e-02
  -2.75744945e-02 -3.42503712e-02  7.57684037e-02 -8.69658142e-02
   4.01141308e-02  1.04987435e-01 -8.80705267e-02 -4.17903662e-02
  -2.56432942e-03 -9.72644389e-02 -1.85354501e-02 -3.72744002e-03
   1.33111835e-01 -1.31661771e-02  2.63629705e-02  2.86665671e-02
   4.93425094e-02 -7.15141147e-02  2.01323211e-01 -8.56040716e-02
  -7.28441030e-02 -7.59924054e-02 -9.39254314e-02  7.58208260e-02
   9.35003906e-03 -2.19873860e-02 -2.56651714e-02  1.05916560e-01
  -9.28382352e-02  7.89123625e-02 -7.84145519e-02  1.32045805e-01
  -8.59307777e-03  1.32542506e-01 -6.26160055e-02 -7.83907324e-02
   1.68753028e-01 -5.07870540e-02  1.13343768e-01 -5.00658564e-02
  -5.57670183e-02 -4.49709557e-02 -7.48645067e-02  4.95754778e-02
  -3.54744568e-02  1.23823509e-02  1.54906493e-02 -8.31754282e-02
   6.26128167e-02 -3.38664390e-02 -8.56419578e-02 -6.67767301e-02]]
[[-3.09755997e-04 -6.27065301e-02 -4.73402850e-02 -9.51213241e-02
   5.29234707e-02 -1.36806173e-02 -3.41939107e-02  6.18443405e-03
   4.62992564e-02 -4.54834439e-02 -1.83471814e-02 -7.26603046e-02
  -1.19578913e-02  1.05683863e-01 -7.91947022e-02 -2.55275834e-02
   8.62711444e-02  7.24838078e-02 -5.25181461e-03  1.09585756e-02
   1.88301235e-01  1.59945220e-01  1.03620160e-02  1.06000297e-01
   8.38696361e-02 -5.49420938e-02  1.78007230e-01 -3.79219912e-02
   2.60230945e-03 -6.55798241e-02 -6.17849156e-02  7.67618269e-02
   3.17125544e-02 -1.89390294e-02 -6.57300139e-03  1.80090014e-02
   1.56068534e-01 -5.29222004e-02  2.80328035e-01 -8.84326175e-02
  -6.92813694e-02 -4.71319966e-02 -6.53002784e-02  9.19619650e-02
   6.75466210e-02 -6.71581924e-02  2.88017280e-02 -8.16964209e-02
   2.90951896e-02  2.91031296e-03 -1.11035958e-01  5.70883825e-02
   1.69803649e-01 -6.30569756e-02  3.92178819e-02  2.08341628e-01
  -1.18780449e-01 -8.28866661e-02  1.26498148e-01 -8.90918076e-02
   6.68426678e-02  1.46079421e-01  1.80500314e-01 -8.24107006e-02
  -6.18199371e-02  1.86325416e-01 -1.17983082e-02 -2.83106752e-02
  -3.12758796e-02  1.75310880e-01  8.33044350e-02 -8.37118700e-02
   5.90563603e-02 -8.25371146e-02  1.14055216e-01 -7.86049664e-02
   1.34241343e-01 -3.17576416e-02  2.27740090e-02 -1.11914992e-01
   2.01063707e-01 -4.36056890e-02 -8.56594145e-02  1.00395970e-01
  -6.56479225e-03 -1.24375232e-01  4.68623601e-02  1.04294777e-01
   7.50132948e-02 -3.86367626e-02 -9.05477107e-02  1.75568283e-01
   1.17228910e-01 -6.48088828e-02  1.15866736e-01 -6.89466856e-03
   2.71411650e-02 -7.24531934e-02 -6.80193678e-02  4.13058214e-02
   8.18703510e-03 -6.95297047e-02 -3.61433849e-02 -5.53418286e-02
  -5.98494969e-02 -7.39557222e-02 -7.39972293e-02  3.69989090e-02
  -1.39924856e-02  6.46253601e-02 -2.30186447e-06  1.43869407e-03
   1.68430269e-01  1.22868061e-01  1.24729306e-01 -3.56694013e-02
  -3.90628204e-02  1.22359909e-01 -5.47359809e-02 -5.85201234e-02
   3.94037068e-02 -4.35341485e-02  2.19494756e-02 -5.42141050e-02
   5.85725438e-03 -3.19573507e-02  8.92569199e-02 -2.52397303e-02]
 [ 1.51043653e-01 -4.91635315e-02 -5.95568642e-02 -2.24644646e-01
  -2.69895680e-02  1.05190083e-01 -8.01321492e-02 -5.12074158e-02
  -8.82988274e-02 -4.05489989e-02 -9.87048522e-02 -5.55570330e-03
  -1.02309018e-01  1.01822637e-01 -5.78501634e-02  1.40776530e-01
  -7.67348930e-02  1.07288852e-01 -6.11856878e-02  5.31133674e-02
   8.28378275e-02  1.68461919e-01 -6.47944659e-02  4.04875949e-02
   1.29789367e-01 -6.79514334e-02  1.12441868e-01  7.22552910e-02
   1.09748781e-01 -6.28158972e-02 -1.11741191e-02  5.34476526e-02
   5.86787015e-02 -5.24473712e-02 -1.73044354e-02  8.62846598e-02
   7.08954558e-02 -8.67530033e-02  1.67840049e-01  1.58533137e-02
  -1.01555213e-02 -5.40426932e-02 -1.12968959e-01  2.04183999e-03
  -5.54676428e-02 -7.79760331e-02  1.89667791e-01 -8.88160765e-02
  -5.12898490e-02  6.72441050e-02 -1.03735343e-01 -3.01405583e-02
   2.10401654e-01 -4.52366984e-03  9.87942070e-02 -2.25297660e-02
  -8.99413601e-02  2.28615794e-02  1.41977131e-01 -9.12558585e-02
   7.87574798e-02 -6.12587184e-02  2.06901416e-01 -8.16706568e-02
   1.47491440e-01  1.54306769e-01  5.49439304e-02  1.31071627e-01
  -7.94060305e-02  1.18358366e-01 -5.28616868e-02 -1.56428143e-02
   6.14871681e-02 -2.65022088e-02  9.26005021e-02 -7.91948140e-02
  -2.75744945e-02 -3.42503712e-02  7.57684037e-02 -8.69658142e-02
   4.01141308e-02  1.04987435e-01 -8.80705267e-02 -4.17903662e-02
  -2.56432942e-03 -9.72644389e-02 -1.85354501e-02 -3.72744002e-03
   1.33111835e-01 -1.31661771e-02  2.63629705e-02  2.86665671e-02
   4.93425094e-02 -7.15141147e-02  2.01323211e-01 -8.56040716e-02
  -7.28441030e-02 -7.59924054e-02 -9.39254314e-02  7.58208260e-02
   9.35003906e-03 -2.19873860e-02 -2.56651714e-02  1.05916560e-01
  -9.28382352e-02  7.89123625e-02 -7.84145519e-02  1.32045805e-01
  -8.59307777e-03  1.32542506e-01 -6.26160055e-02 -7.83907324e-02
   1.68753028e-01 -5.07870540e-02  1.13343768e-01 -5.00658564e-02
  -5.57670183e-02 -4.49709557e-02 -7.48645067e-02  4.95754778e-02
  -3.54744568e-02  1.23823509e-02  1.54906493e-02 -8.31754282e-02
   6.26128167e-02 -3.38664390e-02 -8.56419578e-02 -6.67767301e-02]]
[[-3.09755997e-04 -6.27065301e-02 -4.73402850e-02 -9.51213241e-02
   5.29234707e-02 -1.36806173e-02 -3.41939107e-02  6.18443405e-03
   4.62992564e-02 -4.54834439e-02 -1.83471814e-02 -7.26603046e-02
  -1.19578913e-02  1.05683863e-01 -7.91947022e-02 -2.55275834e-02
   8.62711444e-02  7.24838078e-02 -5.25181461e-03  1.09585756e-02
   1.88301235e-01  1.59945220e-01  1.03620160e-02  1.06000297e-01
   8.38696361e-02 -5.49420938e-02  1.78007230e-01 -3.79219912e-02
   2.60230945e-03 -6.55798241e-02 -6.17849156e-02  7.67618269e-02
   3.17125544e-02 -1.89390294e-02 -6.57300139e-03  1.80090014e-02
   1.56068534e-01 -5.29222004e-02  2.80328035e-01 -8.84326175e-02
  -6.92813694e-02 -4.71319966e-02 -6.53002784e-02  9.19619650e-02
   6.75466210e-02 -6.71581924e-02  2.88017280e-02 -8.16964209e-02
   2.90951896e-02  2.91031296e-03 -1.11035958e-01  5.70883825e-02
   1.69803649e-01 -6.30569756e-02  3.92178819e-02  2.08341628e-01
  -1.18780449e-01 -8.28866661e-02  1.26498148e-01 -8.90918076e-02
   6.68426678e-02  1.46079421e-01  1.80500314e-01 -8.24107006e-02
  -6.18199371e-02  1.86325416e-01 -1.17983082e-02 -2.83106752e-02
  -3.12758796e-02  1.75310880e-01  8.33044350e-02 -8.37118700e-02
   5.90563603e-02 -8.25371146e-02  1.14055216e-01 -7.86049664e-02
   1.34241343e-01 -3.17576416e-02  2.27740090e-02 -1.11914992e-01
   2.01063707e-01 -4.36056890e-02 -8.56594145e-02  1.00395970e-01
  -6.56479225e-03 -1.24375232e-01  4.68623601e-02  1.04294777e-01
   7.50132948e-02 -3.86367626e-02 -9.05477107e-02  1.75568283e-01
   1.17228910e-01 -6.48088828e-02  1.15866736e-01 -6.89466856e-03
   2.71411650e-02 -7.24531934e-02 -6.80193678e-02  4.13058214e-02
   8.18703510e-03 -6.95297047e-02 -3.61433849e-02 -5.53418286e-02
  -5.98494969e-02 -7.39557222e-02 -7.39972293e-02  3.69989090e-02
  -1.39924856e-02  6.46253601e-02 -2.30186447e-06  1.43869407e-03
   1.68430269e-01  1.22868061e-01  1.24729306e-01 -3.56694013e-02
  -3.90628204e-02  1.22359909e-01 -5.47359809e-02 -5.85201234e-02
   3.94037068e-02 -4.35341485e-02  2.19494756e-02 -5.42141050e-02
   5.85725438e-03 -3.19573507e-02  8.92569199e-02 -2.52397303e-02]
 [ 1.51043653e-01 -4.91635315e-02 -5.95568642e-02 -2.24644646e-01
  -2.69895680e-02  1.05190083e-01 -8.01321492e-02 -5.12074158e-02
  -8.82988274e-02 -4.05489989e-02 -9.87048522e-02 -5.55570330e-03
  -1.02309018e-01  1.01822637e-01 -5.78501634e-02  1.40776530e-01
  -7.67348930e-02  1.07288852e-01 -6.11856878e-02  5.31133674e-02
   8.28378275e-02  1.68461919e-01 -6.47944659e-02  4.04875949e-02
   1.29789367e-01 -6.79514334e-02  1.12441868e-01  7.22552910e-02
   1.09748781e-01 -6.28158972e-02 -1.11741191e-02  5.34476526e-02
   5.86787015e-02 -5.24473712e-02 -1.73044354e-02  8.62846598e-02
   7.08954558e-02 -8.67530033e-02  1.67840049e-01  1.58533137e-02
  -1.01555213e-02 -5.40426932e-02 -1.12968959e-01  2.04183999e-03
  -5.54676428e-02 -7.79760331e-02  1.89667791e-01 -8.88160765e-02
  -5.12898490e-02  6.72441050e-02 -1.03735343e-01 -3.01405583e-02
   2.10401654e-01 -4.52366984e-03  9.87942070e-02 -2.25297660e-02
  -8.99413601e-02  2.28615794e-02  1.41977131e-01 -9.12558585e-02
   7.87574798e-02 -6.12587184e-02  2.06901416e-01 -8.16706568e-02
   1.47491440e-01  1.54306769e-01  5.49439304e-02  1.31071627e-01
  -7.94060305e-02  1.18358366e-01 -5.28616868e-02 -1.56428143e-02
   6.14871681e-02 -2.65022088e-02  9.26005021e-02 -7.91948140e-02
  -2.75744945e-02 -3.42503712e-02  7.57684037e-02 -8.69658142e-02
   4.01141308e-02  1.04987435e-01 -8.80705267e-02 -4.17903662e-02
  -2.56432942e-03 -9.72644389e-02 -1.85354501e-02 -3.72744002e-03
   1.33111835e-01 -1.31661771e-02  2.63629705e-02  2.86665671e-02
   4.93425094e-02 -7.15141147e-02  2.01323211e-01 -8.56040716e-02
  -7.28441030e-02 -7.59924054e-02 -9.39254314e-02  7.58208260e-02
   9.35003906e-03 -2.19873860e-02 -2.56651714e-02  1.05916560e-01
  -9.28382352e-02  7.89123625e-02 -7.84145519e-02  1.32045805e-01
  -8.59307777e-03  1.32542506e-01 -6.26160055e-02 -7.83907324e-02
   1.68753028e-01 -5.07870540e-02  1.13343768e-01 -5.00658564e-02
  -5.57670183e-02 -4.49709557e-02 -7.48645067e-02  4.95754778e-02
  -3.54744568e-02  1.23823509e-02  1.54906493e-02 -8.31754282e-02
   6.26128167e-02 -3.38664390e-02 -8.56419578e-02 -6.67767301e-02]]
