[[ 5.32906316e-02 -8.13761279e-02 -9.82901677e-02 -3.04362867e-02
   1.19032778e-01  9.12319198e-02  3.38562131e-02  7.78466165e-02
   3.82652618e-02  7.70119950e-02 -3.10912244e-02 -1.00326300e-01
   3.53713483e-02  7.10377246e-02 -1.13070302e-01 -3.34453583e-02
   6.56569377e-02  5.20360284e-02 -3.40273753e-02 -1.50422268e-02
   8.71713534e-02  1.38211772e-01 -1.06516574e-02  1.50725916e-01
  -9.39604193e-02  8.78677592e-02  6.40405938e-02  3.17192748e-02
  -2.37496663e-02 -7.46994093e-02 -8.29966441e-02  3.16782179e-03
  -8.09791163e-02  8.06555059e-03  5.18808626e-02  9.79134291e-02
   1.58922926e-01 -9.14781764e-02  1.12603307e-01 -1.28017455e-01
  -4.14008573e-02 -7.43253082e-02  6.56400062e-03  8.79132301e-02
   1.48359567e-01 -3.08140833e-02 -2.35401094e-02 -7.72104859e-02
  -3.59133296e-02 -8.57880488e-02 -1.45394936e-01  6.62784129e-02
   7.30890632e-02 -8.00839663e-02  2.45439913e-03  1.79362416e-01
  -1.68069914e-01 -6.57170191e-02  1.38235301e-01 -6.09452985e-02
   1.53159514e-01  1.04525082e-01  1.65557846e-01 -3.20787691e-02
  -9.23122838e-02  9.83759314e-02 -1.81154609e-02 -6.24551252e-02
  -4.33054976e-02  1.11331165e-01  1.23261958e-01 -8.77645835e-02
  -7.25318259e-03  4.60298136e-02  1.93844154e-01  7.10215718e-02
  -4.08398546e-02 -7.22300783e-02  4.62582782e-02 -1.36230439e-01
   8.57410207e-02 -3.17458510e-02 -1.17137745e-01  9.82332304e-02
  -6.26261011e-02 -7.33619928e-02  1.55073125e-02  1.25894755e-01
   6.88219666e-02 -1.12245470e-01 -7.91607872e-02  1.68060392e-01
   1.62371829e-01 -9.36478823e-02  2.78246980e-02 -1.17456742e-01
   8.26408193e-02 -1.18103378e-01 -9.78899002e-02  1.45841092e-01
  -7.30525702e-02 -7.85285681e-02 -6.28377721e-02  1.21427186e-01
  -3.17715555e-02  7.36117065e-02 -3.49440686e-02 -7.82876760e-02
  -7.91585371e-02 -2.94117909e-02 -7.52410889e-02  1.60237104e-01
   5.40578850e-02  1.26309037e-01 -4.84359339e-02  1.04526924e-02
  -7.96835274e-02  4.36781235e-02  6.80453926e-02 -7.35710487e-02
  -3.68897095e-02 -1.03643477e-01 -3.76493968e-02 -6.48432225e-02
  -2.20155846e-02 -4.91033792e-02  1.01844124e-01  3.52414250e-02]
 [ 1.48274332e-01 -4.10613082e-02 -8.25309083e-02 -2.15615690e-01
  -4.88477312e-02  3.73166502e-02 -8.41907710e-02 -6.43752068e-02
  -1.07924685e-01 -3.34272012e-02 -1.00784607e-01 -4.56941053e-02
  -8.42265114e-02  1.43353552e-01 -5.88259809e-02  2.02951282e-01
  -7.65039027e-02  7.72420242e-02 -6.82953820e-02  1.00009330e-01
   2.73623746e-02  1.37397036e-01 -9.99747664e-02  3.55716683e-02
   1.19669437e-01 -6.59504160e-02  8.80535766e-02  8.56985599e-02
   1.16168633e-01 -5.69477677e-02 -5.02803624e-02  6.41638711e-02
   1.02911159e-01 -8.55304524e-02 -3.35426140e-03  3.47563587e-02
   7.57680386e-02 -8.52184817e-02  2.11816669e-01  6.40919479e-03
  -6.24323031e-03 -4.34053950e-02 -1.10380761e-01  1.32568823e-02
  -5.78106567e-02 -8.70919526e-02  1.72077447e-01 -9.24039036e-02
  -6.64362237e-02  7.89641812e-02 -1.11664675e-01 -6.96152868e-03
   1.93618059e-01  7.69690378e-03  1.20072439e-01  2.10496541e-02
  -6.10075444e-02  1.93338562e-02  1.49985090e-01 -8.82170722e-02
   3.31739150e-02 -3.16508003e-02  2.07967982e-01 -8.32824707e-02
   1.46539852e-01  1.39011696e-01  4.71514873e-02  1.60428926e-01
  -7.23528564e-02  7.11656064e-02 -5.45237064e-02  4.52686846e-02
   4.39308099e-02 -2.14365125e-03  1.04206592e-01 -8.22204575e-02
  -5.95034026e-02 -3.95054929e-02  3.43719609e-02 -5.32434508e-02
   1.23838428e-04  1.12292431e-01 -8.55493769e-02 -6.25279099e-02
  -1.52912671e-02 -1.12494752e-01 -1.74493734e-02  1.95105709e-02
   4.09681089e-02  5.60265779e-02  8.94689262e-02  6.03305958e-02
   2.82750279e-02 -3.08636203e-02  2.30346277e-01 -6.00121208e-02
  -8.52663741e-02 -7.56611750e-02 -8.91145766e-02  6.34490624e-02
   3.02297040e-03  6.32434115e-02 -4.05864306e-02  6.47894740e-02
  -8.17725509e-02  6.56539723e-02 -6.07516840e-02  1.05439521e-01
   1.35097222e-03  1.18061855e-01 -8.27474073e-02 -7.42672831e-02
   1.31323308e-01 -7.16718584e-02  1.25569269e-01 -4.16075513e-02
  -4.83398028e-02 -5.84768541e-02 -3.98510881e-02  1.12211756e-01
  -4.36164215e-02 -3.30848545e-02 -1.56535674e-02 -8.29596072e-02
   6.31482378e-02 -2.19675824e-02 -5.99128827e-02 -5.99330477e-02]]
[[ 5.32906316e-02 -8.13761279e-02 -9.82901677e-02 -3.04362867e-02
   1.19032778e-01  9.12319198e-02  3.38562131e-02  7.78466165e-02
   3.82652618e-02  7.70119950e-02 -3.10912244e-02 -1.00326300e-01
   3.53713483e-02  7.10377246e-02 -1.13070302e-01 -3.34453583e-02
   6.56569377e-02  5.20360284e-02 -3.40273753e-02 -1.50422268e-02
   8.71713534e-02  1.38211772e-01 -1.06516574e-02  1.50725916e-01
  -9.39604193e-02  8.78677592e-02  6.40405938e-02  3.17192748e-02
  -2.37496663e-02 -7.46994093e-02 -8.29966441e-02  3.16782179e-03
  -8.09791163e-02  8.06555059e-03  5.18808626e-02  9.79134291e-02
   1.58922926e-01 -9.14781764e-02  1.12603307e-01 -1.28017455e-01
  -4.14008573e-02 -7.43253082e-02  6.56400062e-03  8.79132301e-02
   1.48359567e-01 -3.08140833e-02 -2.35401094e-02 -7.72104859e-02
  -3.59133296e-02 -8.57880488e-02 -1.45394936e-01  6.62784129e-02
   7.30890632e-02 -8.00839663e-02  2.45439913e-03  1.79362416e-01
  -1.68069914e-01 -6.57170191e-02  1.38235301e-01 -6.09452985e-02
   1.53159514e-01  1.04525082e-01  1.65557846e-01 -3.20787691e-02
  -9.23122838e-02  9.83759314e-02 -1.81154609e-02 -6.24551252e-02
  -4.33054976e-02  1.11331165e-01  1.23261958e-01 -8.77645835e-02
  -7.25318259e-03  4.60298136e-02  1.93844154e-01  7.10215718e-02
  -4.08398546e-02 -7.22300783e-02  4.62582782e-02 -1.36230439e-01
   8.57410207e-02 -3.17458510e-02 -1.17137745e-01  9.82332304e-02
  -6.26261011e-02 -7.33619928e-02  1.55073125e-02  1.25894755e-01
   6.88219666e-02 -1.12245470e-01 -7.91607872e-02  1.68060392e-01
   1.62371829e-01 -9.36478823e-02  2.78246980e-02 -1.17456742e-01
   8.26408193e-02 -1.18103378e-01 -9.78899002e-02  1.45841092e-01
  -7.30525702e-02 -7.85285681e-02 -6.28377721e-02  1.21427186e-01
  -3.17715555e-02  7.36117065e-02 -3.49440686e-02 -7.82876760e-02
  -7.91585371e-02 -2.94117909e-02 -7.52410889e-02  1.60237104e-01
   5.40578850e-02  1.26309037e-01 -4.84359339e-02  1.04526924e-02
  -7.96835274e-02  4.36781235e-02  6.80453926e-02 -7.35710487e-02
  -3.68897095e-02 -1.03643477e-01 -3.76493968e-02 -6.48432225e-02
  -2.20155846e-02 -4.91033792e-02  1.01844124e-01  3.52414250e-02]
 [ 1.48274332e-01 -4.10613082e-02 -8.25309083e-02 -2.15615690e-01
  -4.88477312e-02  3.73166502e-02 -8.41907710e-02 -6.43752068e-02
  -1.07924685e-01 -3.34272012e-02 -1.00784607e-01 -4.56941053e-02
  -8.42265114e-02  1.43353552e-01 -5.88259809e-02  2.02951282e-01
  -7.65039027e-02  7.72420242e-02 -6.82953820e-02  1.00009330e-01
   2.73623746e-02  1.37397036e-01 -9.99747664e-02  3.55716683e-02
   1.19669437e-01 -6.59504160e-02  8.80535766e-02  8.56985599e-02
   1.16168633e-01 -5.69477677e-02 -5.02803624e-02  6.41638711e-02
   1.02911159e-01 -8.55304524e-02 -3.35426140e-03  3.47563587e-02
   7.57680386e-02 -8.52184817e-02  2.11816669e-01  6.40919479e-03
  -6.24323031e-03 -4.34053950e-02 -1.10380761e-01  1.32568823e-02
  -5.78106567e-02 -8.70919526e-02  1.72077447e-01 -9.24039036e-02
  -6.64362237e-02  7.89641812e-02 -1.11664675e-01 -6.96152868e-03
   1.93618059e-01  7.69690378e-03  1.20072439e-01  2.10496541e-02
  -6.10075444e-02  1.93338562e-02  1.49985090e-01 -8.82170722e-02
   3.31739150e-02 -3.16508003e-02  2.07967982e-01 -8.32824707e-02
   1.46539852e-01  1.39011696e-01  4.71514873e-02  1.60428926e-01
  -7.23528564e-02  7.11656064e-02 -5.45237064e-02  4.52686846e-02
   4.39308099e-02 -2.14365125e-03  1.04206592e-01 -8.22204575e-02
  -5.95034026e-02 -3.95054929e-02  3.43719609e-02 -5.32434508e-02
   1.23838428e-04  1.12292431e-01 -8.55493769e-02 -6.25279099e-02
  -1.52912671e-02 -1.12494752e-01 -1.74493734e-02  1.95105709e-02
   4.09681089e-02  5.60265779e-02  8.94689262e-02  6.03305958e-02
   2.82750279e-02 -3.08636203e-02  2.30346277e-01 -6.00121208e-02
  -8.52663741e-02 -7.56611750e-02 -8.91145766e-02  6.34490624e-02
   3.02297040e-03  6.32434115e-02 -4.05864306e-02  6.47894740e-02
  -8.17725509e-02  6.56539723e-02 -6.07516840e-02  1.05439521e-01
   1.35097222e-03  1.18061855e-01 -8.27474073e-02 -7.42672831e-02
   1.31323308e-01 -7.16718584e-02  1.25569269e-01 -4.16075513e-02
  -4.83398028e-02 -5.84768541e-02 -3.98510881e-02  1.12211756e-01
  -4.36164215e-02 -3.30848545e-02 -1.56535674e-02 -8.29596072e-02
   6.31482378e-02 -2.19675824e-02 -5.99128827e-02 -5.99330477e-02]]
[[ 5.32906316e-02 -8.13761279e-02 -9.82901677e-02 -3.04362867e-02
   1.19032778e-01  9.12319198e-02  3.38562131e-02  7.78466165e-02
   3.82652618e-02  7.70119950e-02 -3.10912244e-02 -1.00326300e-01
   3.53713483e-02  7.10377246e-02 -1.13070302e-01 -3.34453583e-02
   6.56569377e-02  5.20360284e-02 -3.40273753e-02 -1.50422268e-02
   8.71713534e-02  1.38211772e-01 -1.06516574e-02  1.50725916e-01
  -9.39604193e-02  8.78677592e-02  6.40405938e-02  3.17192748e-02
  -2.37496663e-02 -7.46994093e-02 -8.29966441e-02  3.16782179e-03
  -8.09791163e-02  8.06555059e-03  5.18808626e-02  9.79134291e-02
   1.58922926e-01 -9.14781764e-02  1.12603307e-01 -1.28017455e-01
  -4.14008573e-02 -7.43253082e-02  6.56400062e-03  8.79132301e-02
   1.48359567e-01 -3.08140833e-02 -2.35401094e-02 -7.72104859e-02
  -3.59133296e-02 -8.57880488e-02 -1.45394936e-01  6.62784129e-02
   7.30890632e-02 -8.00839663e-02  2.45439913e-03  1.79362416e-01
  -1.68069914e-01 -6.57170191e-02  1.38235301e-01 -6.09452985e-02
   1.53159514e-01  1.04525082e-01  1.65557846e-01 -3.20787691e-02
  -9.23122838e-02  9.83759314e-02 -1.81154609e-02 -6.24551252e-02
  -4.33054976e-02  1.11331165e-01  1.23261958e-01 -8.77645835e-02
  -7.25318259e-03  4.60298136e-02  1.93844154e-01  7.10215718e-02
  -4.08398546e-02 -7.22300783e-02  4.62582782e-02 -1.36230439e-01
   8.57410207e-02 -3.17458510e-02 -1.17137745e-01  9.82332304e-02
  -6.26261011e-02 -7.33619928e-02  1.55073125e-02  1.25894755e-01
   6.88219666e-02 -1.12245470e-01 -7.91607872e-02  1.68060392e-01
   1.62371829e-01 -9.36478823e-02  2.78246980e-02 -1.17456742e-01
   8.26408193e-02 -1.18103378e-01 -9.78899002e-02  1.45841092e-01
  -7.30525702e-02 -7.85285681e-02 -6.28377721e-02  1.21427186e-01
  -3.17715555e-02  7.36117065e-02 -3.49440686e-02 -7.82876760e-02
  -7.91585371e-02 -2.94117909e-02 -7.52410889e-02  1.60237104e-01
   5.40578850e-02  1.26309037e-01 -4.84359339e-02  1.04526924e-02
  -7.96835274e-02  4.36781235e-02  6.80453926e-02 -7.35710487e-02
  -3.68897095e-02 -1.03643477e-01 -3.76493968e-02 -6.48432225e-02
  -2.20155846e-02 -4.91033792e-02  1.01844124e-01  3.52414250e-02]
 [ 1.48274332e-01 -4.10613082e-02 -8.25309083e-02 -2.15615690e-01
  -4.88477312e-02  3.73166502e-02 -8.41907710e-02 -6.43752068e-02
  -1.07924685e-01 -3.34272012e-02 -1.00784607e-01 -4.56941053e-02
  -8.42265114e-02  1.43353552e-01 -5.88259809e-02  2.02951282e-01
  -7.65039027e-02  7.72420242e-02 -6.82953820e-02  1.00009330e-01
   2.73623746e-02  1.37397036e-01 -9.99747664e-02  3.55716683e-02
   1.19669437e-01 -6.59504160e-02  8.80535766e-02  8.56985599e-02
   1.16168633e-01 -5.69477677e-02 -5.02803624e-02  6.41638711e-02
   1.02911159e-01 -8.55304524e-02 -3.35426140e-03  3.47563587e-02
   7.57680386e-02 -8.52184817e-02  2.11816669e-01  6.40919479e-03
  -6.24323031e-03 -4.34053950e-02 -1.10380761e-01  1.32568823e-02
  -5.78106567e-02 -8.70919526e-02  1.72077447e-01 -9.24039036e-02
  -6.64362237e-02  7.89641812e-02 -1.11664675e-01 -6.96152868e-03
   1.93618059e-01  7.69690378e-03  1.20072439e-01  2.10496541e-02
  -6.10075444e-02  1.93338562e-02  1.49985090e-01 -8.82170722e-02
   3.31739150e-02 -3.16508003e-02  2.07967982e-01 -8.32824707e-02
   1.46539852e-01  1.39011696e-01  4.71514873e-02  1.60428926e-01
  -7.23528564e-02  7.11656064e-02 -5.45237064e-02  4.52686846e-02
   4.39308099e-02 -2.14365125e-03  1.04206592e-01 -8.22204575e-02
  -5.95034026e-02 -3.95054929e-02  3.43719609e-02 -5.32434508e-02
   1.23838428e-04  1.12292431e-01 -8.55493769e-02 -6.25279099e-02
  -1.52912671e-02 -1.12494752e-01 -1.74493734e-02  1.95105709e-02
   4.09681089e-02  5.60265779e-02  8.94689262e-02  6.03305958e-02
   2.82750279e-02 -3.08636203e-02  2.30346277e-01 -6.00121208e-02
  -8.52663741e-02 -7.56611750e-02 -8.91145766e-02  6.34490624e-02
   3.02297040e-03  6.32434115e-02 -4.05864306e-02  6.47894740e-02
  -8.17725509e-02  6.56539723e-02 -6.07516840e-02  1.05439521e-01
   1.35097222e-03  1.18061855e-01 -8.27474073e-02 -7.42672831e-02
   1.31323308e-01 -7.16718584e-02  1.25569269e-01 -4.16075513e-02
  -4.83398028e-02 -5.84768541e-02 -3.98510881e-02  1.12211756e-01
  -4.36164215e-02 -3.30848545e-02 -1.56535674e-02 -8.29596072e-02
   6.31482378e-02 -2.19675824e-02 -5.99128827e-02 -5.99330477e-02]]
[[ 5.32906316e-02 -8.13761279e-02 -9.82901677e-02 -3.04362867e-02
   1.19032778e-01  9.12319198e-02  3.38562131e-02  7.78466165e-02
   3.82652618e-02  7.70119950e-02 -3.10912244e-02 -1.00326300e-01
   3.53713483e-02  7.10377246e-02 -1.13070302e-01 -3.34453583e-02
   6.56569377e-02  5.20360284e-02 -3.40273753e-02 -1.50422268e-02
   8.71713534e-02  1.38211772e-01 -1.06516574e-02  1.50725916e-01
  -9.39604193e-02  8.78677592e-02  6.40405938e-02  3.17192748e-02
  -2.37496663e-02 -7.46994093e-02 -8.29966441e-02  3.16782179e-03
  -8.09791163e-02  8.06555059e-03  5.18808626e-02  9.79134291e-02
   1.58922926e-01 -9.14781764e-02  1.12603307e-01 -1.28017455e-01
  -4.14008573e-02 -7.43253082e-02  6.56400062e-03  8.79132301e-02
   1.48359567e-01 -3.08140833e-02 -2.35401094e-02 -7.72104859e-02
  -3.59133296e-02 -8.57880488e-02 -1.45394936e-01  6.62784129e-02
   7.30890632e-02 -8.00839663e-02  2.45439913e-03  1.79362416e-01
  -1.68069914e-01 -6.57170191e-02  1.38235301e-01 -6.09452985e-02
   1.53159514e-01  1.04525082e-01  1.65557846e-01 -3.20787691e-02
  -9.23122838e-02  9.83759314e-02 -1.81154609e-02 -6.24551252e-02
  -4.33054976e-02  1.11331165e-01  1.23261958e-01 -8.77645835e-02
  -7.25318259e-03  4.60298136e-02  1.93844154e-01  7.10215718e-02
  -4.08398546e-02 -7.22300783e-02  4.62582782e-02 -1.36230439e-01
   8.57410207e-02 -3.17458510e-02 -1.17137745e-01  9.82332304e-02
  -6.26261011e-02 -7.33619928e-02  1.55073125e-02  1.25894755e-01
   6.88219666e-02 -1.12245470e-01 -7.91607872e-02  1.68060392e-01
   1.62371829e-01 -9.36478823e-02  2.78246980e-02 -1.17456742e-01
   8.26408193e-02 -1.18103378e-01 -9.78899002e-02  1.45841092e-01
  -7.30525702e-02 -7.85285681e-02 -6.28377721e-02  1.21427186e-01
  -3.17715555e-02  7.36117065e-02 -3.49440686e-02 -7.82876760e-02
  -7.91585371e-02 -2.94117909e-02 -7.52410889e-02  1.60237104e-01
   5.40578850e-02  1.26309037e-01 -4.84359339e-02  1.04526924e-02
  -7.96835274e-02  4.36781235e-02  6.80453926e-02 -7.35710487e-02
  -3.68897095e-02 -1.03643477e-01 -3.76493968e-02 -6.48432225e-02
  -2.20155846e-02 -4.91033792e-02  1.01844124e-01  3.52414250e-02]
 [ 1.48274332e-01 -4.10613082e-02 -8.25309083e-02 -2.15615690e-01
  -4.88477312e-02  3.73166502e-02 -8.41907710e-02 -6.43752068e-02
  -1.07924685e-01 -3.34272012e-02 -1.00784607e-01 -4.56941053e-02
  -8.42265114e-02  1.43353552e-01 -5.88259809e-02  2.02951282e-01
  -7.65039027e-02  7.72420242e-02 -6.82953820e-02  1.00009330e-01
   2.73623746e-02  1.37397036e-01 -9.99747664e-02  3.55716683e-02
   1.19669437e-01 -6.59504160e-02  8.80535766e-02  8.56985599e-02
   1.16168633e-01 -5.69477677e-02 -5.02803624e-02  6.41638711e-02
   1.02911159e-01 -8.55304524e-02 -3.35426140e-03  3.47563587e-02
   7.57680386e-02 -8.52184817e-02  2.11816669e-01  6.40919479e-03
  -6.24323031e-03 -4.34053950e-02 -1.10380761e-01  1.32568823e-02
  -5.78106567e-02 -8.70919526e-02  1.72077447e-01 -9.24039036e-02
  -6.64362237e-02  7.89641812e-02 -1.11664675e-01 -6.96152868e-03
   1.93618059e-01  7.69690378e-03  1.20072439e-01  2.10496541e-02
  -6.10075444e-02  1.93338562e-02  1.49985090e-01 -8.82170722e-02
   3.31739150e-02 -3.16508003e-02  2.07967982e-01 -8.32824707e-02
   1.46539852e-01  1.39011696e-01  4.71514873e-02  1.60428926e-01
  -7.23528564e-02  7.11656064e-02 -5.45237064e-02  4.52686846e-02
   4.39308099e-02 -2.14365125e-03  1.04206592e-01 -8.22204575e-02
  -5.95034026e-02 -3.95054929e-02  3.43719609e-02 -5.32434508e-02
   1.23838428e-04  1.12292431e-01 -8.55493769e-02 -6.25279099e-02
  -1.52912671e-02 -1.12494752e-01 -1.74493734e-02  1.95105709e-02
   4.09681089e-02  5.60265779e-02  8.94689262e-02  6.03305958e-02
   2.82750279e-02 -3.08636203e-02  2.30346277e-01 -6.00121208e-02
  -8.52663741e-02 -7.56611750e-02 -8.91145766e-02  6.34490624e-02
   3.02297040e-03  6.32434115e-02 -4.05864306e-02  6.47894740e-02
  -8.17725509e-02  6.56539723e-02 -6.07516840e-02  1.05439521e-01
   1.35097222e-03  1.18061855e-01 -8.27474073e-02 -7.42672831e-02
   1.31323308e-01 -7.16718584e-02  1.25569269e-01 -4.16075513e-02
  -4.83398028e-02 -5.84768541e-02 -3.98510881e-02  1.12211756e-01
  -4.36164215e-02 -3.30848545e-02 -1.56535674e-02 -8.29596072e-02
   6.31482378e-02 -2.19675824e-02 -5.99128827e-02 -5.99330477e-02]]
