[[-0.00402778 -0.06626086 -0.04762157 -0.09197651  0.05229078  0.01020602
  -0.03214359 -0.00273271  0.0416319  -0.05991093 -0.01533274 -0.0779417
  -0.01682263  0.08783147 -0.08662883 -0.04523331  0.09348126  0.11299527
  -0.01151736  0.01450719  0.16352005  0.14073442 -0.00214173  0.0918845
   0.0998489  -0.02731011  0.18641819 -0.03579376 -0.00544369 -0.06381346
  -0.06123993  0.05592427  0.04227767 -0.02319302 -0.01873393  0.00881503
   0.16899198 -0.0602667   0.27383387 -0.08930733 -0.061697   -0.05101152
  -0.07206531  0.07797436  0.06095254 -0.06384435  0.00790336 -0.08819869
   0.00458505  0.00395886 -0.11350185  0.07802538  0.12777045 -0.06020701
   0.05106968  0.2061404  -0.12692752 -0.07911218  0.1314236  -0.09200533
   0.0765823   0.14382666  0.19195269 -0.08327103 -0.07283611  0.19982095
  -0.00476022 -0.02671551 -0.01738244  0.16194412  0.09452462 -0.08648542
   0.04980199 -0.08452449  0.13600181 -0.06988046  0.12223816 -0.03458774
   0.00798479 -0.11452633  0.19683117 -0.04624423 -0.0904062   0.12697825
  -0.02932529 -0.13799669  0.08242411  0.09270523  0.06624583 -0.02926712
  -0.09736549  0.14950876  0.11725996 -0.07287515  0.12465955  0.00254519
   0.0378154  -0.0752837  -0.07050318  0.04884665  0.01442428 -0.08348916
  -0.04618341 -0.06634347 -0.05804216 -0.0780044  -0.07425976  0.03225979
  -0.02988946  0.06411687  0.00091896 -0.01939338  0.14768703  0.12969004
   0.11010271 -0.03531479 -0.05145346  0.1204555  -0.05989293 -0.05637201
   0.01327812 -0.04395566  0.03901473 -0.05971313  0.0051606  -0.0370242
   0.07484251 -0.02131719]
 [ 0.15622926 -0.04666055 -0.05238792 -0.217765   -0.00936831  0.1144561
  -0.07726963 -0.05807611 -0.08798072 -0.04278922 -0.10258863  0.00792804
  -0.1017217   0.07924293 -0.07130443  0.13792013 -0.07412952  0.10115723
  -0.07144935  0.03774662  0.0825773   0.1289673  -0.06462577  0.04040338
   0.10384875 -0.05745766  0.11113176  0.07435117  0.11041164 -0.07125721
  -0.0210799   0.05409223  0.06758592 -0.03868904 -0.0174561   0.07358091
   0.10881119 -0.09308813  0.17101903  0.02164471 -0.0016652  -0.04659266
  -0.11138324 -0.00038749 -0.04752989 -0.08404803  0.1998539  -0.09338743
  -0.06104536  0.06122517 -0.10332639 -0.01329585  0.15262574  0.00271403
   0.08932145 -0.01388911 -0.09681314  0.02191033  0.15893516 -0.09244541
   0.06792626 -0.05350554  0.2135815  -0.08437394  0.17080772  0.13175197
   0.07527513  0.13737394 -0.08365849  0.09244589 -0.0497629  -0.02229019
   0.07710909 -0.01971308  0.09297771 -0.07941308 -0.00590476 -0.03497841
   0.10381926 -0.09098977  0.04347325  0.11063916 -0.09089747 -0.04935453
  -0.00056403 -0.10449177 -0.02198103  0.02167526  0.12334838 -0.03652768
   0.01015678  0.01213602  0.04644301 -0.06875755  0.21574038 -0.08171418
  -0.07372825 -0.07093067 -0.09078287  0.08560111  0.00182153 -0.01949538
  -0.05139488  0.12972192 -0.08856293  0.06453079 -0.07940727  0.13258855
  -0.04027154  0.13300484 -0.06025783 -0.06837238  0.19152308 -0.04311689
   0.12877807 -0.04473581 -0.0578849  -0.03736009 -0.06747838  0.02373799
  -0.04541453 -0.00445829  0.01674654 -0.08536411  0.06226655 -0.03078751
  -0.08664188 -0.06551898]]
[[-0.00402778 -0.06626086 -0.04762157 -0.09197651  0.05229078  0.01020602
  -0.03214359 -0.00273271  0.0416319  -0.05991093 -0.01533274 -0.0779417
  -0.01682263  0.08783147 -0.08662883 -0.04523331  0.09348126  0.11299527
  -0.01151736  0.01450719  0.16352005  0.14073442 -0.00214173  0.0918845
   0.0998489  -0.02731011  0.18641819 -0.03579376 -0.00544369 -0.06381346
  -0.06123993  0.05592427  0.04227767 -0.02319302 -0.01873393  0.00881503
   0.16899198 -0.0602667   0.27383387 -0.08930733 -0.061697   -0.05101152
  -0.07206531  0.07797436  0.06095254 -0.06384435  0.00790336 -0.08819869
   0.00458505  0.00395886 -0.11350185  0.07802538  0.12777045 -0.06020701
   0.05106968  0.2061404  -0.12692752 -0.07911218  0.1314236  -0.09200533
   0.0765823   0.14382666  0.19195269 -0.08327103 -0.07283611  0.19982095
  -0.00476022 -0.02671551 -0.01738244  0.16194412  0.09452462 -0.08648542
   0.04980199 -0.08452449  0.13600181 -0.06988046  0.12223816 -0.03458774
   0.00798479 -0.11452633  0.19683117 -0.04624423 -0.0904062   0.12697825
  -0.02932529 -0.13799669  0.08242411  0.09270523  0.06624583 -0.02926712
  -0.09736549  0.14950876  0.11725996 -0.07287515  0.12465955  0.00254519
   0.0378154  -0.0752837  -0.07050318  0.04884665  0.01442428 -0.08348916
  -0.04618341 -0.06634347 -0.05804216 -0.0780044  -0.07425976  0.03225979
  -0.02988946  0.06411687  0.00091896 -0.01939338  0.14768703  0.12969004
   0.11010271 -0.03531479 -0.05145346  0.1204555  -0.05989293 -0.05637201
   0.01327812 -0.04395566  0.03901473 -0.05971313  0.0051606  -0.0370242
   0.07484251 -0.02131719]
 [ 0.15622926 -0.04666055 -0.05238792 -0.217765   -0.00936831  0.1144561
  -0.07726963 -0.05807611 -0.08798072 -0.04278922 -0.10258863  0.00792804
  -0.1017217   0.07924293 -0.07130443  0.13792013 -0.07412952  0.10115723
  -0.07144935  0.03774662  0.0825773   0.1289673  -0.06462577  0.04040338
   0.10384875 -0.05745766  0.11113176  0.07435117  0.11041164 -0.07125721
  -0.0210799   0.05409223  0.06758592 -0.03868904 -0.0174561   0.07358091
   0.10881119 -0.09308813  0.17101903  0.02164471 -0.0016652  -0.04659266
  -0.11138324 -0.00038749 -0.04752989 -0.08404803  0.1998539  -0.09338743
  -0.06104536  0.06122517 -0.10332639 -0.01329585  0.15262574  0.00271403
   0.08932145 -0.01388911 -0.09681314  0.02191033  0.15893516 -0.09244541
   0.06792626 -0.05350554  0.2135815  -0.08437394  0.17080772  0.13175197
   0.07527513  0.13737394 -0.08365849  0.09244589 -0.0497629  -0.02229019
   0.07710909 -0.01971308  0.09297771 -0.07941308 -0.00590476 -0.03497841
   0.10381926 -0.09098977  0.04347325  0.11063916 -0.09089747 -0.04935453
  -0.00056403 -0.10449177 -0.02198103  0.02167526  0.12334838 -0.03652768
   0.01015678  0.01213602  0.04644301 -0.06875755  0.21574038 -0.08171418
  -0.07372825 -0.07093067 -0.09078287  0.08560111  0.00182153 -0.01949538
  -0.05139488  0.12972192 -0.08856293  0.06453079 -0.07940727  0.13258855
  -0.04027154  0.13300484 -0.06025783 -0.06837238  0.19152308 -0.04311689
   0.12877807 -0.04473581 -0.0578849  -0.03736009 -0.06747838  0.02373799
  -0.04541453 -0.00445829  0.01674654 -0.08536411  0.06226655 -0.03078751
  -0.08664188 -0.06551898]]
[[-0.00402778 -0.06626086 -0.04762157 -0.09197651  0.05229078  0.01020602
  -0.03214359 -0.00273271  0.0416319  -0.05991093 -0.01533274 -0.0779417
  -0.01682263  0.08783147 -0.08662883 -0.04523331  0.09348126  0.11299527
  -0.01151736  0.01450719  0.16352005  0.14073442 -0.00214173  0.0918845
   0.0998489  -0.02731011  0.18641819 -0.03579376 -0.00544369 -0.06381346
  -0.06123993  0.05592427  0.04227767 -0.02319302 -0.01873393  0.00881503
   0.16899198 -0.0602667   0.27383387 -0.08930733 -0.061697   -0.05101152
  -0.07206531  0.07797436  0.06095254 -0.06384435  0.00790336 -0.08819869
   0.00458505  0.00395886 -0.11350185  0.07802538  0.12777045 -0.06020701
   0.05106968  0.2061404  -0.12692752 -0.07911218  0.1314236  -0.09200533
   0.0765823   0.14382666  0.19195269 -0.08327103 -0.07283611  0.19982095
  -0.00476022 -0.02671551 -0.01738244  0.16194412  0.09452462 -0.08648542
   0.04980199 -0.08452449  0.13600181 -0.06988046  0.12223816 -0.03458774
   0.00798479 -0.11452633  0.19683117 -0.04624423 -0.0904062   0.12697825
  -0.02932529 -0.13799669  0.08242411  0.09270523  0.06624583 -0.02926712
  -0.09736549  0.14950876  0.11725996 -0.07287515  0.12465955  0.00254519
   0.0378154  -0.0752837  -0.07050318  0.04884665  0.01442428 -0.08348916
  -0.04618341 -0.06634347 -0.05804216 -0.0780044  -0.07425976  0.03225979
  -0.02988946  0.06411687  0.00091896 -0.01939338  0.14768703  0.12969004
   0.11010271 -0.03531479 -0.05145346  0.1204555  -0.05989293 -0.05637201
   0.01327812 -0.04395566  0.03901473 -0.05971313  0.0051606  -0.0370242
   0.07484251 -0.02131719]
 [ 0.15622926 -0.04666055 -0.05238792 -0.217765   -0.00936831  0.1144561
  -0.07726963 -0.05807611 -0.08798072 -0.04278922 -0.10258863  0.00792804
  -0.1017217   0.07924293 -0.07130443  0.13792013 -0.07412952  0.10115723
  -0.07144935  0.03774662  0.0825773   0.1289673  -0.06462577  0.04040338
   0.10384875 -0.05745766  0.11113176  0.07435117  0.11041164 -0.07125721
  -0.0210799   0.05409223  0.06758592 -0.03868904 -0.0174561   0.07358091
   0.10881119 -0.09308813  0.17101903  0.02164471 -0.0016652  -0.04659266
  -0.11138324 -0.00038749 -0.04752989 -0.08404803  0.1998539  -0.09338743
  -0.06104536  0.06122517 -0.10332639 -0.01329585  0.15262574  0.00271403
   0.08932145 -0.01388911 -0.09681314  0.02191033  0.15893516 -0.09244541
   0.06792626 -0.05350554  0.2135815  -0.08437394  0.17080772  0.13175197
   0.07527513  0.13737394 -0.08365849  0.09244589 -0.0497629  -0.02229019
   0.07710909 -0.01971308  0.09297771 -0.07941308 -0.00590476 -0.03497841
   0.10381926 -0.09098977  0.04347325  0.11063916 -0.09089747 -0.04935453
  -0.00056403 -0.10449177 -0.02198103  0.02167526  0.12334838 -0.03652768
   0.01015678  0.01213602  0.04644301 -0.06875755  0.21574038 -0.08171418
  -0.07372825 -0.07093067 -0.09078287  0.08560111  0.00182153 -0.01949538
  -0.05139488  0.12972192 -0.08856293  0.06453079 -0.07940727  0.13258855
  -0.04027154  0.13300484 -0.06025783 -0.06837238  0.19152308 -0.04311689
   0.12877807 -0.04473581 -0.0578849  -0.03736009 -0.06747838  0.02373799
  -0.04541453 -0.00445829  0.01674654 -0.08536411  0.06226655 -0.03078751
  -0.08664188 -0.06551898]]
[[-0.00402778 -0.06626086 -0.04762157 -0.09197651  0.05229078  0.01020602
  -0.03214359 -0.00273271  0.0416319  -0.05991093 -0.01533274 -0.0779417
  -0.01682263  0.08783147 -0.08662883 -0.04523331  0.09348126  0.11299527
  -0.01151736  0.01450719  0.16352005  0.14073442 -0.00214173  0.0918845
   0.0998489  -0.02731011  0.18641819 -0.03579376 -0.00544369 -0.06381346
  -0.06123993  0.05592427  0.04227767 -0.02319302 -0.01873393  0.00881503
   0.16899198 -0.0602667   0.27383387 -0.08930733 -0.061697   -0.05101152
  -0.07206531  0.07797436  0.06095254 -0.06384435  0.00790336 -0.08819869
   0.00458505  0.00395886 -0.11350185  0.07802538  0.12777045 -0.06020701
   0.05106968  0.2061404  -0.12692752 -0.07911218  0.1314236  -0.09200533
   0.0765823   0.14382666  0.19195269 -0.08327103 -0.07283611  0.19982095
  -0.00476022 -0.02671551 -0.01738244  0.16194412  0.09452462 -0.08648542
   0.04980199 -0.08452449  0.13600181 -0.06988046  0.12223816 -0.03458774
   0.00798479 -0.11452633  0.19683117 -0.04624423 -0.0904062   0.12697825
  -0.02932529 -0.13799669  0.08242411  0.09270523  0.06624583 -0.02926712
  -0.09736549  0.14950876  0.11725996 -0.07287515  0.12465955  0.00254519
   0.0378154  -0.0752837  -0.07050318  0.04884665  0.01442428 -0.08348916
  -0.04618341 -0.06634347 -0.05804216 -0.0780044  -0.07425976  0.03225979
  -0.02988946  0.06411687  0.00091896 -0.01939338  0.14768703  0.12969004
   0.11010271 -0.03531479 -0.05145346  0.1204555  -0.05989293 -0.05637201
   0.01327812 -0.04395566  0.03901473 -0.05971313  0.0051606  -0.0370242
   0.07484251 -0.02131719]
 [ 0.15622926 -0.04666055 -0.05238792 -0.217765   -0.00936831  0.1144561
  -0.07726963 -0.05807611 -0.08798072 -0.04278922 -0.10258863  0.00792804
  -0.1017217   0.07924293 -0.07130443  0.13792013 -0.07412952  0.10115723
  -0.07144935  0.03774662  0.0825773   0.1289673  -0.06462577  0.04040338
   0.10384875 -0.05745766  0.11113176  0.07435117  0.11041164 -0.07125721
  -0.0210799   0.05409223  0.06758592 -0.03868904 -0.0174561   0.07358091
   0.10881119 -0.09308813  0.17101903  0.02164471 -0.0016652  -0.04659266
  -0.11138324 -0.00038749 -0.04752989 -0.08404803  0.1998539  -0.09338743
  -0.06104536  0.06122517 -0.10332639 -0.01329585  0.15262574  0.00271403
   0.08932145 -0.01388911 -0.09681314  0.02191033  0.15893516 -0.09244541
   0.06792626 -0.05350554  0.2135815  -0.08437394  0.17080772  0.13175197
   0.07527513  0.13737394 -0.08365849  0.09244589 -0.0497629  -0.02229019
   0.07710909 -0.01971308  0.09297771 -0.07941308 -0.00590476 -0.03497841
   0.10381926 -0.09098977  0.04347325  0.11063916 -0.09089747 -0.04935453
  -0.00056403 -0.10449177 -0.02198103  0.02167526  0.12334838 -0.03652768
   0.01015678  0.01213602  0.04644301 -0.06875755  0.21574038 -0.08171418
  -0.07372825 -0.07093067 -0.09078287  0.08560111  0.00182153 -0.01949538
  -0.05139488  0.12972192 -0.08856293  0.06453079 -0.07940727  0.13258855
  -0.04027154  0.13300484 -0.06025783 -0.06837238  0.19152308 -0.04311689
   0.12877807 -0.04473581 -0.0578849  -0.03736009 -0.06747838  0.02373799
  -0.04541453 -0.00445829  0.01674654 -0.08536411  0.06226655 -0.03078751
  -0.08664188 -0.06551898]]
