[[ 0.06083212 -0.08805811 -0.05727143 -0.14719701  0.01389505  0.02483905
  -0.02183898  0.04644543  0.02492523 -0.05844093 -0.02720056 -0.05211388
  -0.06080224  0.09520718 -0.08969402 -0.03570154  0.07975982  0.0691452
  -0.01589059  0.04204253  0.15205617  0.14412002  0.03323894 -0.01294276
   0.13112657 -0.04782585  0.17895657 -0.02200331  0.05233159 -0.06904992
  -0.06566568  0.10106191  0.06200466 -0.05731861 -0.00532451  0.04486884
   0.17494938 -0.06620365  0.2107747  -0.07744428 -0.07993899 -0.04884394
  -0.08170509  0.08760873  0.01101057 -0.08620588  0.04698356 -0.09749937
   0.04047328  0.02937274 -0.11772565  0.00204169  0.15451229 -0.01477917
   0.05085127  0.18919307 -0.12250292 -0.04917233  0.12565333 -0.09593119
   0.08048499  0.13174447  0.16526955 -0.0895521  -0.04685558  0.16734622
   0.00502103 -0.02296066 -0.06043657  0.1770209   0.08528541 -0.08198133
   0.03913851 -0.0513192   0.15147728 -0.06738623  0.12386073 -0.04587059
  -0.0091081  -0.11048487  0.1834812  -0.0391151  -0.09286696  0.1503248
  -0.02448769 -0.14047502  0.09572554  0.16003841  0.09962988 -0.03372452
  -0.08358046  0.1541321   0.14186995 -0.07156152  0.16075617 -0.05058096
   0.015234   -0.07588297 -0.06370638  0.02456065  0.02511588 -0.05219042
  -0.05373194 -0.06435229 -0.0343138  -0.09043089 -0.07024868  0.03839431
   0.00099564  0.07080556  0.01981341 -0.0186388   0.15676968  0.1143726
   0.11797529 -0.03763668 -0.01990713  0.08086886 -0.06829064 -0.05875915
   0.00394306 -0.04069415  0.03877608 -0.06630094  0.03445715 -0.00249247
   0.0405752  -0.04144811]
 [ 0.18258482 -0.0577907  -0.05115914 -0.20944779 -0.01939136  0.11069248
  -0.07692357 -0.05658186 -0.09250144 -0.04944262 -0.10076803  0.01240195
  -0.1089915   0.10159233 -0.06932332  0.13123038 -0.06000473  0.0882562
  -0.06875204  0.02776271  0.08125877  0.15570377 -0.07484107  0.04496713
   0.08614258 -0.05819875  0.10110095  0.08039819  0.10581695 -0.06820526
  -0.04202811  0.06635367  0.09081495 -0.03835993 -0.02873617  0.04848977
   0.08921251 -0.08823151  0.15540963  0.01968406  0.01642753 -0.04921252
  -0.11171891 -0.03192759 -0.04192607 -0.09049324  0.17963733 -0.09082377
  -0.06248702  0.05977092 -0.10449956  0.00115387  0.15978615  0.00052765
   0.08809478 -0.00658948 -0.10406013  0.02314044  0.1571129  -0.09023693
   0.05590205 -0.05665272  0.23143747 -0.08542744  0.21125151  0.15413606
   0.07236318  0.11869076 -0.08374237  0.09786799 -0.03958824 -0.01092441
   0.06389824 -0.02355631  0.0848859  -0.08189627 -0.01708867 -0.04827708
   0.08696366 -0.08904584  0.04880695  0.14151366 -0.09034581 -0.05004482
  -0.00058856 -0.08999135 -0.01489179  0.00277485  0.13412932 -0.03979215
   0.02868442  0.00233625  0.01912784 -0.06287751  0.19144334 -0.06770548
  -0.07123831 -0.07732709 -0.08823043  0.07439623 -0.00056988 -0.02073062
  -0.05173868  0.11102777 -0.09208263  0.08062705 -0.07757574  0.13108666
  -0.0482655   0.13825737 -0.06670823 -0.06771135  0.17155758 -0.04814287
   0.11696415 -0.02733689 -0.05424447 -0.03733461 -0.06721321  0.06581505
  -0.03619071 -0.00143999  0.01735853 -0.08474572  0.0657643  -0.01830673
  -0.08352581 -0.05874851]]
[[ 0.06083212 -0.08805811 -0.05727143 -0.14719701  0.01389505  0.02483905
  -0.02183898  0.04644543  0.02492523 -0.05844093 -0.02720056 -0.05211388
  -0.06080224  0.09520718 -0.08969402 -0.03570154  0.07975982  0.0691452
  -0.01589059  0.04204253  0.15205617  0.14412002  0.03323894 -0.01294276
   0.13112657 -0.04782585  0.17895657 -0.02200331  0.05233159 -0.06904992
  -0.06566568  0.10106191  0.06200466 -0.05731861 -0.00532451  0.04486884
   0.17494938 -0.06620365  0.2107747  -0.07744428 -0.07993899 -0.04884394
  -0.08170509  0.08760873  0.01101057 -0.08620588  0.04698356 -0.09749937
   0.04047328  0.02937274 -0.11772565  0.00204169  0.15451229 -0.01477917
   0.05085127  0.18919307 -0.12250292 -0.04917233  0.12565333 -0.09593119
   0.08048499  0.13174447  0.16526955 -0.0895521  -0.04685558  0.16734622
   0.00502103 -0.02296066 -0.06043657  0.1770209   0.08528541 -0.08198133
   0.03913851 -0.0513192   0.15147728 -0.06738623  0.12386073 -0.04587059
  -0.0091081  -0.11048487  0.1834812  -0.0391151  -0.09286696  0.1503248
  -0.02448769 -0.14047502  0.09572554  0.16003841  0.09962988 -0.03372452
  -0.08358046  0.1541321   0.14186995 -0.07156152  0.16075617 -0.05058096
   0.015234   -0.07588297 -0.06370638  0.02456065  0.02511588 -0.05219042
  -0.05373194 -0.06435229 -0.0343138  -0.09043089 -0.07024868  0.03839431
   0.00099564  0.07080556  0.01981341 -0.0186388   0.15676968  0.1143726
   0.11797529 -0.03763668 -0.01990713  0.08086886 -0.06829064 -0.05875915
   0.00394306 -0.04069415  0.03877608 -0.06630094  0.03445715 -0.00249247
   0.0405752  -0.04144811]
 [ 0.18258482 -0.0577907  -0.05115914 -0.20944779 -0.01939136  0.11069248
  -0.07692357 -0.05658186 -0.09250144 -0.04944262 -0.10076803  0.01240195
  -0.1089915   0.10159233 -0.06932332  0.13123038 -0.06000473  0.0882562
  -0.06875204  0.02776271  0.08125877  0.15570377 -0.07484107  0.04496713
   0.08614258 -0.05819875  0.10110095  0.08039819  0.10581695 -0.06820526
  -0.04202811  0.06635367  0.09081495 -0.03835993 -0.02873617  0.04848977
   0.08921251 -0.08823151  0.15540963  0.01968406  0.01642753 -0.04921252
  -0.11171891 -0.03192759 -0.04192607 -0.09049324  0.17963733 -0.09082377
  -0.06248702  0.05977092 -0.10449956  0.00115387  0.15978615  0.00052765
   0.08809478 -0.00658948 -0.10406013  0.02314044  0.1571129  -0.09023693
   0.05590205 -0.05665272  0.23143747 -0.08542744  0.21125151  0.15413606
   0.07236318  0.11869076 -0.08374237  0.09786799 -0.03958824 -0.01092441
   0.06389824 -0.02355631  0.0848859  -0.08189627 -0.01708867 -0.04827708
   0.08696366 -0.08904584  0.04880695  0.14151366 -0.09034581 -0.05004482
  -0.00058856 -0.08999135 -0.01489179  0.00277485  0.13412932 -0.03979215
   0.02868442  0.00233625  0.01912784 -0.06287751  0.19144334 -0.06770548
  -0.07123831 -0.07732709 -0.08823043  0.07439623 -0.00056988 -0.02073062
  -0.05173868  0.11102777 -0.09208263  0.08062705 -0.07757574  0.13108666
  -0.0482655   0.13825737 -0.06670823 -0.06771135  0.17155758 -0.04814287
   0.11696415 -0.02733689 -0.05424447 -0.03733461 -0.06721321  0.06581505
  -0.03619071 -0.00143999  0.01735853 -0.08474572  0.0657643  -0.01830673
  -0.08352581 -0.05874851]]
[[ 0.06083212 -0.08805811 -0.05727143 -0.14719701  0.01389505  0.02483905
  -0.02183898  0.04644543  0.02492523 -0.05844093 -0.02720056 -0.05211388
  -0.06080224  0.09520718 -0.08969402 -0.03570154  0.07975982  0.0691452
  -0.01589059  0.04204253  0.15205617  0.14412002  0.03323894 -0.01294276
   0.13112657 -0.04782585  0.17895657 -0.02200331  0.05233159 -0.06904992
  -0.06566568  0.10106191  0.06200466 -0.05731861 -0.00532451  0.04486884
   0.17494938 -0.06620365  0.2107747  -0.07744428 -0.07993899 -0.04884394
  -0.08170509  0.08760873  0.01101057 -0.08620588  0.04698356 -0.09749937
   0.04047328  0.02937274 -0.11772565  0.00204169  0.15451229 -0.01477917
   0.05085127  0.18919307 -0.12250292 -0.04917233  0.12565333 -0.09593119
   0.08048499  0.13174447  0.16526955 -0.0895521  -0.04685558  0.16734622
   0.00502103 -0.02296066 -0.06043657  0.1770209   0.08528541 -0.08198133
   0.03913851 -0.0513192   0.15147728 -0.06738623  0.12386073 -0.04587059
  -0.0091081  -0.11048487  0.1834812  -0.0391151  -0.09286696  0.1503248
  -0.02448769 -0.14047502  0.09572554  0.16003841  0.09962988 -0.03372452
  -0.08358046  0.1541321   0.14186995 -0.07156152  0.16075617 -0.05058096
   0.015234   -0.07588297 -0.06370638  0.02456065  0.02511588 -0.05219042
  -0.05373194 -0.06435229 -0.0343138  -0.09043089 -0.07024868  0.03839431
   0.00099564  0.07080556  0.01981341 -0.0186388   0.15676968  0.1143726
   0.11797529 -0.03763668 -0.01990713  0.08086886 -0.06829064 -0.05875915
   0.00394306 -0.04069415  0.03877608 -0.06630094  0.03445715 -0.00249247
   0.0405752  -0.04144811]
 [ 0.18258482 -0.0577907  -0.05115914 -0.20944779 -0.01939136  0.11069248
  -0.07692357 -0.05658186 -0.09250144 -0.04944262 -0.10076803  0.01240195
  -0.1089915   0.10159233 -0.06932332  0.13123038 -0.06000473  0.0882562
  -0.06875204  0.02776271  0.08125877  0.15570377 -0.07484107  0.04496713
   0.08614258 -0.05819875  0.10110095  0.08039819  0.10581695 -0.06820526
  -0.04202811  0.06635367  0.09081495 -0.03835993 -0.02873617  0.04848977
   0.08921251 -0.08823151  0.15540963  0.01968406  0.01642753 -0.04921252
  -0.11171891 -0.03192759 -0.04192607 -0.09049324  0.17963733 -0.09082377
  -0.06248702  0.05977092 -0.10449956  0.00115387  0.15978615  0.00052765
   0.08809478 -0.00658948 -0.10406013  0.02314044  0.1571129  -0.09023693
   0.05590205 -0.05665272  0.23143747 -0.08542744  0.21125151  0.15413606
   0.07236318  0.11869076 -0.08374237  0.09786799 -0.03958824 -0.01092441
   0.06389824 -0.02355631  0.0848859  -0.08189627 -0.01708867 -0.04827708
   0.08696366 -0.08904584  0.04880695  0.14151366 -0.09034581 -0.05004482
  -0.00058856 -0.08999135 -0.01489179  0.00277485  0.13412932 -0.03979215
   0.02868442  0.00233625  0.01912784 -0.06287751  0.19144334 -0.06770548
  -0.07123831 -0.07732709 -0.08823043  0.07439623 -0.00056988 -0.02073062
  -0.05173868  0.11102777 -0.09208263  0.08062705 -0.07757574  0.13108666
  -0.0482655   0.13825737 -0.06670823 -0.06771135  0.17155758 -0.04814287
   0.11696415 -0.02733689 -0.05424447 -0.03733461 -0.06721321  0.06581505
  -0.03619071 -0.00143999  0.01735853 -0.08474572  0.0657643  -0.01830673
  -0.08352581 -0.05874851]]
[[ 0.06083212 -0.08805811 -0.05727143 -0.14719701  0.01389505  0.02483905
  -0.02183898  0.04644543  0.02492523 -0.05844093 -0.02720056 -0.05211388
  -0.06080224  0.09520718 -0.08969402 -0.03570154  0.07975982  0.0691452
  -0.01589059  0.04204253  0.15205617  0.14412002  0.03323894 -0.01294276
   0.13112657 -0.04782585  0.17895657 -0.02200331  0.05233159 -0.06904992
  -0.06566568  0.10106191  0.06200466 -0.05731861 -0.00532451  0.04486884
   0.17494938 -0.06620365  0.2107747  -0.07744428 -0.07993899 -0.04884394
  -0.08170509  0.08760873  0.01101057 -0.08620588  0.04698356 -0.09749937
   0.04047328  0.02937274 -0.11772565  0.00204169  0.15451229 -0.01477917
   0.05085127  0.18919307 -0.12250292 -0.04917233  0.12565333 -0.09593119
   0.08048499  0.13174447  0.16526955 -0.0895521  -0.04685558  0.16734622
   0.00502103 -0.02296066 -0.06043657  0.1770209   0.08528541 -0.08198133
   0.03913851 -0.0513192   0.15147728 -0.06738623  0.12386073 -0.04587059
  -0.0091081  -0.11048487  0.1834812  -0.0391151  -0.09286696  0.1503248
  -0.02448769 -0.14047502  0.09572554  0.16003841  0.09962988 -0.03372452
  -0.08358046  0.1541321   0.14186995 -0.07156152  0.16075617 -0.05058096
   0.015234   -0.07588297 -0.06370638  0.02456065  0.02511588 -0.05219042
  -0.05373194 -0.06435229 -0.0343138  -0.09043089 -0.07024868  0.03839431
   0.00099564  0.07080556  0.01981341 -0.0186388   0.15676968  0.1143726
   0.11797529 -0.03763668 -0.01990713  0.08086886 -0.06829064 -0.05875915
   0.00394306 -0.04069415  0.03877608 -0.06630094  0.03445715 -0.00249247
   0.0405752  -0.04144811]
 [ 0.18258482 -0.0577907  -0.05115914 -0.20944779 -0.01939136  0.11069248
  -0.07692357 -0.05658186 -0.09250144 -0.04944262 -0.10076803  0.01240195
  -0.1089915   0.10159233 -0.06932332  0.13123038 -0.06000473  0.0882562
  -0.06875204  0.02776271  0.08125877  0.15570377 -0.07484107  0.04496713
   0.08614258 -0.05819875  0.10110095  0.08039819  0.10581695 -0.06820526
  -0.04202811  0.06635367  0.09081495 -0.03835993 -0.02873617  0.04848977
   0.08921251 -0.08823151  0.15540963  0.01968406  0.01642753 -0.04921252
  -0.11171891 -0.03192759 -0.04192607 -0.09049324  0.17963733 -0.09082377
  -0.06248702  0.05977092 -0.10449956  0.00115387  0.15978615  0.00052765
   0.08809478 -0.00658948 -0.10406013  0.02314044  0.1571129  -0.09023693
   0.05590205 -0.05665272  0.23143747 -0.08542744  0.21125151  0.15413606
   0.07236318  0.11869076 -0.08374237  0.09786799 -0.03958824 -0.01092441
   0.06389824 -0.02355631  0.0848859  -0.08189627 -0.01708867 -0.04827708
   0.08696366 -0.08904584  0.04880695  0.14151366 -0.09034581 -0.05004482
  -0.00058856 -0.08999135 -0.01489179  0.00277485  0.13412932 -0.03979215
   0.02868442  0.00233625  0.01912784 -0.06287751  0.19144334 -0.06770548
  -0.07123831 -0.07732709 -0.08823043  0.07439623 -0.00056988 -0.02073062
  -0.05173868  0.11102777 -0.09208263  0.08062705 -0.07757574  0.13108666
  -0.0482655   0.13825737 -0.06670823 -0.06771135  0.17155758 -0.04814287
   0.11696415 -0.02733689 -0.05424447 -0.03733461 -0.06721321  0.06581505
  -0.03619071 -0.00143999  0.01735853 -0.08474572  0.0657643  -0.01830673
  -0.08352581 -0.05874851]]
