[[-0.00753657 -0.04899848 -0.03222993 -0.08928726  0.09114324 -0.00555163
   0.01341726  0.08262713  0.02555029 -0.04694318  0.01460709 -0.08768295
  -0.01748355  0.00818287 -0.10993153 -0.04112878  0.08629354  0.20327409
   0.02277853 -0.01586037  0.08803286  0.15248403  0.02104025  0.03702188
   0.11755884  0.05371708  0.09993062 -0.0221439  -0.02011106 -0.04971877
  -0.06769266 -0.00308015 -0.014608    0.00215651  0.01555623 -0.01379688
   0.15065402 -0.09089021  0.16488919 -0.09091351 -0.0315953  -0.07388033
  -0.07122549  0.07552245  0.10741583 -0.04976029 -0.01729544 -0.10668866
   0.03905273 -0.03143455 -0.12867433  0.05908846  0.00744416 -0.05377277
  -0.03002115  0.24043642 -0.16077626 -0.0454677   0.13653563 -0.10560028
   0.15969422  0.11316849  0.18556648 -0.07873143 -0.08187404  0.22291785
   0.02172865 -0.00556636 -0.04344439  0.12491953  0.12618825 -0.08936675
   0.08036885 -0.05000716  0.23147675 -0.01171529  0.06106975 -0.03452509
   0.10564362 -0.12143026  0.1481245  -0.04114669 -0.10701487  0.15689062
  -0.07949518 -0.16751854  0.10133854  0.01790673  0.03031666 -0.00770538
  -0.09836854  0.10047553  0.16631638 -0.0854062   0.05313845 -0.04789853
   0.01990549 -0.09547286 -0.05936838  0.08486173 -0.01498193 -0.10231851
  -0.0697844  -0.05851079 -0.03579082 -0.07899673 -0.07930416  0.03356835
  -0.05034845  0.05783741 -0.02773585  0.00472881  0.11403029  0.13663507
   0.05862394 -0.02827669 -0.03346355  0.0808385  -0.0742278  -0.08706799
  -0.00428672 -0.07301763  0.00155775 -0.05512992 -0.04689192  0.00069742
   0.10622027 -0.06123071]
 [ 0.21434467 -0.02520097 -0.04514555 -0.19979453 -0.03515402  0.09561473
  -0.07466925 -0.04714309 -0.09005316 -0.03613781 -0.0975804   0.01803707
  -0.1091905   0.11563668 -0.07640056  0.18390541 -0.06594275  0.09802423
  -0.06743347  0.05853555  0.05588426  0.15156311 -0.09481318  0.04170943
   0.09197804 -0.06290571  0.10781012  0.09136236  0.12054595 -0.06514813
  -0.02778568  0.05996069  0.08517496 -0.03923658 -0.04470954  0.04349119
   0.07153964 -0.06568968  0.1703383  -0.02141827  0.02581858 -0.04587156
  -0.1088873  -0.03662523 -0.04867032 -0.09379797  0.1608201  -0.0912544
  -0.05409646  0.04746879 -0.09986501 -0.01465052  0.18304107 -0.00122728
   0.09017261 -0.0095904  -0.09310786  0.00501798  0.13473839 -0.08232096
   0.05431737 -0.06079536  0.22631349 -0.0664473   0.19340105  0.18551318
   0.07272239  0.13916099 -0.08809263  0.06034115 -0.03580599  0.00339695
   0.06572548 -0.01286034  0.06671137 -0.09178873 -0.02498744 -0.04829203
   0.04956307 -0.07918601  0.03194734  0.16368628 -0.08197784 -0.04609794
  -0.00570823 -0.07043219 -0.04256726 -0.01902721  0.09913392  0.00182931
   0.04503674  0.00692804  0.01015136 -0.04211688  0.20378323 -0.09562249
  -0.08187973 -0.07726371 -0.08442153  0.04367264  0.01149923 -0.009202
  -0.0572404   0.08682451 -0.08166119  0.08731505 -0.07659312  0.13244171
  -0.02346138  0.12517612 -0.0777938  -0.07277454  0.15337156 -0.05642289
   0.13573046 -0.01291808 -0.0428856  -0.05290713 -0.06954556  0.08492592
  -0.00129191  0.00721113  0.00094362 -0.07989293  0.06240438 -0.03619127
  -0.08557057 -0.05849423]]
[[-0.00753657 -0.04899848 -0.03222993 -0.08928726  0.09114324 -0.00555163
   0.01341726  0.08262713  0.02555029 -0.04694318  0.01460709 -0.08768295
  -0.01748355  0.00818287 -0.10993153 -0.04112878  0.08629354  0.20327409
   0.02277853 -0.01586037  0.08803286  0.15248403  0.02104025  0.03702188
   0.11755884  0.05371708  0.09993062 -0.0221439  -0.02011106 -0.04971877
  -0.06769266 -0.00308015 -0.014608    0.00215651  0.01555623 -0.01379688
   0.15065402 -0.09089021  0.16488919 -0.09091351 -0.0315953  -0.07388033
  -0.07122549  0.07552245  0.10741583 -0.04976029 -0.01729544 -0.10668866
   0.03905273 -0.03143455 -0.12867433  0.05908846  0.00744416 -0.05377277
  -0.03002115  0.24043642 -0.16077626 -0.0454677   0.13653563 -0.10560028
   0.15969422  0.11316849  0.18556648 -0.07873143 -0.08187404  0.22291785
   0.02172865 -0.00556636 -0.04344439  0.12491953  0.12618825 -0.08936675
   0.08036885 -0.05000716  0.23147675 -0.01171529  0.06106975 -0.03452509
   0.10564362 -0.12143026  0.1481245  -0.04114669 -0.10701487  0.15689062
  -0.07949518 -0.16751854  0.10133854  0.01790673  0.03031666 -0.00770538
  -0.09836854  0.10047553  0.16631638 -0.0854062   0.05313845 -0.04789853
   0.01990549 -0.09547286 -0.05936838  0.08486173 -0.01498193 -0.10231851
  -0.0697844  -0.05851079 -0.03579082 -0.07899673 -0.07930416  0.03356835
  -0.05034845  0.05783741 -0.02773585  0.00472881  0.11403029  0.13663507
   0.05862394 -0.02827669 -0.03346355  0.0808385  -0.0742278  -0.08706799
  -0.00428672 -0.07301763  0.00155775 -0.05512992 -0.04689192  0.00069742
   0.10622027 -0.06123071]
 [ 0.21434467 -0.02520097 -0.04514555 -0.19979453 -0.03515402  0.09561473
  -0.07466925 -0.04714309 -0.09005316 -0.03613781 -0.0975804   0.01803707
  -0.1091905   0.11563668 -0.07640056  0.18390541 -0.06594275  0.09802423
  -0.06743347  0.05853555  0.05588426  0.15156311 -0.09481318  0.04170943
   0.09197804 -0.06290571  0.10781012  0.09136236  0.12054595 -0.06514813
  -0.02778568  0.05996069  0.08517496 -0.03923658 -0.04470954  0.04349119
   0.07153964 -0.06568968  0.1703383  -0.02141827  0.02581858 -0.04587156
  -0.1088873  -0.03662523 -0.04867032 -0.09379797  0.1608201  -0.0912544
  -0.05409646  0.04746879 -0.09986501 -0.01465052  0.18304107 -0.00122728
   0.09017261 -0.0095904  -0.09310786  0.00501798  0.13473839 -0.08232096
   0.05431737 -0.06079536  0.22631349 -0.0664473   0.19340105  0.18551318
   0.07272239  0.13916099 -0.08809263  0.06034115 -0.03580599  0.00339695
   0.06572548 -0.01286034  0.06671137 -0.09178873 -0.02498744 -0.04829203
   0.04956307 -0.07918601  0.03194734  0.16368628 -0.08197784 -0.04609794
  -0.00570823 -0.07043219 -0.04256726 -0.01902721  0.09913392  0.00182931
   0.04503674  0.00692804  0.01015136 -0.04211688  0.20378323 -0.09562249
  -0.08187973 -0.07726371 -0.08442153  0.04367264  0.01149923 -0.009202
  -0.0572404   0.08682451 -0.08166119  0.08731505 -0.07659312  0.13244171
  -0.02346138  0.12517612 -0.0777938  -0.07277454  0.15337156 -0.05642289
   0.13573046 -0.01291808 -0.0428856  -0.05290713 -0.06954556  0.08492592
  -0.00129191  0.00721113  0.00094362 -0.07989293  0.06240438 -0.03619127
  -0.08557057 -0.05849423]]
[[-0.00753657 -0.04899848 -0.03222993 -0.08928726  0.09114324 -0.00555163
   0.01341726  0.08262713  0.02555029 -0.04694318  0.01460709 -0.08768295
  -0.01748355  0.00818287 -0.10993153 -0.04112878  0.08629354  0.20327409
   0.02277853 -0.01586037  0.08803286  0.15248403  0.02104025  0.03702188
   0.11755884  0.05371708  0.09993062 -0.0221439  -0.02011106 -0.04971877
  -0.06769266 -0.00308015 -0.014608    0.00215651  0.01555623 -0.01379688
   0.15065402 -0.09089021  0.16488919 -0.09091351 -0.0315953  -0.07388033
  -0.07122549  0.07552245  0.10741583 -0.04976029 -0.01729544 -0.10668866
   0.03905273 -0.03143455 -0.12867433  0.05908846  0.00744416 -0.05377277
  -0.03002115  0.24043642 -0.16077626 -0.0454677   0.13653563 -0.10560028
   0.15969422  0.11316849  0.18556648 -0.07873143 -0.08187404  0.22291785
   0.02172865 -0.00556636 -0.04344439  0.12491953  0.12618825 -0.08936675
   0.08036885 -0.05000716  0.23147675 -0.01171529  0.06106975 -0.03452509
   0.10564362 -0.12143026  0.1481245  -0.04114669 -0.10701487  0.15689062
  -0.07949518 -0.16751854  0.10133854  0.01790673  0.03031666 -0.00770538
  -0.09836854  0.10047553  0.16631638 -0.0854062   0.05313845 -0.04789853
   0.01990549 -0.09547286 -0.05936838  0.08486173 -0.01498193 -0.10231851
  -0.0697844  -0.05851079 -0.03579082 -0.07899673 -0.07930416  0.03356835
  -0.05034845  0.05783741 -0.02773585  0.00472881  0.11403029  0.13663507
   0.05862394 -0.02827669 -0.03346355  0.0808385  -0.0742278  -0.08706799
  -0.00428672 -0.07301763  0.00155775 -0.05512992 -0.04689192  0.00069742
   0.10622027 -0.06123071]
 [ 0.21434467 -0.02520097 -0.04514555 -0.19979453 -0.03515402  0.09561473
  -0.07466925 -0.04714309 -0.09005316 -0.03613781 -0.0975804   0.01803707
  -0.1091905   0.11563668 -0.07640056  0.18390541 -0.06594275  0.09802423
  -0.06743347  0.05853555  0.05588426  0.15156311 -0.09481318  0.04170943
   0.09197804 -0.06290571  0.10781012  0.09136236  0.12054595 -0.06514813
  -0.02778568  0.05996069  0.08517496 -0.03923658 -0.04470954  0.04349119
   0.07153964 -0.06568968  0.1703383  -0.02141827  0.02581858 -0.04587156
  -0.1088873  -0.03662523 -0.04867032 -0.09379797  0.1608201  -0.0912544
  -0.05409646  0.04746879 -0.09986501 -0.01465052  0.18304107 -0.00122728
   0.09017261 -0.0095904  -0.09310786  0.00501798  0.13473839 -0.08232096
   0.05431737 -0.06079536  0.22631349 -0.0664473   0.19340105  0.18551318
   0.07272239  0.13916099 -0.08809263  0.06034115 -0.03580599  0.00339695
   0.06572548 -0.01286034  0.06671137 -0.09178873 -0.02498744 -0.04829203
   0.04956307 -0.07918601  0.03194734  0.16368628 -0.08197784 -0.04609794
  -0.00570823 -0.07043219 -0.04256726 -0.01902721  0.09913392  0.00182931
   0.04503674  0.00692804  0.01015136 -0.04211688  0.20378323 -0.09562249
  -0.08187973 -0.07726371 -0.08442153  0.04367264  0.01149923 -0.009202
  -0.0572404   0.08682451 -0.08166119  0.08731505 -0.07659312  0.13244171
  -0.02346138  0.12517612 -0.0777938  -0.07277454  0.15337156 -0.05642289
   0.13573046 -0.01291808 -0.0428856  -0.05290713 -0.06954556  0.08492592
  -0.00129191  0.00721113  0.00094362 -0.07989293  0.06240438 -0.03619127
  -0.08557057 -0.05849423]]
[[-0.00753657 -0.04899848 -0.03222993 -0.08928726  0.09114324 -0.00555163
   0.01341726  0.08262713  0.02555029 -0.04694318  0.01460709 -0.08768295
  -0.01748355  0.00818287 -0.10993153 -0.04112878  0.08629354  0.20327409
   0.02277853 -0.01586037  0.08803286  0.15248403  0.02104025  0.03702188
   0.11755884  0.05371708  0.09993062 -0.0221439  -0.02011106 -0.04971877
  -0.06769266 -0.00308015 -0.014608    0.00215651  0.01555623 -0.01379688
   0.15065402 -0.09089021  0.16488919 -0.09091351 -0.0315953  -0.07388033
  -0.07122549  0.07552245  0.10741583 -0.04976029 -0.01729544 -0.10668866
   0.03905273 -0.03143455 -0.12867433  0.05908846  0.00744416 -0.05377277
  -0.03002115  0.24043642 -0.16077626 -0.0454677   0.13653563 -0.10560028
   0.15969422  0.11316849  0.18556648 -0.07873143 -0.08187404  0.22291785
   0.02172865 -0.00556636 -0.04344439  0.12491953  0.12618825 -0.08936675
   0.08036885 -0.05000716  0.23147675 -0.01171529  0.06106975 -0.03452509
   0.10564362 -0.12143026  0.1481245  -0.04114669 -0.10701487  0.15689062
  -0.07949518 -0.16751854  0.10133854  0.01790673  0.03031666 -0.00770538
  -0.09836854  0.10047553  0.16631638 -0.0854062   0.05313845 -0.04789853
   0.01990549 -0.09547286 -0.05936838  0.08486173 -0.01498193 -0.10231851
  -0.0697844  -0.05851079 -0.03579082 -0.07899673 -0.07930416  0.03356835
  -0.05034845  0.05783741 -0.02773585  0.00472881  0.11403029  0.13663507
   0.05862394 -0.02827669 -0.03346355  0.0808385  -0.0742278  -0.08706799
  -0.00428672 -0.07301763  0.00155775 -0.05512992 -0.04689192  0.00069742
   0.10622027 -0.06123071]
 [ 0.21434467 -0.02520097 -0.04514555 -0.19979453 -0.03515402  0.09561473
  -0.07466925 -0.04714309 -0.09005316 -0.03613781 -0.0975804   0.01803707
  -0.1091905   0.11563668 -0.07640056  0.18390541 -0.06594275  0.09802423
  -0.06743347  0.05853555  0.05588426  0.15156311 -0.09481318  0.04170943
   0.09197804 -0.06290571  0.10781012  0.09136236  0.12054595 -0.06514813
  -0.02778568  0.05996069  0.08517496 -0.03923658 -0.04470954  0.04349119
   0.07153964 -0.06568968  0.1703383  -0.02141827  0.02581858 -0.04587156
  -0.1088873  -0.03662523 -0.04867032 -0.09379797  0.1608201  -0.0912544
  -0.05409646  0.04746879 -0.09986501 -0.01465052  0.18304107 -0.00122728
   0.09017261 -0.0095904  -0.09310786  0.00501798  0.13473839 -0.08232096
   0.05431737 -0.06079536  0.22631349 -0.0664473   0.19340105  0.18551318
   0.07272239  0.13916099 -0.08809263  0.06034115 -0.03580599  0.00339695
   0.06572548 -0.01286034  0.06671137 -0.09178873 -0.02498744 -0.04829203
   0.04956307 -0.07918601  0.03194734  0.16368628 -0.08197784 -0.04609794
  -0.00570823 -0.07043219 -0.04256726 -0.01902721  0.09913392  0.00182931
   0.04503674  0.00692804  0.01015136 -0.04211688  0.20378323 -0.09562249
  -0.08187973 -0.07726371 -0.08442153  0.04367264  0.01149923 -0.009202
  -0.0572404   0.08682451 -0.08166119  0.08731505 -0.07659312  0.13244171
  -0.02346138  0.12517612 -0.0777938  -0.07277454  0.15337156 -0.05642289
   0.13573046 -0.01291808 -0.0428856  -0.05290713 -0.06954556  0.08492592
  -0.00129191  0.00721113  0.00094362 -0.07989293  0.06240438 -0.03619127
  -0.08557057 -0.05849423]]
