[[ 0.04451449 -0.08159015 -0.09033668 -0.07758366  0.13543762  0.03154832
   0.09704548  0.13374716  0.10592931  0.05230871  0.05573362 -0.06623366
   0.00878308  0.08118261 -0.11512323 -0.05803481  0.09395267  0.1779362
  -0.0124747  -0.02924929  0.09620874  0.12573041  0.01665508  0.05179722
  -0.0471014   0.11586522  0.09905086  0.01440018  0.00755893 -0.06468742
  -0.0620219  -0.01561443 -0.0679492   0.00861636  0.06041158  0.02297195
   0.13440873 -0.09875292  0.09978984 -0.11488789 -0.03078348 -0.07582866
   0.00147004  0.04703285  0.11872098 -0.03422259 -0.01356118 -0.09307676
  -0.00078139 -0.08220842 -0.12004094  0.01546376  0.06861902 -0.06061889
  -0.03780383  0.18569657 -0.17204346  0.00343989  0.12298828 -0.0706038
   0.19560921  0.08576318  0.17639232 -0.03603185 -0.08810438  0.1557734
   0.0150179  -0.06571059 -0.0757474   0.13913167  0.10076913 -0.0902233
   0.01781544  0.0639194   0.21992098  0.05361948  0.05327204 -0.05725088
   0.12448186 -0.14564845  0.1160168  -0.06663036 -0.11131319  0.16520415
  -0.08716332 -0.13365972  0.10288928  0.00242056  0.04753884 -0.09161173
  -0.07779474  0.08385882  0.13908954 -0.09169726 -0.01025889 -0.12195365
   0.06166763 -0.10816816 -0.10336301  0.14896382 -0.04807149 -0.0922634
  -0.08032195  0.02043277  0.02778485 -0.02012204 -0.05912576 -0.02728206
  -0.07967705 -0.04491572 -0.07190593  0.07530351  0.06867251  0.11041501
   0.01213981  0.00280032 -0.06977054  0.09647025 -0.02772018 -0.07057023
   0.01752817 -0.10329478 -0.06240142 -0.06121802 -0.04339513 -0.03010491
   0.08973843 -0.01669446]
 [ 0.19504677 -0.01920545 -0.03867183 -0.1870016  -0.04302479  0.07970314
  -0.07175283 -0.06579748 -0.09998705 -0.01546244 -0.09601204  0.00618938
  -0.09401786  0.15173258 -0.0598724   0.21578278 -0.07135877  0.08492053
  -0.05828119  0.0960141   0.02550709  0.14014283 -0.10100089  0.05169149
   0.07816888 -0.0708975   0.07750336  0.06782806  0.1283507  -0.05938837
  -0.04232315  0.03713575  0.12209972 -0.05025008 -0.03327763  0.01506266
   0.11044572 -0.07427482  0.1986664  -0.00053819  0.01138007 -0.05105383
  -0.10695925 -0.02022142 -0.05413879 -0.08966169  0.18970737 -0.08792704
  -0.05684152  0.06732772 -0.10244813  0.00354384  0.19354984 -0.00868665
   0.1056952   0.01017453 -0.06431731  0.00908132  0.13972418 -0.08064448
   0.02983386 -0.04815785  0.19645372 -0.06377348  0.15450077  0.18118647
   0.05297092  0.1496241  -0.08049434  0.04721026 -0.03689449  0.0256871
   0.05982082  0.00098446  0.07026147 -0.08211302 -0.03797596 -0.0365505
   0.03869751 -0.07126402  0.021994    0.15268168 -0.07721642 -0.05684306
   0.03401843 -0.0726677  -0.03670064 -0.01277097  0.05738906  0.03822801
   0.09306531  0.01422626  0.02066231 -0.03154172  0.22608402 -0.07856936
  -0.07553671 -0.0700812  -0.07658294  0.05069752  0.01234976  0.03683395
  -0.05403564  0.04848014 -0.07706302  0.10671201 -0.06884488  0.14028288
  -0.00250511  0.12066589 -0.0789642  -0.06936474  0.16706286 -0.065984
   0.14978875 -0.00335743 -0.04851834 -0.04584401 -0.03724106  0.09589894
  -0.02502648 -0.02660898 -0.01367644 -0.0764836   0.05626095 -0.04176776
  -0.07091856 -0.0613497 ]]
[[ 0.04451449 -0.08159015 -0.09033668 -0.07758366  0.13543762  0.03154832
   0.09704548  0.13374716  0.10592931  0.05230871  0.05573362 -0.06623366
   0.00878308  0.08118261 -0.11512323 -0.05803481  0.09395267  0.1779362
  -0.0124747  -0.02924929  0.09620874  0.12573041  0.01665508  0.05179722
  -0.0471014   0.11586522  0.09905086  0.01440018  0.00755893 -0.06468742
  -0.0620219  -0.01561443 -0.0679492   0.00861636  0.06041158  0.02297195
   0.13440873 -0.09875292  0.09978984 -0.11488789 -0.03078348 -0.07582866
   0.00147004  0.04703285  0.11872098 -0.03422259 -0.01356118 -0.09307676
  -0.00078139 -0.08220842 -0.12004094  0.01546376  0.06861902 -0.06061889
  -0.03780383  0.18569657 -0.17204346  0.00343989  0.12298828 -0.0706038
   0.19560921  0.08576318  0.17639232 -0.03603185 -0.08810438  0.1557734
   0.0150179  -0.06571059 -0.0757474   0.13913167  0.10076913 -0.0902233
   0.01781544  0.0639194   0.21992098  0.05361948  0.05327204 -0.05725088
   0.12448186 -0.14564845  0.1160168  -0.06663036 -0.11131319  0.16520415
  -0.08716332 -0.13365972  0.10288928  0.00242056  0.04753884 -0.09161173
  -0.07779474  0.08385882  0.13908954 -0.09169726 -0.01025889 -0.12195365
   0.06166763 -0.10816816 -0.10336301  0.14896382 -0.04807149 -0.0922634
  -0.08032195  0.02043277  0.02778485 -0.02012204 -0.05912576 -0.02728206
  -0.07967705 -0.04491572 -0.07190593  0.07530351  0.06867251  0.11041501
   0.01213981  0.00280032 -0.06977054  0.09647025 -0.02772018 -0.07057023
   0.01752817 -0.10329478 -0.06240142 -0.06121802 -0.04339513 -0.03010491
   0.08973843 -0.01669446]
 [ 0.19504677 -0.01920545 -0.03867183 -0.1870016  -0.04302479  0.07970314
  -0.07175283 -0.06579748 -0.09998705 -0.01546244 -0.09601204  0.00618938
  -0.09401786  0.15173258 -0.0598724   0.21578278 -0.07135877  0.08492053
  -0.05828119  0.0960141   0.02550709  0.14014283 -0.10100089  0.05169149
   0.07816888 -0.0708975   0.07750336  0.06782806  0.1283507  -0.05938837
  -0.04232315  0.03713575  0.12209972 -0.05025008 -0.03327763  0.01506266
   0.11044572 -0.07427482  0.1986664  -0.00053819  0.01138007 -0.05105383
  -0.10695925 -0.02022142 -0.05413879 -0.08966169  0.18970737 -0.08792704
  -0.05684152  0.06732772 -0.10244813  0.00354384  0.19354984 -0.00868665
   0.1056952   0.01017453 -0.06431731  0.00908132  0.13972418 -0.08064448
   0.02983386 -0.04815785  0.19645372 -0.06377348  0.15450077  0.18118647
   0.05297092  0.1496241  -0.08049434  0.04721026 -0.03689449  0.0256871
   0.05982082  0.00098446  0.07026147 -0.08211302 -0.03797596 -0.0365505
   0.03869751 -0.07126402  0.021994    0.15268168 -0.07721642 -0.05684306
   0.03401843 -0.0726677  -0.03670064 -0.01277097  0.05738906  0.03822801
   0.09306531  0.01422626  0.02066231 -0.03154172  0.22608402 -0.07856936
  -0.07553671 -0.0700812  -0.07658294  0.05069752  0.01234976  0.03683395
  -0.05403564  0.04848014 -0.07706302  0.10671201 -0.06884488  0.14028288
  -0.00250511  0.12066589 -0.0789642  -0.06936474  0.16706286 -0.065984
   0.14978875 -0.00335743 -0.04851834 -0.04584401 -0.03724106  0.09589894
  -0.02502648 -0.02660898 -0.01367644 -0.0764836   0.05626095 -0.04176776
  -0.07091856 -0.0613497 ]]
[[ 0.04451449 -0.08159015 -0.09033668 -0.07758366  0.13543762  0.03154832
   0.09704548  0.13374716  0.10592931  0.05230871  0.05573362 -0.06623366
   0.00878308  0.08118261 -0.11512323 -0.05803481  0.09395267  0.1779362
  -0.0124747  -0.02924929  0.09620874  0.12573041  0.01665508  0.05179722
  -0.0471014   0.11586522  0.09905086  0.01440018  0.00755893 -0.06468742
  -0.0620219  -0.01561443 -0.0679492   0.00861636  0.06041158  0.02297195
   0.13440873 -0.09875292  0.09978984 -0.11488789 -0.03078348 -0.07582866
   0.00147004  0.04703285  0.11872098 -0.03422259 -0.01356118 -0.09307676
  -0.00078139 -0.08220842 -0.12004094  0.01546376  0.06861902 -0.06061889
  -0.03780383  0.18569657 -0.17204346  0.00343989  0.12298828 -0.0706038
   0.19560921  0.08576318  0.17639232 -0.03603185 -0.08810438  0.1557734
   0.0150179  -0.06571059 -0.0757474   0.13913167  0.10076913 -0.0902233
   0.01781544  0.0639194   0.21992098  0.05361948  0.05327204 -0.05725088
   0.12448186 -0.14564845  0.1160168  -0.06663036 -0.11131319  0.16520415
  -0.08716332 -0.13365972  0.10288928  0.00242056  0.04753884 -0.09161173
  -0.07779474  0.08385882  0.13908954 -0.09169726 -0.01025889 -0.12195365
   0.06166763 -0.10816816 -0.10336301  0.14896382 -0.04807149 -0.0922634
  -0.08032195  0.02043277  0.02778485 -0.02012204 -0.05912576 -0.02728206
  -0.07967705 -0.04491572 -0.07190593  0.07530351  0.06867251  0.11041501
   0.01213981  0.00280032 -0.06977054  0.09647025 -0.02772018 -0.07057023
   0.01752817 -0.10329478 -0.06240142 -0.06121802 -0.04339513 -0.03010491
   0.08973843 -0.01669446]
 [ 0.19504677 -0.01920545 -0.03867183 -0.1870016  -0.04302479  0.07970314
  -0.07175283 -0.06579748 -0.09998705 -0.01546244 -0.09601204  0.00618938
  -0.09401786  0.15173258 -0.0598724   0.21578278 -0.07135877  0.08492053
  -0.05828119  0.0960141   0.02550709  0.14014283 -0.10100089  0.05169149
   0.07816888 -0.0708975   0.07750336  0.06782806  0.1283507  -0.05938837
  -0.04232315  0.03713575  0.12209972 -0.05025008 -0.03327763  0.01506266
   0.11044572 -0.07427482  0.1986664  -0.00053819  0.01138007 -0.05105383
  -0.10695925 -0.02022142 -0.05413879 -0.08966169  0.18970737 -0.08792704
  -0.05684152  0.06732772 -0.10244813  0.00354384  0.19354984 -0.00868665
   0.1056952   0.01017453 -0.06431731  0.00908132  0.13972418 -0.08064448
   0.02983386 -0.04815785  0.19645372 -0.06377348  0.15450077  0.18118647
   0.05297092  0.1496241  -0.08049434  0.04721026 -0.03689449  0.0256871
   0.05982082  0.00098446  0.07026147 -0.08211302 -0.03797596 -0.0365505
   0.03869751 -0.07126402  0.021994    0.15268168 -0.07721642 -0.05684306
   0.03401843 -0.0726677  -0.03670064 -0.01277097  0.05738906  0.03822801
   0.09306531  0.01422626  0.02066231 -0.03154172  0.22608402 -0.07856936
  -0.07553671 -0.0700812  -0.07658294  0.05069752  0.01234976  0.03683395
  -0.05403564  0.04848014 -0.07706302  0.10671201 -0.06884488  0.14028288
  -0.00250511  0.12066589 -0.0789642  -0.06936474  0.16706286 -0.065984
   0.14978875 -0.00335743 -0.04851834 -0.04584401 -0.03724106  0.09589894
  -0.02502648 -0.02660898 -0.01367644 -0.0764836   0.05626095 -0.04176776
  -0.07091856 -0.0613497 ]]
[[ 0.04451449 -0.08159015 -0.09033668 -0.07758366  0.13543762  0.03154832
   0.09704548  0.13374716  0.10592931  0.05230871  0.05573362 -0.06623366
   0.00878308  0.08118261 -0.11512323 -0.05803481  0.09395267  0.1779362
  -0.0124747  -0.02924929  0.09620874  0.12573041  0.01665508  0.05179722
  -0.0471014   0.11586522  0.09905086  0.01440018  0.00755893 -0.06468742
  -0.0620219  -0.01561443 -0.0679492   0.00861636  0.06041158  0.02297195
   0.13440873 -0.09875292  0.09978984 -0.11488789 -0.03078348 -0.07582866
   0.00147004  0.04703285  0.11872098 -0.03422259 -0.01356118 -0.09307676
  -0.00078139 -0.08220842 -0.12004094  0.01546376  0.06861902 -0.06061889
  -0.03780383  0.18569657 -0.17204346  0.00343989  0.12298828 -0.0706038
   0.19560921  0.08576318  0.17639232 -0.03603185 -0.08810438  0.1557734
   0.0150179  -0.06571059 -0.0757474   0.13913167  0.10076913 -0.0902233
   0.01781544  0.0639194   0.21992098  0.05361948  0.05327204 -0.05725088
   0.12448186 -0.14564845  0.1160168  -0.06663036 -0.11131319  0.16520415
  -0.08716332 -0.13365972  0.10288928  0.00242056  0.04753884 -0.09161173
  -0.07779474  0.08385882  0.13908954 -0.09169726 -0.01025889 -0.12195365
   0.06166763 -0.10816816 -0.10336301  0.14896382 -0.04807149 -0.0922634
  -0.08032195  0.02043277  0.02778485 -0.02012204 -0.05912576 -0.02728206
  -0.07967705 -0.04491572 -0.07190593  0.07530351  0.06867251  0.11041501
   0.01213981  0.00280032 -0.06977054  0.09647025 -0.02772018 -0.07057023
   0.01752817 -0.10329478 -0.06240142 -0.06121802 -0.04339513 -0.03010491
   0.08973843 -0.01669446]
 [ 0.19504677 -0.01920545 -0.03867183 -0.1870016  -0.04302479  0.07970314
  -0.07175283 -0.06579748 -0.09998705 -0.01546244 -0.09601204  0.00618938
  -0.09401786  0.15173258 -0.0598724   0.21578278 -0.07135877  0.08492053
  -0.05828119  0.0960141   0.02550709  0.14014283 -0.10100089  0.05169149
   0.07816888 -0.0708975   0.07750336  0.06782806  0.1283507  -0.05938837
  -0.04232315  0.03713575  0.12209972 -0.05025008 -0.03327763  0.01506266
   0.11044572 -0.07427482  0.1986664  -0.00053819  0.01138007 -0.05105383
  -0.10695925 -0.02022142 -0.05413879 -0.08966169  0.18970737 -0.08792704
  -0.05684152  0.06732772 -0.10244813  0.00354384  0.19354984 -0.00868665
   0.1056952   0.01017453 -0.06431731  0.00908132  0.13972418 -0.08064448
   0.02983386 -0.04815785  0.19645372 -0.06377348  0.15450077  0.18118647
   0.05297092  0.1496241  -0.08049434  0.04721026 -0.03689449  0.0256871
   0.05982082  0.00098446  0.07026147 -0.08211302 -0.03797596 -0.0365505
   0.03869751 -0.07126402  0.021994    0.15268168 -0.07721642 -0.05684306
   0.03401843 -0.0726677  -0.03670064 -0.01277097  0.05738906  0.03822801
   0.09306531  0.01422626  0.02066231 -0.03154172  0.22608402 -0.07856936
  -0.07553671 -0.0700812  -0.07658294  0.05069752  0.01234976  0.03683395
  -0.05403564  0.04848014 -0.07706302  0.10671201 -0.06884488  0.14028288
  -0.00250511  0.12066589 -0.0789642  -0.06936474  0.16706286 -0.065984
   0.14978875 -0.00335743 -0.04851834 -0.04584401 -0.03724106  0.09589894
  -0.02502648 -0.02660898 -0.01367644 -0.0764836   0.05626095 -0.04176776
  -0.07091856 -0.0613497 ]]
