[[ 6.54254854e-02 -9.19133723e-02 -5.78064248e-02 -1.42229721e-01
   1.97432227e-02  1.82916094e-02 -2.65633687e-02  8.04804638e-02
  -1.39119942e-02 -4.94956709e-02 -3.75367701e-02 -4.35971133e-02
  -4.60988954e-02  6.40894622e-02 -8.29180852e-02 -4.58954684e-02
   8.05921257e-02  1.16638094e-01  3.86405503e-03  3.95074598e-02
   1.07974604e-01  1.48973063e-01  5.17744534e-02 -3.69565561e-02
   1.58589810e-01 -4.53766882e-02  1.47544280e-01  1.31253023e-02
   9.99832712e-03 -5.26354164e-02 -6.63337111e-02  1.25688076e-01
   6.41455576e-02 -7.24143088e-02  2.18796151e-04  5.80773130e-02
   1.17826231e-01 -7.53319636e-02  2.06872597e-01 -7.83789679e-02
  -7.49855861e-02 -5.47428057e-02 -8.71053413e-02  1.04888454e-01
  -6.86971331e-03 -7.24547505e-02  4.64015491e-02 -1.00756332e-01
   6.89244121e-02  3.99958063e-03 -1.13884933e-01 -5.77623839e-04
   1.16599187e-01 -4.04787622e-03  4.63986360e-02  1.95798010e-01
  -1.29097432e-01 -4.72075902e-02  9.73375663e-02 -9.83972624e-02
   1.25248775e-01  1.23309359e-01  1.45528585e-01 -9.41364765e-02
  -5.07102273e-02  1.50915682e-01  1.69836339e-02 -2.60615665e-02
  -5.12858443e-02  1.97146460e-01  1.18641034e-01 -7.27598518e-02
   2.99978945e-02 -2.18023434e-02  1.89136043e-01 -5.64749390e-02
   1.11250982e-01 -1.64923836e-02 -1.00486269e-02 -1.01637304e-01
   1.86811537e-01 -5.69040924e-02 -9.67759788e-02  1.86487287e-01
  -2.65429392e-02 -1.52264655e-01  1.45058438e-01  1.04478396e-01
   9.90321636e-02 -2.55892798e-02 -8.27648640e-02  1.35019556e-01
   1.83842018e-01 -7.15901256e-02  1.39125869e-01 -6.10972792e-02
   1.75930150e-02 -7.10910633e-02 -4.69009727e-02  4.83644893e-03
   3.98328044e-02 -6.77935630e-02 -4.02089506e-02 -6.76342919e-02
  -3.03541645e-02 -8.87985900e-02 -6.76616207e-02  4.00572084e-02
   4.61388566e-03  6.44390136e-02  3.31526436e-02 -3.13291582e-03
   1.29284620e-01  1.51154354e-01  8.76007453e-02 -4.88264225e-02
   1.68951508e-02  5.93741089e-02 -7.30603039e-02 -7.29043633e-02
  -2.77801286e-02 -1.63723398e-02  3.34376879e-02 -5.56186587e-02
   9.72235575e-03  2.86940560e-02  7.09426999e-02 -6.46130368e-02]
 [ 1.94445372e-01 -4.94655892e-02 -4.70990576e-02 -2.11910412e-01
  -2.48574317e-02  9.95765552e-02 -7.34402090e-02 -5.51882535e-02
  -8.73004794e-02 -4.27761115e-02 -9.75172371e-02  2.86456198e-02
  -1.06286846e-01  1.08928755e-01 -7.46610239e-02  1.50046185e-01
  -5.42008840e-02  1.00664988e-01 -6.59331158e-02  5.35248145e-02
   5.98686934e-02  1.41832411e-01 -7.83838332e-02  3.66655104e-02
   9.20501128e-02 -6.20321035e-02  1.14052758e-01  8.48064423e-02
   1.19197190e-01 -6.69074506e-02 -3.69085446e-02  6.53728768e-02
   9.56940800e-02 -3.38109136e-02 -3.34528610e-02  3.57353464e-02
   8.97356719e-02 -8.07767734e-02  1.55370772e-01 -6.20901305e-03
   2.08074320e-02 -5.36369011e-02 -1.06201582e-01 -3.37058753e-02
  -3.80989164e-02 -9.23276469e-02  1.76409751e-01 -9.10391957e-02
  -6.23557009e-02  5.72505631e-02 -1.04771152e-01 -1.08992867e-02
   1.60780013e-01 -4.98081651e-03  8.61161277e-02 -1.15699684e-02
  -8.79842713e-02  1.77956000e-02  1.47007883e-01 -8.64921585e-02
   5.21407537e-02 -5.87979183e-02  2.32595935e-01 -7.86637664e-02
   2.08940342e-01  1.86100289e-01  8.75841007e-02  1.29064366e-01
  -8.79169777e-02  8.20392221e-02 -3.87706757e-02 -2.65348982e-03
   6.40937835e-02 -1.76003892e-02  8.32899809e-02 -8.57821479e-02
  -1.09807681e-02 -4.65330891e-02  7.92095363e-02 -8.96107852e-02
   6.08512014e-02  1.49062172e-01 -8.54173526e-02 -4.72156219e-02
  -1.58316381e-02 -7.97033757e-02 -2.71882676e-02 -1.97180342e-02
   1.14100829e-01 -9.93652735e-03  3.11852265e-02  4.73950553e-04
   1.27966991e-02 -4.78588417e-02  2.03155398e-01 -8.46484005e-02
  -7.66692832e-02 -8.18586648e-02 -8.48316774e-02  6.17046580e-02
   4.74724360e-03 -8.52751918e-03 -5.82195446e-02  9.18631703e-02
  -8.20219442e-02  9.10445079e-02 -7.45266750e-02  1.30598068e-01
  -2.84186695e-02  1.26763865e-01 -7.37132803e-02 -7.10851476e-02
   1.57394543e-01 -5.21468855e-02  1.26080289e-01 -3.47201340e-02
  -4.93243821e-02 -3.58567201e-02 -6.65794984e-02  7.96074495e-02
  -1.12176193e-02  2.19234359e-03 -1.43115572e-03 -8.02719742e-02
   6.30424842e-02 -2.88991816e-02 -8.10251459e-02 -5.34284525e-02]]
[[ 6.54254854e-02 -9.19133723e-02 -5.78064248e-02 -1.42229721e-01
   1.97432227e-02  1.82916094e-02 -2.65633687e-02  8.04804638e-02
  -1.39119942e-02 -4.94956709e-02 -3.75367701e-02 -4.35971133e-02
  -4.60988954e-02  6.40894622e-02 -8.29180852e-02 -4.58954684e-02
   8.05921257e-02  1.16638094e-01  3.86405503e-03  3.95074598e-02
   1.07974604e-01  1.48973063e-01  5.17744534e-02 -3.69565561e-02
   1.58589810e-01 -4.53766882e-02  1.47544280e-01  1.31253023e-02
   9.99832712e-03 -5.26354164e-02 -6.63337111e-02  1.25688076e-01
   6.41455576e-02 -7.24143088e-02  2.18796151e-04  5.80773130e-02
   1.17826231e-01 -7.53319636e-02  2.06872597e-01 -7.83789679e-02
  -7.49855861e-02 -5.47428057e-02 -8.71053413e-02  1.04888454e-01
  -6.86971331e-03 -7.24547505e-02  4.64015491e-02 -1.00756332e-01
   6.89244121e-02  3.99958063e-03 -1.13884933e-01 -5.77623839e-04
   1.16599187e-01 -4.04787622e-03  4.63986360e-02  1.95798010e-01
  -1.29097432e-01 -4.72075902e-02  9.73375663e-02 -9.83972624e-02
   1.25248775e-01  1.23309359e-01  1.45528585e-01 -9.41364765e-02
  -5.07102273e-02  1.50915682e-01  1.69836339e-02 -2.60615665e-02
  -5.12858443e-02  1.97146460e-01  1.18641034e-01 -7.27598518e-02
   2.99978945e-02 -2.18023434e-02  1.89136043e-01 -5.64749390e-02
   1.11250982e-01 -1.64923836e-02 -1.00486269e-02 -1.01637304e-01
   1.86811537e-01 -5.69040924e-02 -9.67759788e-02  1.86487287e-01
  -2.65429392e-02 -1.52264655e-01  1.45058438e-01  1.04478396e-01
   9.90321636e-02 -2.55892798e-02 -8.27648640e-02  1.35019556e-01
   1.83842018e-01 -7.15901256e-02  1.39125869e-01 -6.10972792e-02
   1.75930150e-02 -7.10910633e-02 -4.69009727e-02  4.83644893e-03
   3.98328044e-02 -6.77935630e-02 -4.02089506e-02 -6.76342919e-02
  -3.03541645e-02 -8.87985900e-02 -6.76616207e-02  4.00572084e-02
   4.61388566e-03  6.44390136e-02  3.31526436e-02 -3.13291582e-03
   1.29284620e-01  1.51154354e-01  8.76007453e-02 -4.88264225e-02
   1.68951508e-02  5.93741089e-02 -7.30603039e-02 -7.29043633e-02
  -2.77801286e-02 -1.63723398e-02  3.34376879e-02 -5.56186587e-02
   9.72235575e-03  2.86940560e-02  7.09426999e-02 -6.46130368e-02]
 [ 1.94445372e-01 -4.94655892e-02 -4.70990576e-02 -2.11910412e-01
  -2.48574317e-02  9.95765552e-02 -7.34402090e-02 -5.51882535e-02
  -8.73004794e-02 -4.27761115e-02 -9.75172371e-02  2.86456198e-02
  -1.06286846e-01  1.08928755e-01 -7.46610239e-02  1.50046185e-01
  -5.42008840e-02  1.00664988e-01 -6.59331158e-02  5.35248145e-02
   5.98686934e-02  1.41832411e-01 -7.83838332e-02  3.66655104e-02
   9.20501128e-02 -6.20321035e-02  1.14052758e-01  8.48064423e-02
   1.19197190e-01 -6.69074506e-02 -3.69085446e-02  6.53728768e-02
   9.56940800e-02 -3.38109136e-02 -3.34528610e-02  3.57353464e-02
   8.97356719e-02 -8.07767734e-02  1.55370772e-01 -6.20901305e-03
   2.08074320e-02 -5.36369011e-02 -1.06201582e-01 -3.37058753e-02
  -3.80989164e-02 -9.23276469e-02  1.76409751e-01 -9.10391957e-02
  -6.23557009e-02  5.72505631e-02 -1.04771152e-01 -1.08992867e-02
   1.60780013e-01 -4.98081651e-03  8.61161277e-02 -1.15699684e-02
  -8.79842713e-02  1.77956000e-02  1.47007883e-01 -8.64921585e-02
   5.21407537e-02 -5.87979183e-02  2.32595935e-01 -7.86637664e-02
   2.08940342e-01  1.86100289e-01  8.75841007e-02  1.29064366e-01
  -8.79169777e-02  8.20392221e-02 -3.87706757e-02 -2.65348982e-03
   6.40937835e-02 -1.76003892e-02  8.32899809e-02 -8.57821479e-02
  -1.09807681e-02 -4.65330891e-02  7.92095363e-02 -8.96107852e-02
   6.08512014e-02  1.49062172e-01 -8.54173526e-02 -4.72156219e-02
  -1.58316381e-02 -7.97033757e-02 -2.71882676e-02 -1.97180342e-02
   1.14100829e-01 -9.93652735e-03  3.11852265e-02  4.73950553e-04
   1.27966991e-02 -4.78588417e-02  2.03155398e-01 -8.46484005e-02
  -7.66692832e-02 -8.18586648e-02 -8.48316774e-02  6.17046580e-02
   4.74724360e-03 -8.52751918e-03 -5.82195446e-02  9.18631703e-02
  -8.20219442e-02  9.10445079e-02 -7.45266750e-02  1.30598068e-01
  -2.84186695e-02  1.26763865e-01 -7.37132803e-02 -7.10851476e-02
   1.57394543e-01 -5.21468855e-02  1.26080289e-01 -3.47201340e-02
  -4.93243821e-02 -3.58567201e-02 -6.65794984e-02  7.96074495e-02
  -1.12176193e-02  2.19234359e-03 -1.43115572e-03 -8.02719742e-02
   6.30424842e-02 -2.88991816e-02 -8.10251459e-02 -5.34284525e-02]]
[[ 6.54254854e-02 -9.19133723e-02 -5.78064248e-02 -1.42229721e-01
   1.97432227e-02  1.82916094e-02 -2.65633687e-02  8.04804638e-02
  -1.39119942e-02 -4.94956709e-02 -3.75367701e-02 -4.35971133e-02
  -4.60988954e-02  6.40894622e-02 -8.29180852e-02 -4.58954684e-02
   8.05921257e-02  1.16638094e-01  3.86405503e-03  3.95074598e-02
   1.07974604e-01  1.48973063e-01  5.17744534e-02 -3.69565561e-02
   1.58589810e-01 -4.53766882e-02  1.47544280e-01  1.31253023e-02
   9.99832712e-03 -5.26354164e-02 -6.63337111e-02  1.25688076e-01
   6.41455576e-02 -7.24143088e-02  2.18796151e-04  5.80773130e-02
   1.17826231e-01 -7.53319636e-02  2.06872597e-01 -7.83789679e-02
  -7.49855861e-02 -5.47428057e-02 -8.71053413e-02  1.04888454e-01
  -6.86971331e-03 -7.24547505e-02  4.64015491e-02 -1.00756332e-01
   6.89244121e-02  3.99958063e-03 -1.13884933e-01 -5.77623839e-04
   1.16599187e-01 -4.04787622e-03  4.63986360e-02  1.95798010e-01
  -1.29097432e-01 -4.72075902e-02  9.73375663e-02 -9.83972624e-02
   1.25248775e-01  1.23309359e-01  1.45528585e-01 -9.41364765e-02
  -5.07102273e-02  1.50915682e-01  1.69836339e-02 -2.60615665e-02
  -5.12858443e-02  1.97146460e-01  1.18641034e-01 -7.27598518e-02
   2.99978945e-02 -2.18023434e-02  1.89136043e-01 -5.64749390e-02
   1.11250982e-01 -1.64923836e-02 -1.00486269e-02 -1.01637304e-01
   1.86811537e-01 -5.69040924e-02 -9.67759788e-02  1.86487287e-01
  -2.65429392e-02 -1.52264655e-01  1.45058438e-01  1.04478396e-01
   9.90321636e-02 -2.55892798e-02 -8.27648640e-02  1.35019556e-01
   1.83842018e-01 -7.15901256e-02  1.39125869e-01 -6.10972792e-02
   1.75930150e-02 -7.10910633e-02 -4.69009727e-02  4.83644893e-03
   3.98328044e-02 -6.77935630e-02 -4.02089506e-02 -6.76342919e-02
  -3.03541645e-02 -8.87985900e-02 -6.76616207e-02  4.00572084e-02
   4.61388566e-03  6.44390136e-02  3.31526436e-02 -3.13291582e-03
   1.29284620e-01  1.51154354e-01  8.76007453e-02 -4.88264225e-02
   1.68951508e-02  5.93741089e-02 -7.30603039e-02 -7.29043633e-02
  -2.77801286e-02 -1.63723398e-02  3.34376879e-02 -5.56186587e-02
   9.72235575e-03  2.86940560e-02  7.09426999e-02 -6.46130368e-02]
 [ 1.94445372e-01 -4.94655892e-02 -4.70990576e-02 -2.11910412e-01
  -2.48574317e-02  9.95765552e-02 -7.34402090e-02 -5.51882535e-02
  -8.73004794e-02 -4.27761115e-02 -9.75172371e-02  2.86456198e-02
  -1.06286846e-01  1.08928755e-01 -7.46610239e-02  1.50046185e-01
  -5.42008840e-02  1.00664988e-01 -6.59331158e-02  5.35248145e-02
   5.98686934e-02  1.41832411e-01 -7.83838332e-02  3.66655104e-02
   9.20501128e-02 -6.20321035e-02  1.14052758e-01  8.48064423e-02
   1.19197190e-01 -6.69074506e-02 -3.69085446e-02  6.53728768e-02
   9.56940800e-02 -3.38109136e-02 -3.34528610e-02  3.57353464e-02
   8.97356719e-02 -8.07767734e-02  1.55370772e-01 -6.20901305e-03
   2.08074320e-02 -5.36369011e-02 -1.06201582e-01 -3.37058753e-02
  -3.80989164e-02 -9.23276469e-02  1.76409751e-01 -9.10391957e-02
  -6.23557009e-02  5.72505631e-02 -1.04771152e-01 -1.08992867e-02
   1.60780013e-01 -4.98081651e-03  8.61161277e-02 -1.15699684e-02
  -8.79842713e-02  1.77956000e-02  1.47007883e-01 -8.64921585e-02
   5.21407537e-02 -5.87979183e-02  2.32595935e-01 -7.86637664e-02
   2.08940342e-01  1.86100289e-01  8.75841007e-02  1.29064366e-01
  -8.79169777e-02  8.20392221e-02 -3.87706757e-02 -2.65348982e-03
   6.40937835e-02 -1.76003892e-02  8.32899809e-02 -8.57821479e-02
  -1.09807681e-02 -4.65330891e-02  7.92095363e-02 -8.96107852e-02
   6.08512014e-02  1.49062172e-01 -8.54173526e-02 -4.72156219e-02
  -1.58316381e-02 -7.97033757e-02 -2.71882676e-02 -1.97180342e-02
   1.14100829e-01 -9.93652735e-03  3.11852265e-02  4.73950553e-04
   1.27966991e-02 -4.78588417e-02  2.03155398e-01 -8.46484005e-02
  -7.66692832e-02 -8.18586648e-02 -8.48316774e-02  6.17046580e-02
   4.74724360e-03 -8.52751918e-03 -5.82195446e-02  9.18631703e-02
  -8.20219442e-02  9.10445079e-02 -7.45266750e-02  1.30598068e-01
  -2.84186695e-02  1.26763865e-01 -7.37132803e-02 -7.10851476e-02
   1.57394543e-01 -5.21468855e-02  1.26080289e-01 -3.47201340e-02
  -4.93243821e-02 -3.58567201e-02 -6.65794984e-02  7.96074495e-02
  -1.12176193e-02  2.19234359e-03 -1.43115572e-03 -8.02719742e-02
   6.30424842e-02 -2.88991816e-02 -8.10251459e-02 -5.34284525e-02]]
[[ 6.54254854e-02 -9.19133723e-02 -5.78064248e-02 -1.42229721e-01
   1.97432227e-02  1.82916094e-02 -2.65633687e-02  8.04804638e-02
  -1.39119942e-02 -4.94956709e-02 -3.75367701e-02 -4.35971133e-02
  -4.60988954e-02  6.40894622e-02 -8.29180852e-02 -4.58954684e-02
   8.05921257e-02  1.16638094e-01  3.86405503e-03  3.95074598e-02
   1.07974604e-01  1.48973063e-01  5.17744534e-02 -3.69565561e-02
   1.58589810e-01 -4.53766882e-02  1.47544280e-01  1.31253023e-02
   9.99832712e-03 -5.26354164e-02 -6.63337111e-02  1.25688076e-01
   6.41455576e-02 -7.24143088e-02  2.18796151e-04  5.80773130e-02
   1.17826231e-01 -7.53319636e-02  2.06872597e-01 -7.83789679e-02
  -7.49855861e-02 -5.47428057e-02 -8.71053413e-02  1.04888454e-01
  -6.86971331e-03 -7.24547505e-02  4.64015491e-02 -1.00756332e-01
   6.89244121e-02  3.99958063e-03 -1.13884933e-01 -5.77623839e-04
   1.16599187e-01 -4.04787622e-03  4.63986360e-02  1.95798010e-01
  -1.29097432e-01 -4.72075902e-02  9.73375663e-02 -9.83972624e-02
   1.25248775e-01  1.23309359e-01  1.45528585e-01 -9.41364765e-02
  -5.07102273e-02  1.50915682e-01  1.69836339e-02 -2.60615665e-02
  -5.12858443e-02  1.97146460e-01  1.18641034e-01 -7.27598518e-02
   2.99978945e-02 -2.18023434e-02  1.89136043e-01 -5.64749390e-02
   1.11250982e-01 -1.64923836e-02 -1.00486269e-02 -1.01637304e-01
   1.86811537e-01 -5.69040924e-02 -9.67759788e-02  1.86487287e-01
  -2.65429392e-02 -1.52264655e-01  1.45058438e-01  1.04478396e-01
   9.90321636e-02 -2.55892798e-02 -8.27648640e-02  1.35019556e-01
   1.83842018e-01 -7.15901256e-02  1.39125869e-01 -6.10972792e-02
   1.75930150e-02 -7.10910633e-02 -4.69009727e-02  4.83644893e-03
   3.98328044e-02 -6.77935630e-02 -4.02089506e-02 -6.76342919e-02
  -3.03541645e-02 -8.87985900e-02 -6.76616207e-02  4.00572084e-02
   4.61388566e-03  6.44390136e-02  3.31526436e-02 -3.13291582e-03
   1.29284620e-01  1.51154354e-01  8.76007453e-02 -4.88264225e-02
   1.68951508e-02  5.93741089e-02 -7.30603039e-02 -7.29043633e-02
  -2.77801286e-02 -1.63723398e-02  3.34376879e-02 -5.56186587e-02
   9.72235575e-03  2.86940560e-02  7.09426999e-02 -6.46130368e-02]
 [ 1.94445372e-01 -4.94655892e-02 -4.70990576e-02 -2.11910412e-01
  -2.48574317e-02  9.95765552e-02 -7.34402090e-02 -5.51882535e-02
  -8.73004794e-02 -4.27761115e-02 -9.75172371e-02  2.86456198e-02
  -1.06286846e-01  1.08928755e-01 -7.46610239e-02  1.50046185e-01
  -5.42008840e-02  1.00664988e-01 -6.59331158e-02  5.35248145e-02
   5.98686934e-02  1.41832411e-01 -7.83838332e-02  3.66655104e-02
   9.20501128e-02 -6.20321035e-02  1.14052758e-01  8.48064423e-02
   1.19197190e-01 -6.69074506e-02 -3.69085446e-02  6.53728768e-02
   9.56940800e-02 -3.38109136e-02 -3.34528610e-02  3.57353464e-02
   8.97356719e-02 -8.07767734e-02  1.55370772e-01 -6.20901305e-03
   2.08074320e-02 -5.36369011e-02 -1.06201582e-01 -3.37058753e-02
  -3.80989164e-02 -9.23276469e-02  1.76409751e-01 -9.10391957e-02
  -6.23557009e-02  5.72505631e-02 -1.04771152e-01 -1.08992867e-02
   1.60780013e-01 -4.98081651e-03  8.61161277e-02 -1.15699684e-02
  -8.79842713e-02  1.77956000e-02  1.47007883e-01 -8.64921585e-02
   5.21407537e-02 -5.87979183e-02  2.32595935e-01 -7.86637664e-02
   2.08940342e-01  1.86100289e-01  8.75841007e-02  1.29064366e-01
  -8.79169777e-02  8.20392221e-02 -3.87706757e-02 -2.65348982e-03
   6.40937835e-02 -1.76003892e-02  8.32899809e-02 -8.57821479e-02
  -1.09807681e-02 -4.65330891e-02  7.92095363e-02 -8.96107852e-02
   6.08512014e-02  1.49062172e-01 -8.54173526e-02 -4.72156219e-02
  -1.58316381e-02 -7.97033757e-02 -2.71882676e-02 -1.97180342e-02
   1.14100829e-01 -9.93652735e-03  3.11852265e-02  4.73950553e-04
   1.27966991e-02 -4.78588417e-02  2.03155398e-01 -8.46484005e-02
  -7.66692832e-02 -8.18586648e-02 -8.48316774e-02  6.17046580e-02
   4.74724360e-03 -8.52751918e-03 -5.82195446e-02  9.18631703e-02
  -8.20219442e-02  9.10445079e-02 -7.45266750e-02  1.30598068e-01
  -2.84186695e-02  1.26763865e-01 -7.37132803e-02 -7.10851476e-02
   1.57394543e-01 -5.21468855e-02  1.26080289e-01 -3.47201340e-02
  -4.93243821e-02 -3.58567201e-02 -6.65794984e-02  7.96074495e-02
  -1.12176193e-02  2.19234359e-03 -1.43115572e-03 -8.02719742e-02
   6.30424842e-02 -2.88991816e-02 -8.10251459e-02 -5.34284525e-02]]
