[[-1.82284769e-02 -5.82235977e-02 -3.12751308e-02 -9.59961340e-02
   5.43108284e-02 -2.97365971e-02 -4.12893146e-02 -4.81946301e-03
   4.66528311e-02 -4.63585071e-02 -3.51577513e-02 -7.45965764e-02
  -1.63740180e-02  9.82153863e-02 -8.07844475e-02 -1.99599806e-02
   7.98781365e-02  7.17372820e-02  7.40138162e-03  1.62536930e-02
   1.93720028e-01  1.49511412e-01  1.52891371e-02  1.13829963e-01
   9.36389938e-02 -5.90835549e-02  1.91434890e-01 -4.65509668e-02
   3.04960529e-03 -6.32676482e-02 -5.15212119e-02  7.79685602e-02
   5.73037155e-02 -3.58902961e-02  2.67768325e-03  1.25319101e-02
   1.84004694e-01 -5.18935844e-02  2.93841034e-01 -8.41451436e-02
  -6.63040578e-02 -3.01093385e-02 -6.43002987e-02  4.10145931e-02
   4.40098979e-02 -7.20954910e-02  3.86617891e-02 -7.69409016e-02
   1.64627619e-02  3.69288400e-02 -1.01160251e-01  3.72307673e-02
   1.72083676e-01 -6.44966736e-02  4.42720279e-02  2.06334919e-01
  -1.11631632e-01 -7.30748177e-02  1.07281812e-01 -8.27177316e-02
   6.39921129e-02  1.49095044e-01  1.79037243e-01 -7.98672810e-02
  -5.63116297e-02  1.57611609e-01 -2.10618395e-02 -2.35832706e-02
  -2.87544057e-02  2.07943410e-01  6.66685477e-02 -7.60095939e-02
   5.03789112e-02 -7.11780563e-02  1.00995533e-01 -7.93735832e-02
   1.55452251e-01 -1.73831210e-02  1.14653725e-02 -1.08788654e-01
   1.93364009e-01 -4.58666794e-02 -8.12899023e-02  1.10152587e-01
  -1.27638932e-02 -1.28948286e-01  5.66351227e-02  1.10808186e-01
   6.27654716e-02 -3.11146025e-02 -8.53273571e-02  1.67273834e-01
   8.06819201e-02 -6.22632578e-02  1.08801745e-01 -1.04374075e-02
   3.52388844e-02 -6.01452030e-02 -7.16261268e-02  2.61954330e-02
   6.15004916e-03 -5.97537793e-02 -4.17019576e-02 -5.61553016e-02
  -6.25286400e-02 -7.73461461e-02 -7.31766745e-02  5.38504571e-02
  -8.06593057e-03  7.45417103e-02 -4.17308509e-03  4.67214733e-03
   1.72881901e-01  1.24701738e-01  1.62206575e-01 -4.06424850e-02
  -4.21162024e-02  1.26266941e-01 -5.24356067e-02 -6.08736612e-02
   3.36130634e-02 -4.92758155e-02  3.74398753e-02 -4.99433354e-02
   2.43566576e-02 -2.64663082e-02  6.69787824e-02 -1.80135202e-02]
 [ 1.71963662e-01 -5.19555323e-02 -5.03734723e-02 -2.13644251e-01
  -1.50966104e-02  1.13026090e-01 -6.88479543e-02 -6.36591762e-02
  -8.36929157e-02 -3.14002447e-02 -9.66700166e-02 -1.69500374e-04
  -9.51727256e-02  9.64633524e-02 -5.40485941e-02  1.46039724e-01
  -6.38785735e-02  1.21776089e-01 -6.04761802e-02  7.26481751e-02
   9.16902423e-02  1.51991934e-01 -6.63186759e-02  6.00155964e-02
   1.32932350e-01 -6.80733994e-02  1.08544081e-01  8.22347477e-02
   1.21961012e-01 -6.61064833e-02 -7.02092657e-04  3.39719802e-02
   9.79371592e-02 -1.68565791e-02 -2.05666628e-02  7.01469108e-02
   1.17224835e-01 -8.02581906e-02  1.79545969e-01 -1.73993025e-03
   1.19608110e-02 -5.41964360e-02 -1.06166750e-01  1.30750553e-03
  -4.82676104e-02 -8.06539133e-02  2.05427453e-01 -8.81668478e-02
  -5.25180809e-02  6.36110008e-02 -9.83574167e-02 -2.24929750e-02
   2.02789903e-01 -1.38915787e-02  1.22394033e-01 -1.05386768e-02
  -8.42572302e-02  1.64482035e-02  1.25690207e-01 -8.49882066e-02
   6.74813986e-02 -5.03777191e-02  2.02900767e-01 -6.94407374e-02
   1.53490275e-01  1.81177303e-01  6.31990358e-02  1.21823043e-01
  -8.01691189e-02  9.31763276e-02 -5.31679504e-02 -2.11988539e-02
   7.39733204e-02 -4.45609689e-02  1.04187459e-01 -7.23482147e-02
  -1.99830290e-02 -2.52287667e-02  6.88072070e-02 -9.26010385e-02
   4.44471054e-02  1.08674012e-01 -8.25071260e-02 -3.51773314e-02
   6.72906463e-04 -8.94723758e-02 -2.43650433e-02  2.00551376e-02
   1.12398967e-01  1.01768393e-02  2.33141296e-02  1.41072413e-02
   5.44359833e-02 -6.24828599e-02  2.16183692e-01 -7.88965747e-02
  -6.10471927e-02 -6.51203468e-02 -8.64106566e-02  7.02791438e-02
   9.03927349e-03 -2.84599308e-02 -3.80196869e-02  8.81406888e-02
  -8.38291571e-02  7.28672668e-02 -7.14769959e-02  1.32065639e-01
   7.82072020e-04  1.15709633e-01 -5.67494594e-02 -7.59530440e-02
   1.74577385e-01 -4.59680110e-02  1.23388216e-01 -3.94161120e-02
  -5.52701354e-02 -1.28116133e-02 -7.04840198e-02  8.04761425e-02
  -3.63043137e-02  2.29176991e-02  1.01847230e-02 -7.63175413e-02
   5.82894757e-02 -4.94423471e-02 -8.28024596e-02 -6.04117215e-02]]
[[-1.82284769e-02 -5.82235977e-02 -3.12751308e-02 -9.59961340e-02
   5.43108284e-02 -2.97365971e-02 -4.12893146e-02 -4.81946301e-03
   4.66528311e-02 -4.63585071e-02 -3.51577513e-02 -7.45965764e-02
  -1.63740180e-02  9.82153863e-02 -8.07844475e-02 -1.99599806e-02
   7.98781365e-02  7.17372820e-02  7.40138162e-03  1.62536930e-02
   1.93720028e-01  1.49511412e-01  1.52891371e-02  1.13829963e-01
   9.36389938e-02 -5.90835549e-02  1.91434890e-01 -4.65509668e-02
   3.04960529e-03 -6.32676482e-02 -5.15212119e-02  7.79685602e-02
   5.73037155e-02 -3.58902961e-02  2.67768325e-03  1.25319101e-02
   1.84004694e-01 -5.18935844e-02  2.93841034e-01 -8.41451436e-02
  -6.63040578e-02 -3.01093385e-02 -6.43002987e-02  4.10145931e-02
   4.40098979e-02 -7.20954910e-02  3.86617891e-02 -7.69409016e-02
   1.64627619e-02  3.69288400e-02 -1.01160251e-01  3.72307673e-02
   1.72083676e-01 -6.44966736e-02  4.42720279e-02  2.06334919e-01
  -1.11631632e-01 -7.30748177e-02  1.07281812e-01 -8.27177316e-02
   6.39921129e-02  1.49095044e-01  1.79037243e-01 -7.98672810e-02
  -5.63116297e-02  1.57611609e-01 -2.10618395e-02 -2.35832706e-02
  -2.87544057e-02  2.07943410e-01  6.66685477e-02 -7.60095939e-02
   5.03789112e-02 -7.11780563e-02  1.00995533e-01 -7.93735832e-02
   1.55452251e-01 -1.73831210e-02  1.14653725e-02 -1.08788654e-01
   1.93364009e-01 -4.58666794e-02 -8.12899023e-02  1.10152587e-01
  -1.27638932e-02 -1.28948286e-01  5.66351227e-02  1.10808186e-01
   6.27654716e-02 -3.11146025e-02 -8.53273571e-02  1.67273834e-01
   8.06819201e-02 -6.22632578e-02  1.08801745e-01 -1.04374075e-02
   3.52388844e-02 -6.01452030e-02 -7.16261268e-02  2.61954330e-02
   6.15004916e-03 -5.97537793e-02 -4.17019576e-02 -5.61553016e-02
  -6.25286400e-02 -7.73461461e-02 -7.31766745e-02  5.38504571e-02
  -8.06593057e-03  7.45417103e-02 -4.17308509e-03  4.67214733e-03
   1.72881901e-01  1.24701738e-01  1.62206575e-01 -4.06424850e-02
  -4.21162024e-02  1.26266941e-01 -5.24356067e-02 -6.08736612e-02
   3.36130634e-02 -4.92758155e-02  3.74398753e-02 -4.99433354e-02
   2.43566576e-02 -2.64663082e-02  6.69787824e-02 -1.80135202e-02]
 [ 1.71963662e-01 -5.19555323e-02 -5.03734723e-02 -2.13644251e-01
  -1.50966104e-02  1.13026090e-01 -6.88479543e-02 -6.36591762e-02
  -8.36929157e-02 -3.14002447e-02 -9.66700166e-02 -1.69500374e-04
  -9.51727256e-02  9.64633524e-02 -5.40485941e-02  1.46039724e-01
  -6.38785735e-02  1.21776089e-01 -6.04761802e-02  7.26481751e-02
   9.16902423e-02  1.51991934e-01 -6.63186759e-02  6.00155964e-02
   1.32932350e-01 -6.80733994e-02  1.08544081e-01  8.22347477e-02
   1.21961012e-01 -6.61064833e-02 -7.02092657e-04  3.39719802e-02
   9.79371592e-02 -1.68565791e-02 -2.05666628e-02  7.01469108e-02
   1.17224835e-01 -8.02581906e-02  1.79545969e-01 -1.73993025e-03
   1.19608110e-02 -5.41964360e-02 -1.06166750e-01  1.30750553e-03
  -4.82676104e-02 -8.06539133e-02  2.05427453e-01 -8.81668478e-02
  -5.25180809e-02  6.36110008e-02 -9.83574167e-02 -2.24929750e-02
   2.02789903e-01 -1.38915787e-02  1.22394033e-01 -1.05386768e-02
  -8.42572302e-02  1.64482035e-02  1.25690207e-01 -8.49882066e-02
   6.74813986e-02 -5.03777191e-02  2.02900767e-01 -6.94407374e-02
   1.53490275e-01  1.81177303e-01  6.31990358e-02  1.21823043e-01
  -8.01691189e-02  9.31763276e-02 -5.31679504e-02 -2.11988539e-02
   7.39733204e-02 -4.45609689e-02  1.04187459e-01 -7.23482147e-02
  -1.99830290e-02 -2.52287667e-02  6.88072070e-02 -9.26010385e-02
   4.44471054e-02  1.08674012e-01 -8.25071260e-02 -3.51773314e-02
   6.72906463e-04 -8.94723758e-02 -2.43650433e-02  2.00551376e-02
   1.12398967e-01  1.01768393e-02  2.33141296e-02  1.41072413e-02
   5.44359833e-02 -6.24828599e-02  2.16183692e-01 -7.88965747e-02
  -6.10471927e-02 -6.51203468e-02 -8.64106566e-02  7.02791438e-02
   9.03927349e-03 -2.84599308e-02 -3.80196869e-02  8.81406888e-02
  -8.38291571e-02  7.28672668e-02 -7.14769959e-02  1.32065639e-01
   7.82072020e-04  1.15709633e-01 -5.67494594e-02 -7.59530440e-02
   1.74577385e-01 -4.59680110e-02  1.23388216e-01 -3.94161120e-02
  -5.52701354e-02 -1.28116133e-02 -7.04840198e-02  8.04761425e-02
  -3.63043137e-02  2.29176991e-02  1.01847230e-02 -7.63175413e-02
   5.82894757e-02 -4.94423471e-02 -8.28024596e-02 -6.04117215e-02]]
[[-1.82284769e-02 -5.82235977e-02 -3.12751308e-02 -9.59961340e-02
   5.43108284e-02 -2.97365971e-02 -4.12893146e-02 -4.81946301e-03
   4.66528311e-02 -4.63585071e-02 -3.51577513e-02 -7.45965764e-02
  -1.63740180e-02  9.82153863e-02 -8.07844475e-02 -1.99599806e-02
   7.98781365e-02  7.17372820e-02  7.40138162e-03  1.62536930e-02
   1.93720028e-01  1.49511412e-01  1.52891371e-02  1.13829963e-01
   9.36389938e-02 -5.90835549e-02  1.91434890e-01 -4.65509668e-02
   3.04960529e-03 -6.32676482e-02 -5.15212119e-02  7.79685602e-02
   5.73037155e-02 -3.58902961e-02  2.67768325e-03  1.25319101e-02
   1.84004694e-01 -5.18935844e-02  2.93841034e-01 -8.41451436e-02
  -6.63040578e-02 -3.01093385e-02 -6.43002987e-02  4.10145931e-02
   4.40098979e-02 -7.20954910e-02  3.86617891e-02 -7.69409016e-02
   1.64627619e-02  3.69288400e-02 -1.01160251e-01  3.72307673e-02
   1.72083676e-01 -6.44966736e-02  4.42720279e-02  2.06334919e-01
  -1.11631632e-01 -7.30748177e-02  1.07281812e-01 -8.27177316e-02
   6.39921129e-02  1.49095044e-01  1.79037243e-01 -7.98672810e-02
  -5.63116297e-02  1.57611609e-01 -2.10618395e-02 -2.35832706e-02
  -2.87544057e-02  2.07943410e-01  6.66685477e-02 -7.60095939e-02
   5.03789112e-02 -7.11780563e-02  1.00995533e-01 -7.93735832e-02
   1.55452251e-01 -1.73831210e-02  1.14653725e-02 -1.08788654e-01
   1.93364009e-01 -4.58666794e-02 -8.12899023e-02  1.10152587e-01
  -1.27638932e-02 -1.28948286e-01  5.66351227e-02  1.10808186e-01
   6.27654716e-02 -3.11146025e-02 -8.53273571e-02  1.67273834e-01
   8.06819201e-02 -6.22632578e-02  1.08801745e-01 -1.04374075e-02
   3.52388844e-02 -6.01452030e-02 -7.16261268e-02  2.61954330e-02
   6.15004916e-03 -5.97537793e-02 -4.17019576e-02 -5.61553016e-02
  -6.25286400e-02 -7.73461461e-02 -7.31766745e-02  5.38504571e-02
  -8.06593057e-03  7.45417103e-02 -4.17308509e-03  4.67214733e-03
   1.72881901e-01  1.24701738e-01  1.62206575e-01 -4.06424850e-02
  -4.21162024e-02  1.26266941e-01 -5.24356067e-02 -6.08736612e-02
   3.36130634e-02 -4.92758155e-02  3.74398753e-02 -4.99433354e-02
   2.43566576e-02 -2.64663082e-02  6.69787824e-02 -1.80135202e-02]
 [ 1.71963662e-01 -5.19555323e-02 -5.03734723e-02 -2.13644251e-01
  -1.50966104e-02  1.13026090e-01 -6.88479543e-02 -6.36591762e-02
  -8.36929157e-02 -3.14002447e-02 -9.66700166e-02 -1.69500374e-04
  -9.51727256e-02  9.64633524e-02 -5.40485941e-02  1.46039724e-01
  -6.38785735e-02  1.21776089e-01 -6.04761802e-02  7.26481751e-02
   9.16902423e-02  1.51991934e-01 -6.63186759e-02  6.00155964e-02
   1.32932350e-01 -6.80733994e-02  1.08544081e-01  8.22347477e-02
   1.21961012e-01 -6.61064833e-02 -7.02092657e-04  3.39719802e-02
   9.79371592e-02 -1.68565791e-02 -2.05666628e-02  7.01469108e-02
   1.17224835e-01 -8.02581906e-02  1.79545969e-01 -1.73993025e-03
   1.19608110e-02 -5.41964360e-02 -1.06166750e-01  1.30750553e-03
  -4.82676104e-02 -8.06539133e-02  2.05427453e-01 -8.81668478e-02
  -5.25180809e-02  6.36110008e-02 -9.83574167e-02 -2.24929750e-02
   2.02789903e-01 -1.38915787e-02  1.22394033e-01 -1.05386768e-02
  -8.42572302e-02  1.64482035e-02  1.25690207e-01 -8.49882066e-02
   6.74813986e-02 -5.03777191e-02  2.02900767e-01 -6.94407374e-02
   1.53490275e-01  1.81177303e-01  6.31990358e-02  1.21823043e-01
  -8.01691189e-02  9.31763276e-02 -5.31679504e-02 -2.11988539e-02
   7.39733204e-02 -4.45609689e-02  1.04187459e-01 -7.23482147e-02
  -1.99830290e-02 -2.52287667e-02  6.88072070e-02 -9.26010385e-02
   4.44471054e-02  1.08674012e-01 -8.25071260e-02 -3.51773314e-02
   6.72906463e-04 -8.94723758e-02 -2.43650433e-02  2.00551376e-02
   1.12398967e-01  1.01768393e-02  2.33141296e-02  1.41072413e-02
   5.44359833e-02 -6.24828599e-02  2.16183692e-01 -7.88965747e-02
  -6.10471927e-02 -6.51203468e-02 -8.64106566e-02  7.02791438e-02
   9.03927349e-03 -2.84599308e-02 -3.80196869e-02  8.81406888e-02
  -8.38291571e-02  7.28672668e-02 -7.14769959e-02  1.32065639e-01
   7.82072020e-04  1.15709633e-01 -5.67494594e-02 -7.59530440e-02
   1.74577385e-01 -4.59680110e-02  1.23388216e-01 -3.94161120e-02
  -5.52701354e-02 -1.28116133e-02 -7.04840198e-02  8.04761425e-02
  -3.63043137e-02  2.29176991e-02  1.01847230e-02 -7.63175413e-02
   5.82894757e-02 -4.94423471e-02 -8.28024596e-02 -6.04117215e-02]]
[[-1.82284769e-02 -5.82235977e-02 -3.12751308e-02 -9.59961340e-02
   5.43108284e-02 -2.97365971e-02 -4.12893146e-02 -4.81946301e-03
   4.66528311e-02 -4.63585071e-02 -3.51577513e-02 -7.45965764e-02
  -1.63740180e-02  9.82153863e-02 -8.07844475e-02 -1.99599806e-02
   7.98781365e-02  7.17372820e-02  7.40138162e-03  1.62536930e-02
   1.93720028e-01  1.49511412e-01  1.52891371e-02  1.13829963e-01
   9.36389938e-02 -5.90835549e-02  1.91434890e-01 -4.65509668e-02
   3.04960529e-03 -6.32676482e-02 -5.15212119e-02  7.79685602e-02
   5.73037155e-02 -3.58902961e-02  2.67768325e-03  1.25319101e-02
   1.84004694e-01 -5.18935844e-02  2.93841034e-01 -8.41451436e-02
  -6.63040578e-02 -3.01093385e-02 -6.43002987e-02  4.10145931e-02
   4.40098979e-02 -7.20954910e-02  3.86617891e-02 -7.69409016e-02
   1.64627619e-02  3.69288400e-02 -1.01160251e-01  3.72307673e-02
   1.72083676e-01 -6.44966736e-02  4.42720279e-02  2.06334919e-01
  -1.11631632e-01 -7.30748177e-02  1.07281812e-01 -8.27177316e-02
   6.39921129e-02  1.49095044e-01  1.79037243e-01 -7.98672810e-02
  -5.63116297e-02  1.57611609e-01 -2.10618395e-02 -2.35832706e-02
  -2.87544057e-02  2.07943410e-01  6.66685477e-02 -7.60095939e-02
   5.03789112e-02 -7.11780563e-02  1.00995533e-01 -7.93735832e-02
   1.55452251e-01 -1.73831210e-02  1.14653725e-02 -1.08788654e-01
   1.93364009e-01 -4.58666794e-02 -8.12899023e-02  1.10152587e-01
  -1.27638932e-02 -1.28948286e-01  5.66351227e-02  1.10808186e-01
   6.27654716e-02 -3.11146025e-02 -8.53273571e-02  1.67273834e-01
   8.06819201e-02 -6.22632578e-02  1.08801745e-01 -1.04374075e-02
   3.52388844e-02 -6.01452030e-02 -7.16261268e-02  2.61954330e-02
   6.15004916e-03 -5.97537793e-02 -4.17019576e-02 -5.61553016e-02
  -6.25286400e-02 -7.73461461e-02 -7.31766745e-02  5.38504571e-02
  -8.06593057e-03  7.45417103e-02 -4.17308509e-03  4.67214733e-03
   1.72881901e-01  1.24701738e-01  1.62206575e-01 -4.06424850e-02
  -4.21162024e-02  1.26266941e-01 -5.24356067e-02 -6.08736612e-02
   3.36130634e-02 -4.92758155e-02  3.74398753e-02 -4.99433354e-02
   2.43566576e-02 -2.64663082e-02  6.69787824e-02 -1.80135202e-02]
 [ 1.71963662e-01 -5.19555323e-02 -5.03734723e-02 -2.13644251e-01
  -1.50966104e-02  1.13026090e-01 -6.88479543e-02 -6.36591762e-02
  -8.36929157e-02 -3.14002447e-02 -9.66700166e-02 -1.69500374e-04
  -9.51727256e-02  9.64633524e-02 -5.40485941e-02  1.46039724e-01
  -6.38785735e-02  1.21776089e-01 -6.04761802e-02  7.26481751e-02
   9.16902423e-02  1.51991934e-01 -6.63186759e-02  6.00155964e-02
   1.32932350e-01 -6.80733994e-02  1.08544081e-01  8.22347477e-02
   1.21961012e-01 -6.61064833e-02 -7.02092657e-04  3.39719802e-02
   9.79371592e-02 -1.68565791e-02 -2.05666628e-02  7.01469108e-02
   1.17224835e-01 -8.02581906e-02  1.79545969e-01 -1.73993025e-03
   1.19608110e-02 -5.41964360e-02 -1.06166750e-01  1.30750553e-03
  -4.82676104e-02 -8.06539133e-02  2.05427453e-01 -8.81668478e-02
  -5.25180809e-02  6.36110008e-02 -9.83574167e-02 -2.24929750e-02
   2.02789903e-01 -1.38915787e-02  1.22394033e-01 -1.05386768e-02
  -8.42572302e-02  1.64482035e-02  1.25690207e-01 -8.49882066e-02
   6.74813986e-02 -5.03777191e-02  2.02900767e-01 -6.94407374e-02
   1.53490275e-01  1.81177303e-01  6.31990358e-02  1.21823043e-01
  -8.01691189e-02  9.31763276e-02 -5.31679504e-02 -2.11988539e-02
   7.39733204e-02 -4.45609689e-02  1.04187459e-01 -7.23482147e-02
  -1.99830290e-02 -2.52287667e-02  6.88072070e-02 -9.26010385e-02
   4.44471054e-02  1.08674012e-01 -8.25071260e-02 -3.51773314e-02
   6.72906463e-04 -8.94723758e-02 -2.43650433e-02  2.00551376e-02
   1.12398967e-01  1.01768393e-02  2.33141296e-02  1.41072413e-02
   5.44359833e-02 -6.24828599e-02  2.16183692e-01 -7.88965747e-02
  -6.10471927e-02 -6.51203468e-02 -8.64106566e-02  7.02791438e-02
   9.03927349e-03 -2.84599308e-02 -3.80196869e-02  8.81406888e-02
  -8.38291571e-02  7.28672668e-02 -7.14769959e-02  1.32065639e-01
   7.82072020e-04  1.15709633e-01 -5.67494594e-02 -7.59530440e-02
   1.74577385e-01 -4.59680110e-02  1.23388216e-01 -3.94161120e-02
  -5.52701354e-02 -1.28116133e-02 -7.04840198e-02  8.04761425e-02
  -3.63043137e-02  2.29176991e-02  1.01847230e-02 -7.63175413e-02
   5.82894757e-02 -4.94423471e-02 -8.28024596e-02 -6.04117215e-02]]
