[[ 0.06326067 -0.08459492 -0.11141419 -0.01825336  0.09093199  0.10655541
  -0.08263371  0.06130678  0.0075825   0.06175255  0.04352933 -0.11685731
  -0.06456585  0.17055582 -0.12046185  0.03894527  0.03002528 -0.05852131
  -0.01583589  0.01957183  0.13658127  0.20083319 -0.04397743  0.10420453
  -0.06744755  0.03289276 -0.08808477 -0.02590975  0.02005322 -0.07106537
  -0.05669712 -0.02325716 -0.03834156  0.0656534   0.08668111  0.05708323
   0.1815727  -0.0689034   0.1070028  -0.11290036  0.00625623 -0.08163664
   0.00394407  0.02851656  0.05076929 -0.06721228  0.09641533 -0.069067
  -0.06576679 -0.04161183 -0.12832694 -0.01813825  0.1701964  -0.0832798
   0.04484994  0.00491985 -0.13789868  0.02827021  0.08922234 -0.06797976
   0.02870059 -0.04749186  0.22895725 -0.01769409 -0.07271889  0.11604726
  -0.06655914 -0.07026489 -0.05038523  0.02096054  0.17139004 -0.03422059
  -0.00119038  0.13044544  0.120853    0.07931659 -0.06880791 -0.07666007
   0.01951325 -0.1188347   0.08620729  0.02926023 -0.10152917  0.06462824
  -0.09264041 -0.05904089 -0.01756059  0.14482948  0.0805681  -0.08580393
  -0.0152154   0.21201171  0.1559827  -0.06514943  0.09759948 -0.14365387
   0.06823743 -0.08470119 -0.10691848  0.09873042 -0.07834961 -0.06495325
  -0.02246866  0.07480302  0.05604497  0.11472063 -0.07311621 -0.09109175
  -0.07132351  0.00608747 -0.11802954  0.15987694 -0.00087537  0.17305325
  -0.02292245 -0.03144697 -0.07579524 -0.05824934  0.12438926  0.00482289
  -0.01475946 -0.11031189 -0.07278628 -0.07417511 -0.0449087  -0.00352776
  -0.02404289  0.12852474]
 [ 0.12198581 -0.06353016 -0.06738182 -0.18450055 -0.05857247  0.0457107
  -0.08100075 -0.03079951 -0.09988519 -0.01786252 -0.09194876 -0.00985982
  -0.09617883  0.10424685 -0.06484409  0.2457897  -0.07702599  0.08643157
  -0.07326464  0.1041187  -0.01049259  0.15038453 -0.12678248  0.01163054
   0.16638304 -0.06486426  0.08043494  0.08307385  0.11104099 -0.06310343
  -0.04329837  0.0692488   0.02567827 -0.08992602 -0.01237254  0.07647628
   0.02664267 -0.07377945  0.14401382 -0.0121734   0.00195559 -0.0350061
  -0.10649525 -0.01016236 -0.05546565 -0.09731976  0.14854597 -0.08785226
  -0.04254502  0.0318586  -0.09883957 -0.01897291  0.23072094  0.011251
   0.05174473  0.03718548 -0.10180417  0.02604418  0.15409678 -0.0695649
   0.06858288 -0.04757735  0.18440302 -0.06989437  0.23531914  0.15814231
   0.04052454  0.15470721 -0.08458855  0.05974717 -0.02743202  0.09653157
   0.03469163  0.08051358  0.06461025 -0.07989563 -0.05716527 -0.04057493
   0.0570765  -0.0387412  -0.03773708  0.12084898 -0.07496395 -0.04765823
  -0.00677707 -0.10059643 -0.01259993 -0.03560389  0.06610146  0.07239217
   0.1482685   0.01363024  0.00583085 -0.01858833  0.18289314 -0.08298174
  -0.08322009 -0.08025653 -0.09514404  0.06200618  0.01261667  0.07485168
  -0.05135962  0.08561975 -0.07772946  0.06732643 -0.05532221  0.13573451
   0.02145479  0.13032745 -0.08496551 -0.08020367  0.08965944 -0.06601369
   0.05797206 -0.03254937 -0.01892038 -0.04459628 -0.06570256  0.15933575
   0.00774743  0.02668071 -0.03185998 -0.07731631  0.05500099 -0.01837194
  -0.06445328 -0.06683715]]
[[ 0.06326067 -0.08459492 -0.11141419 -0.01825336  0.09093199  0.10655541
  -0.08263371  0.06130678  0.0075825   0.06175255  0.04352933 -0.11685731
  -0.06456585  0.17055582 -0.12046185  0.03894527  0.03002528 -0.05852131
  -0.01583589  0.01957183  0.13658127  0.20083319 -0.04397743  0.10420453
  -0.06744755  0.03289276 -0.08808477 -0.02590975  0.02005322 -0.07106537
  -0.05669712 -0.02325716 -0.03834156  0.0656534   0.08668111  0.05708323
   0.1815727  -0.0689034   0.1070028  -0.11290036  0.00625623 -0.08163664
   0.00394407  0.02851656  0.05076929 -0.06721228  0.09641533 -0.069067
  -0.06576679 -0.04161183 -0.12832694 -0.01813825  0.1701964  -0.0832798
   0.04484994  0.00491985 -0.13789868  0.02827021  0.08922234 -0.06797976
   0.02870059 -0.04749186  0.22895725 -0.01769409 -0.07271889  0.11604726
  -0.06655914 -0.07026489 -0.05038523  0.02096054  0.17139004 -0.03422059
  -0.00119038  0.13044544  0.120853    0.07931659 -0.06880791 -0.07666007
   0.01951325 -0.1188347   0.08620729  0.02926023 -0.10152917  0.06462824
  -0.09264041 -0.05904089 -0.01756059  0.14482948  0.0805681  -0.08580393
  -0.0152154   0.21201171  0.1559827  -0.06514943  0.09759948 -0.14365387
   0.06823743 -0.08470119 -0.10691848  0.09873042 -0.07834961 -0.06495325
  -0.02246866  0.07480302  0.05604497  0.11472063 -0.07311621 -0.09109175
  -0.07132351  0.00608747 -0.11802954  0.15987694 -0.00087537  0.17305325
  -0.02292245 -0.03144697 -0.07579524 -0.05824934  0.12438926  0.00482289
  -0.01475946 -0.11031189 -0.07278628 -0.07417511 -0.0449087  -0.00352776
  -0.02404289  0.12852474]
 [ 0.12198581 -0.06353016 -0.06738182 -0.18450055 -0.05857247  0.0457107
  -0.08100075 -0.03079951 -0.09988519 -0.01786252 -0.09194876 -0.00985982
  -0.09617883  0.10424685 -0.06484409  0.2457897  -0.07702599  0.08643157
  -0.07326464  0.1041187  -0.01049259  0.15038453 -0.12678248  0.01163054
   0.16638304 -0.06486426  0.08043494  0.08307385  0.11104099 -0.06310343
  -0.04329837  0.0692488   0.02567827 -0.08992602 -0.01237254  0.07647628
   0.02664267 -0.07377945  0.14401382 -0.0121734   0.00195559 -0.0350061
  -0.10649525 -0.01016236 -0.05546565 -0.09731976  0.14854597 -0.08785226
  -0.04254502  0.0318586  -0.09883957 -0.01897291  0.23072094  0.011251
   0.05174473  0.03718548 -0.10180417  0.02604418  0.15409678 -0.0695649
   0.06858288 -0.04757735  0.18440302 -0.06989437  0.23531914  0.15814231
   0.04052454  0.15470721 -0.08458855  0.05974717 -0.02743202  0.09653157
   0.03469163  0.08051358  0.06461025 -0.07989563 -0.05716527 -0.04057493
   0.0570765  -0.0387412  -0.03773708  0.12084898 -0.07496395 -0.04765823
  -0.00677707 -0.10059643 -0.01259993 -0.03560389  0.06610146  0.07239217
   0.1482685   0.01363024  0.00583085 -0.01858833  0.18289314 -0.08298174
  -0.08322009 -0.08025653 -0.09514404  0.06200618  0.01261667  0.07485168
  -0.05135962  0.08561975 -0.07772946  0.06732643 -0.05532221  0.13573451
   0.02145479  0.13032745 -0.08496551 -0.08020367  0.08965944 -0.06601369
   0.05797206 -0.03254937 -0.01892038 -0.04459628 -0.06570256  0.15933575
   0.00774743  0.02668071 -0.03185998 -0.07731631  0.05500099 -0.01837194
  -0.06445328 -0.06683715]]
[[ 0.06326067 -0.08459492 -0.11141419 -0.01825336  0.09093199  0.10655541
  -0.08263371  0.06130678  0.0075825   0.06175255  0.04352933 -0.11685731
  -0.06456585  0.17055582 -0.12046185  0.03894527  0.03002528 -0.05852131
  -0.01583589  0.01957183  0.13658127  0.20083319 -0.04397743  0.10420453
  -0.06744755  0.03289276 -0.08808477 -0.02590975  0.02005322 -0.07106537
  -0.05669712 -0.02325716 -0.03834156  0.0656534   0.08668111  0.05708323
   0.1815727  -0.0689034   0.1070028  -0.11290036  0.00625623 -0.08163664
   0.00394407  0.02851656  0.05076929 -0.06721228  0.09641533 -0.069067
  -0.06576679 -0.04161183 -0.12832694 -0.01813825  0.1701964  -0.0832798
   0.04484994  0.00491985 -0.13789868  0.02827021  0.08922234 -0.06797976
   0.02870059 -0.04749186  0.22895725 -0.01769409 -0.07271889  0.11604726
  -0.06655914 -0.07026489 -0.05038523  0.02096054  0.17139004 -0.03422059
  -0.00119038  0.13044544  0.120853    0.07931659 -0.06880791 -0.07666007
   0.01951325 -0.1188347   0.08620729  0.02926023 -0.10152917  0.06462824
  -0.09264041 -0.05904089 -0.01756059  0.14482948  0.0805681  -0.08580393
  -0.0152154   0.21201171  0.1559827  -0.06514943  0.09759948 -0.14365387
   0.06823743 -0.08470119 -0.10691848  0.09873042 -0.07834961 -0.06495325
  -0.02246866  0.07480302  0.05604497  0.11472063 -0.07311621 -0.09109175
  -0.07132351  0.00608747 -0.11802954  0.15987694 -0.00087537  0.17305325
  -0.02292245 -0.03144697 -0.07579524 -0.05824934  0.12438926  0.00482289
  -0.01475946 -0.11031189 -0.07278628 -0.07417511 -0.0449087  -0.00352776
  -0.02404289  0.12852474]
 [ 0.12198581 -0.06353016 -0.06738182 -0.18450055 -0.05857247  0.0457107
  -0.08100075 -0.03079951 -0.09988519 -0.01786252 -0.09194876 -0.00985982
  -0.09617883  0.10424685 -0.06484409  0.2457897  -0.07702599  0.08643157
  -0.07326464  0.1041187  -0.01049259  0.15038453 -0.12678248  0.01163054
   0.16638304 -0.06486426  0.08043494  0.08307385  0.11104099 -0.06310343
  -0.04329837  0.0692488   0.02567827 -0.08992602 -0.01237254  0.07647628
   0.02664267 -0.07377945  0.14401382 -0.0121734   0.00195559 -0.0350061
  -0.10649525 -0.01016236 -0.05546565 -0.09731976  0.14854597 -0.08785226
  -0.04254502  0.0318586  -0.09883957 -0.01897291  0.23072094  0.011251
   0.05174473  0.03718548 -0.10180417  0.02604418  0.15409678 -0.0695649
   0.06858288 -0.04757735  0.18440302 -0.06989437  0.23531914  0.15814231
   0.04052454  0.15470721 -0.08458855  0.05974717 -0.02743202  0.09653157
   0.03469163  0.08051358  0.06461025 -0.07989563 -0.05716527 -0.04057493
   0.0570765  -0.0387412  -0.03773708  0.12084898 -0.07496395 -0.04765823
  -0.00677707 -0.10059643 -0.01259993 -0.03560389  0.06610146  0.07239217
   0.1482685   0.01363024  0.00583085 -0.01858833  0.18289314 -0.08298174
  -0.08322009 -0.08025653 -0.09514404  0.06200618  0.01261667  0.07485168
  -0.05135962  0.08561975 -0.07772946  0.06732643 -0.05532221  0.13573451
   0.02145479  0.13032745 -0.08496551 -0.08020367  0.08965944 -0.06601369
   0.05797206 -0.03254937 -0.01892038 -0.04459628 -0.06570256  0.15933575
   0.00774743  0.02668071 -0.03185998 -0.07731631  0.05500099 -0.01837194
  -0.06445328 -0.06683715]]
[[ 0.06326067 -0.08459492 -0.11141419 -0.01825336  0.09093199  0.10655541
  -0.08263371  0.06130678  0.0075825   0.06175255  0.04352933 -0.11685731
  -0.06456585  0.17055582 -0.12046185  0.03894527  0.03002528 -0.05852131
  -0.01583589  0.01957183  0.13658127  0.20083319 -0.04397743  0.10420453
  -0.06744755  0.03289276 -0.08808477 -0.02590975  0.02005322 -0.07106537
  -0.05669712 -0.02325716 -0.03834156  0.0656534   0.08668111  0.05708323
   0.1815727  -0.0689034   0.1070028  -0.11290036  0.00625623 -0.08163664
   0.00394407  0.02851656  0.05076929 -0.06721228  0.09641533 -0.069067
  -0.06576679 -0.04161183 -0.12832694 -0.01813825  0.1701964  -0.0832798
   0.04484994  0.00491985 -0.13789868  0.02827021  0.08922234 -0.06797976
   0.02870059 -0.04749186  0.22895725 -0.01769409 -0.07271889  0.11604726
  -0.06655914 -0.07026489 -0.05038523  0.02096054  0.17139004 -0.03422059
  -0.00119038  0.13044544  0.120853    0.07931659 -0.06880791 -0.07666007
   0.01951325 -0.1188347   0.08620729  0.02926023 -0.10152917  0.06462824
  -0.09264041 -0.05904089 -0.01756059  0.14482948  0.0805681  -0.08580393
  -0.0152154   0.21201171  0.1559827  -0.06514943  0.09759948 -0.14365387
   0.06823743 -0.08470119 -0.10691848  0.09873042 -0.07834961 -0.06495325
  -0.02246866  0.07480302  0.05604497  0.11472063 -0.07311621 -0.09109175
  -0.07132351  0.00608747 -0.11802954  0.15987694 -0.00087537  0.17305325
  -0.02292245 -0.03144697 -0.07579524 -0.05824934  0.12438926  0.00482289
  -0.01475946 -0.11031189 -0.07278628 -0.07417511 -0.0449087  -0.00352776
  -0.02404289  0.12852474]
 [ 0.12198581 -0.06353016 -0.06738182 -0.18450055 -0.05857247  0.0457107
  -0.08100075 -0.03079951 -0.09988519 -0.01786252 -0.09194876 -0.00985982
  -0.09617883  0.10424685 -0.06484409  0.2457897  -0.07702599  0.08643157
  -0.07326464  0.1041187  -0.01049259  0.15038453 -0.12678248  0.01163054
   0.16638304 -0.06486426  0.08043494  0.08307385  0.11104099 -0.06310343
  -0.04329837  0.0692488   0.02567827 -0.08992602 -0.01237254  0.07647628
   0.02664267 -0.07377945  0.14401382 -0.0121734   0.00195559 -0.0350061
  -0.10649525 -0.01016236 -0.05546565 -0.09731976  0.14854597 -0.08785226
  -0.04254502  0.0318586  -0.09883957 -0.01897291  0.23072094  0.011251
   0.05174473  0.03718548 -0.10180417  0.02604418  0.15409678 -0.0695649
   0.06858288 -0.04757735  0.18440302 -0.06989437  0.23531914  0.15814231
   0.04052454  0.15470721 -0.08458855  0.05974717 -0.02743202  0.09653157
   0.03469163  0.08051358  0.06461025 -0.07989563 -0.05716527 -0.04057493
   0.0570765  -0.0387412  -0.03773708  0.12084898 -0.07496395 -0.04765823
  -0.00677707 -0.10059643 -0.01259993 -0.03560389  0.06610146  0.07239217
   0.1482685   0.01363024  0.00583085 -0.01858833  0.18289314 -0.08298174
  -0.08322009 -0.08025653 -0.09514404  0.06200618  0.01261667  0.07485168
  -0.05135962  0.08561975 -0.07772946  0.06732643 -0.05532221  0.13573451
   0.02145479  0.13032745 -0.08496551 -0.08020367  0.08965944 -0.06601369
   0.05797206 -0.03254937 -0.01892038 -0.04459628 -0.06570256  0.15933575
   0.00774743  0.02668071 -0.03185998 -0.07731631  0.05500099 -0.01837194
  -0.06445328 -0.06683715]]
