[[ 6.10070564e-02 -8.41029063e-02 -1.10608004e-01 -2.68460270e-02
   1.22087337e-01  1.36862636e-01 -8.66914839e-02  3.77901532e-02
   3.38219339e-03  2.53046565e-02  7.74053559e-02 -1.17216051e-01
  -7.92627335e-02  1.99815676e-01 -1.13177404e-01  2.17277706e-02
   5.08611836e-02 -5.96315637e-02 -1.13472845e-02  3.60083729e-02
   1.62633315e-01  1.92788988e-01 -4.85287048e-02  8.47962573e-02
  -5.39247356e-02  4.81803380e-02 -1.09764747e-01 -4.66209687e-02
   1.78600587e-02 -8.14767852e-02 -4.68109213e-02 -2.10824255e-02
  -2.30303332e-02  1.20774031e-01  7.24177137e-02  3.72838117e-02
   1.85023084e-01 -5.07264473e-02  7.66599327e-02 -1.01141445e-01
   2.02163085e-02 -9.81266424e-02 -3.06647755e-02  5.08774519e-02
  -9.29748081e-03 -5.45866415e-02  7.27954134e-02 -5.45426346e-02
  -6.74391314e-02 -4.01109830e-02 -1.23885058e-01 -4.61432822e-02
   1.52783394e-01 -6.86471760e-02  9.78865772e-02 -2.87200008e-02
  -1.18571207e-01  7.77454600e-02  7.34552369e-02 -6.88536912e-02
   8.71883333e-03 -8.58417824e-02  2.16358334e-01 -4.69686696e-03
  -7.58263990e-02  1.50216311e-01 -4.34422679e-02 -6.78457394e-02
  -3.37179750e-02  1.46269407e-02  1.80249974e-01 -3.18625458e-02
  -5.85611444e-04  8.82237628e-02  9.03206170e-02  8.27699378e-02
  -8.75769705e-02 -7.61145428e-02  2.20231917e-02 -1.01633042e-01
   5.15873209e-02  3.67321782e-02 -9.96912643e-02  6.34249374e-02
  -1.00268185e-01 -3.48382927e-02 -4.07437887e-03  1.23657964e-01
   9.13600400e-02 -7.64040351e-02  1.45315481e-02  2.16712192e-01
   1.58794105e-01 -6.84980080e-02  1.12899832e-01 -1.28185749e-01
   6.87588379e-02 -8.39705318e-02 -9.21401381e-02  9.48379189e-02
  -5.83030842e-02 -6.70051873e-02 -1.30688353e-02  6.92971200e-02
   5.90445213e-02  7.03661591e-02 -8.11669752e-02 -9.63048339e-02
  -6.69125468e-02  1.62806064e-02 -1.19021729e-01  1.47492096e-01
  -5.88253955e-04  1.61954060e-01 -5.67281507e-02 -1.96812749e-02
  -6.34074733e-02 -7.06468076e-02  1.42585397e-01  4.21198718e-02
  -1.12658031e-02 -1.08441427e-01 -6.56700060e-02 -5.95990196e-02
  -7.35275820e-02 -1.07951984e-02 -5.70600592e-02  1.39808431e-01]
 [ 1.26325876e-01 -3.84891108e-02 -8.16314369e-02 -1.98704839e-01
  -7.48302937e-02  7.41313919e-02 -8.60994682e-02 -4.52745706e-02
  -1.03417315e-01  1.63755640e-02 -9.70266908e-02 -9.17830784e-03
  -7.45539591e-02  8.04802626e-02 -3.26423943e-02  2.64792472e-01
  -9.54878330e-02  9.73879844e-02 -7.12551549e-02  8.53553563e-02
  -1.94440261e-02  1.34953737e-01 -1.25213444e-01  3.83743905e-02
   1.28652722e-01 -6.19956702e-02  6.49396107e-02  1.01130478e-01
   1.36482254e-01 -6.04670607e-02 -3.37109007e-02  1.07620388e-01
  -1.47543673e-04 -1.17739588e-01 -2.25446206e-02  7.85906166e-02
   1.49028189e-02 -8.64456445e-02  1.43890128e-01  1.82082579e-02
  -1.88998412e-02 -3.62249762e-02 -1.10208005e-01  3.66719849e-02
  -6.22995086e-02 -8.44300017e-02  1.52239397e-01 -7.40838498e-02
  -3.49025466e-02  1.84856448e-02 -1.01500355e-01 -1.96037088e-02
   2.33867258e-01  5.31176513e-04  3.64879332e-02 -6.30443543e-03
  -7.54035488e-02  2.19706539e-02  1.71796322e-01 -7.87495822e-02
   8.73446614e-02 -3.99988517e-02  1.56691104e-01 -8.12270790e-02
   1.83296889e-01  8.59641433e-02  3.75279561e-02  1.46373883e-01
  -6.98882267e-02  6.97633177e-02 -6.70988932e-02  1.04192629e-01
   5.99116199e-02  5.65807931e-02  5.99155352e-02 -7.20015392e-02
  -7.43387267e-02 -1.78547408e-02  6.15668781e-02 -7.34216021e-03
  -5.59587553e-02  1.26867548e-01 -8.00990835e-02 -5.58433644e-02
  -1.26365544e-02 -1.08455479e-01 -2.80568395e-02 -4.13989499e-02
   2.43660137e-02  5.97871132e-02  1.28357515e-01  2.21069530e-02
   2.61068624e-02 -4.59603630e-02  1.82324946e-01 -7.88977817e-02
  -8.35104957e-02 -7.05302581e-02 -9.59919021e-02  7.67817795e-02
   6.10392839e-02  8.58484134e-02 -3.59277502e-02  8.84245187e-02
  -8.07411745e-02  1.31792024e-01 -6.41238764e-02  1.33914128e-01
   1.95560344e-02  1.58723220e-01 -8.38745162e-02 -7.56038502e-02
   1.24206401e-01 -7.14418516e-02  5.27691022e-02 -2.02791560e-02
  -4.71354090e-02 -4.00645807e-02 -5.93770444e-02  1.22443706e-01
  -3.82447168e-02  4.79833083e-03 -2.98054554e-02 -7.74416327e-02
   5.35667241e-02 -3.50263305e-02 -6.69545159e-02 -7.50456825e-02]]
[[ 6.10070564e-02 -8.41029063e-02 -1.10608004e-01 -2.68460270e-02
   1.22087337e-01  1.36862636e-01 -8.66914839e-02  3.77901532e-02
   3.38219339e-03  2.53046565e-02  7.74053559e-02 -1.17216051e-01
  -7.92627335e-02  1.99815676e-01 -1.13177404e-01  2.17277706e-02
   5.08611836e-02 -5.96315637e-02 -1.13472845e-02  3.60083729e-02
   1.62633315e-01  1.92788988e-01 -4.85287048e-02  8.47962573e-02
  -5.39247356e-02  4.81803380e-02 -1.09764747e-01 -4.66209687e-02
   1.78600587e-02 -8.14767852e-02 -4.68109213e-02 -2.10824255e-02
  -2.30303332e-02  1.20774031e-01  7.24177137e-02  3.72838117e-02
   1.85023084e-01 -5.07264473e-02  7.66599327e-02 -1.01141445e-01
   2.02163085e-02 -9.81266424e-02 -3.06647755e-02  5.08774519e-02
  -9.29748081e-03 -5.45866415e-02  7.27954134e-02 -5.45426346e-02
  -6.74391314e-02 -4.01109830e-02 -1.23885058e-01 -4.61432822e-02
   1.52783394e-01 -6.86471760e-02  9.78865772e-02 -2.87200008e-02
  -1.18571207e-01  7.77454600e-02  7.34552369e-02 -6.88536912e-02
   8.71883333e-03 -8.58417824e-02  2.16358334e-01 -4.69686696e-03
  -7.58263990e-02  1.50216311e-01 -4.34422679e-02 -6.78457394e-02
  -3.37179750e-02  1.46269407e-02  1.80249974e-01 -3.18625458e-02
  -5.85611444e-04  8.82237628e-02  9.03206170e-02  8.27699378e-02
  -8.75769705e-02 -7.61145428e-02  2.20231917e-02 -1.01633042e-01
   5.15873209e-02  3.67321782e-02 -9.96912643e-02  6.34249374e-02
  -1.00268185e-01 -3.48382927e-02 -4.07437887e-03  1.23657964e-01
   9.13600400e-02 -7.64040351e-02  1.45315481e-02  2.16712192e-01
   1.58794105e-01 -6.84980080e-02  1.12899832e-01 -1.28185749e-01
   6.87588379e-02 -8.39705318e-02 -9.21401381e-02  9.48379189e-02
  -5.83030842e-02 -6.70051873e-02 -1.30688353e-02  6.92971200e-02
   5.90445213e-02  7.03661591e-02 -8.11669752e-02 -9.63048339e-02
  -6.69125468e-02  1.62806064e-02 -1.19021729e-01  1.47492096e-01
  -5.88253955e-04  1.61954060e-01 -5.67281507e-02 -1.96812749e-02
  -6.34074733e-02 -7.06468076e-02  1.42585397e-01  4.21198718e-02
  -1.12658031e-02 -1.08441427e-01 -6.56700060e-02 -5.95990196e-02
  -7.35275820e-02 -1.07951984e-02 -5.70600592e-02  1.39808431e-01]
 [ 1.26325876e-01 -3.84891108e-02 -8.16314369e-02 -1.98704839e-01
  -7.48302937e-02  7.41313919e-02 -8.60994682e-02 -4.52745706e-02
  -1.03417315e-01  1.63755640e-02 -9.70266908e-02 -9.17830784e-03
  -7.45539591e-02  8.04802626e-02 -3.26423943e-02  2.64792472e-01
  -9.54878330e-02  9.73879844e-02 -7.12551549e-02  8.53553563e-02
  -1.94440261e-02  1.34953737e-01 -1.25213444e-01  3.83743905e-02
   1.28652722e-01 -6.19956702e-02  6.49396107e-02  1.01130478e-01
   1.36482254e-01 -6.04670607e-02 -3.37109007e-02  1.07620388e-01
  -1.47543673e-04 -1.17739588e-01 -2.25446206e-02  7.85906166e-02
   1.49028189e-02 -8.64456445e-02  1.43890128e-01  1.82082579e-02
  -1.88998412e-02 -3.62249762e-02 -1.10208005e-01  3.66719849e-02
  -6.22995086e-02 -8.44300017e-02  1.52239397e-01 -7.40838498e-02
  -3.49025466e-02  1.84856448e-02 -1.01500355e-01 -1.96037088e-02
   2.33867258e-01  5.31176513e-04  3.64879332e-02 -6.30443543e-03
  -7.54035488e-02  2.19706539e-02  1.71796322e-01 -7.87495822e-02
   8.73446614e-02 -3.99988517e-02  1.56691104e-01 -8.12270790e-02
   1.83296889e-01  8.59641433e-02  3.75279561e-02  1.46373883e-01
  -6.98882267e-02  6.97633177e-02 -6.70988932e-02  1.04192629e-01
   5.99116199e-02  5.65807931e-02  5.99155352e-02 -7.20015392e-02
  -7.43387267e-02 -1.78547408e-02  6.15668781e-02 -7.34216021e-03
  -5.59587553e-02  1.26867548e-01 -8.00990835e-02 -5.58433644e-02
  -1.26365544e-02 -1.08455479e-01 -2.80568395e-02 -4.13989499e-02
   2.43660137e-02  5.97871132e-02  1.28357515e-01  2.21069530e-02
   2.61068624e-02 -4.59603630e-02  1.82324946e-01 -7.88977817e-02
  -8.35104957e-02 -7.05302581e-02 -9.59919021e-02  7.67817795e-02
   6.10392839e-02  8.58484134e-02 -3.59277502e-02  8.84245187e-02
  -8.07411745e-02  1.31792024e-01 -6.41238764e-02  1.33914128e-01
   1.95560344e-02  1.58723220e-01 -8.38745162e-02 -7.56038502e-02
   1.24206401e-01 -7.14418516e-02  5.27691022e-02 -2.02791560e-02
  -4.71354090e-02 -4.00645807e-02 -5.93770444e-02  1.22443706e-01
  -3.82447168e-02  4.79833083e-03 -2.98054554e-02 -7.74416327e-02
   5.35667241e-02 -3.50263305e-02 -6.69545159e-02 -7.50456825e-02]]
[[ 6.10070564e-02 -8.41029063e-02 -1.10608004e-01 -2.68460270e-02
   1.22087337e-01  1.36862636e-01 -8.66914839e-02  3.77901532e-02
   3.38219339e-03  2.53046565e-02  7.74053559e-02 -1.17216051e-01
  -7.92627335e-02  1.99815676e-01 -1.13177404e-01  2.17277706e-02
   5.08611836e-02 -5.96315637e-02 -1.13472845e-02  3.60083729e-02
   1.62633315e-01  1.92788988e-01 -4.85287048e-02  8.47962573e-02
  -5.39247356e-02  4.81803380e-02 -1.09764747e-01 -4.66209687e-02
   1.78600587e-02 -8.14767852e-02 -4.68109213e-02 -2.10824255e-02
  -2.30303332e-02  1.20774031e-01  7.24177137e-02  3.72838117e-02
   1.85023084e-01 -5.07264473e-02  7.66599327e-02 -1.01141445e-01
   2.02163085e-02 -9.81266424e-02 -3.06647755e-02  5.08774519e-02
  -9.29748081e-03 -5.45866415e-02  7.27954134e-02 -5.45426346e-02
  -6.74391314e-02 -4.01109830e-02 -1.23885058e-01 -4.61432822e-02
   1.52783394e-01 -6.86471760e-02  9.78865772e-02 -2.87200008e-02
  -1.18571207e-01  7.77454600e-02  7.34552369e-02 -6.88536912e-02
   8.71883333e-03 -8.58417824e-02  2.16358334e-01 -4.69686696e-03
  -7.58263990e-02  1.50216311e-01 -4.34422679e-02 -6.78457394e-02
  -3.37179750e-02  1.46269407e-02  1.80249974e-01 -3.18625458e-02
  -5.85611444e-04  8.82237628e-02  9.03206170e-02  8.27699378e-02
  -8.75769705e-02 -7.61145428e-02  2.20231917e-02 -1.01633042e-01
   5.15873209e-02  3.67321782e-02 -9.96912643e-02  6.34249374e-02
  -1.00268185e-01 -3.48382927e-02 -4.07437887e-03  1.23657964e-01
   9.13600400e-02 -7.64040351e-02  1.45315481e-02  2.16712192e-01
   1.58794105e-01 -6.84980080e-02  1.12899832e-01 -1.28185749e-01
   6.87588379e-02 -8.39705318e-02 -9.21401381e-02  9.48379189e-02
  -5.83030842e-02 -6.70051873e-02 -1.30688353e-02  6.92971200e-02
   5.90445213e-02  7.03661591e-02 -8.11669752e-02 -9.63048339e-02
  -6.69125468e-02  1.62806064e-02 -1.19021729e-01  1.47492096e-01
  -5.88253955e-04  1.61954060e-01 -5.67281507e-02 -1.96812749e-02
  -6.34074733e-02 -7.06468076e-02  1.42585397e-01  4.21198718e-02
  -1.12658031e-02 -1.08441427e-01 -6.56700060e-02 -5.95990196e-02
  -7.35275820e-02 -1.07951984e-02 -5.70600592e-02  1.39808431e-01]
 [ 1.26325876e-01 -3.84891108e-02 -8.16314369e-02 -1.98704839e-01
  -7.48302937e-02  7.41313919e-02 -8.60994682e-02 -4.52745706e-02
  -1.03417315e-01  1.63755640e-02 -9.70266908e-02 -9.17830784e-03
  -7.45539591e-02  8.04802626e-02 -3.26423943e-02  2.64792472e-01
  -9.54878330e-02  9.73879844e-02 -7.12551549e-02  8.53553563e-02
  -1.94440261e-02  1.34953737e-01 -1.25213444e-01  3.83743905e-02
   1.28652722e-01 -6.19956702e-02  6.49396107e-02  1.01130478e-01
   1.36482254e-01 -6.04670607e-02 -3.37109007e-02  1.07620388e-01
  -1.47543673e-04 -1.17739588e-01 -2.25446206e-02  7.85906166e-02
   1.49028189e-02 -8.64456445e-02  1.43890128e-01  1.82082579e-02
  -1.88998412e-02 -3.62249762e-02 -1.10208005e-01  3.66719849e-02
  -6.22995086e-02 -8.44300017e-02  1.52239397e-01 -7.40838498e-02
  -3.49025466e-02  1.84856448e-02 -1.01500355e-01 -1.96037088e-02
   2.33867258e-01  5.31176513e-04  3.64879332e-02 -6.30443543e-03
  -7.54035488e-02  2.19706539e-02  1.71796322e-01 -7.87495822e-02
   8.73446614e-02 -3.99988517e-02  1.56691104e-01 -8.12270790e-02
   1.83296889e-01  8.59641433e-02  3.75279561e-02  1.46373883e-01
  -6.98882267e-02  6.97633177e-02 -6.70988932e-02  1.04192629e-01
   5.99116199e-02  5.65807931e-02  5.99155352e-02 -7.20015392e-02
  -7.43387267e-02 -1.78547408e-02  6.15668781e-02 -7.34216021e-03
  -5.59587553e-02  1.26867548e-01 -8.00990835e-02 -5.58433644e-02
  -1.26365544e-02 -1.08455479e-01 -2.80568395e-02 -4.13989499e-02
   2.43660137e-02  5.97871132e-02  1.28357515e-01  2.21069530e-02
   2.61068624e-02 -4.59603630e-02  1.82324946e-01 -7.88977817e-02
  -8.35104957e-02 -7.05302581e-02 -9.59919021e-02  7.67817795e-02
   6.10392839e-02  8.58484134e-02 -3.59277502e-02  8.84245187e-02
  -8.07411745e-02  1.31792024e-01 -6.41238764e-02  1.33914128e-01
   1.95560344e-02  1.58723220e-01 -8.38745162e-02 -7.56038502e-02
   1.24206401e-01 -7.14418516e-02  5.27691022e-02 -2.02791560e-02
  -4.71354090e-02 -4.00645807e-02 -5.93770444e-02  1.22443706e-01
  -3.82447168e-02  4.79833083e-03 -2.98054554e-02 -7.74416327e-02
   5.35667241e-02 -3.50263305e-02 -6.69545159e-02 -7.50456825e-02]]
[[ 6.10070564e-02 -8.41029063e-02 -1.10608004e-01 -2.68460270e-02
   1.22087337e-01  1.36862636e-01 -8.66914839e-02  3.77901532e-02
   3.38219339e-03  2.53046565e-02  7.74053559e-02 -1.17216051e-01
  -7.92627335e-02  1.99815676e-01 -1.13177404e-01  2.17277706e-02
   5.08611836e-02 -5.96315637e-02 -1.13472845e-02  3.60083729e-02
   1.62633315e-01  1.92788988e-01 -4.85287048e-02  8.47962573e-02
  -5.39247356e-02  4.81803380e-02 -1.09764747e-01 -4.66209687e-02
   1.78600587e-02 -8.14767852e-02 -4.68109213e-02 -2.10824255e-02
  -2.30303332e-02  1.20774031e-01  7.24177137e-02  3.72838117e-02
   1.85023084e-01 -5.07264473e-02  7.66599327e-02 -1.01141445e-01
   2.02163085e-02 -9.81266424e-02 -3.06647755e-02  5.08774519e-02
  -9.29748081e-03 -5.45866415e-02  7.27954134e-02 -5.45426346e-02
  -6.74391314e-02 -4.01109830e-02 -1.23885058e-01 -4.61432822e-02
   1.52783394e-01 -6.86471760e-02  9.78865772e-02 -2.87200008e-02
  -1.18571207e-01  7.77454600e-02  7.34552369e-02 -6.88536912e-02
   8.71883333e-03 -8.58417824e-02  2.16358334e-01 -4.69686696e-03
  -7.58263990e-02  1.50216311e-01 -4.34422679e-02 -6.78457394e-02
  -3.37179750e-02  1.46269407e-02  1.80249974e-01 -3.18625458e-02
  -5.85611444e-04  8.82237628e-02  9.03206170e-02  8.27699378e-02
  -8.75769705e-02 -7.61145428e-02  2.20231917e-02 -1.01633042e-01
   5.15873209e-02  3.67321782e-02 -9.96912643e-02  6.34249374e-02
  -1.00268185e-01 -3.48382927e-02 -4.07437887e-03  1.23657964e-01
   9.13600400e-02 -7.64040351e-02  1.45315481e-02  2.16712192e-01
   1.58794105e-01 -6.84980080e-02  1.12899832e-01 -1.28185749e-01
   6.87588379e-02 -8.39705318e-02 -9.21401381e-02  9.48379189e-02
  -5.83030842e-02 -6.70051873e-02 -1.30688353e-02  6.92971200e-02
   5.90445213e-02  7.03661591e-02 -8.11669752e-02 -9.63048339e-02
  -6.69125468e-02  1.62806064e-02 -1.19021729e-01  1.47492096e-01
  -5.88253955e-04  1.61954060e-01 -5.67281507e-02 -1.96812749e-02
  -6.34074733e-02 -7.06468076e-02  1.42585397e-01  4.21198718e-02
  -1.12658031e-02 -1.08441427e-01 -6.56700060e-02 -5.95990196e-02
  -7.35275820e-02 -1.07951984e-02 -5.70600592e-02  1.39808431e-01]
 [ 1.26325876e-01 -3.84891108e-02 -8.16314369e-02 -1.98704839e-01
  -7.48302937e-02  7.41313919e-02 -8.60994682e-02 -4.52745706e-02
  -1.03417315e-01  1.63755640e-02 -9.70266908e-02 -9.17830784e-03
  -7.45539591e-02  8.04802626e-02 -3.26423943e-02  2.64792472e-01
  -9.54878330e-02  9.73879844e-02 -7.12551549e-02  8.53553563e-02
  -1.94440261e-02  1.34953737e-01 -1.25213444e-01  3.83743905e-02
   1.28652722e-01 -6.19956702e-02  6.49396107e-02  1.01130478e-01
   1.36482254e-01 -6.04670607e-02 -3.37109007e-02  1.07620388e-01
  -1.47543673e-04 -1.17739588e-01 -2.25446206e-02  7.85906166e-02
   1.49028189e-02 -8.64456445e-02  1.43890128e-01  1.82082579e-02
  -1.88998412e-02 -3.62249762e-02 -1.10208005e-01  3.66719849e-02
  -6.22995086e-02 -8.44300017e-02  1.52239397e-01 -7.40838498e-02
  -3.49025466e-02  1.84856448e-02 -1.01500355e-01 -1.96037088e-02
   2.33867258e-01  5.31176513e-04  3.64879332e-02 -6.30443543e-03
  -7.54035488e-02  2.19706539e-02  1.71796322e-01 -7.87495822e-02
   8.73446614e-02 -3.99988517e-02  1.56691104e-01 -8.12270790e-02
   1.83296889e-01  8.59641433e-02  3.75279561e-02  1.46373883e-01
  -6.98882267e-02  6.97633177e-02 -6.70988932e-02  1.04192629e-01
   5.99116199e-02  5.65807931e-02  5.99155352e-02 -7.20015392e-02
  -7.43387267e-02 -1.78547408e-02  6.15668781e-02 -7.34216021e-03
  -5.59587553e-02  1.26867548e-01 -8.00990835e-02 -5.58433644e-02
  -1.26365544e-02 -1.08455479e-01 -2.80568395e-02 -4.13989499e-02
   2.43660137e-02  5.97871132e-02  1.28357515e-01  2.21069530e-02
   2.61068624e-02 -4.59603630e-02  1.82324946e-01 -7.88977817e-02
  -8.35104957e-02 -7.05302581e-02 -9.59919021e-02  7.67817795e-02
   6.10392839e-02  8.58484134e-02 -3.59277502e-02  8.84245187e-02
  -8.07411745e-02  1.31792024e-01 -6.41238764e-02  1.33914128e-01
   1.95560344e-02  1.58723220e-01 -8.38745162e-02 -7.56038502e-02
   1.24206401e-01 -7.14418516e-02  5.27691022e-02 -2.02791560e-02
  -4.71354090e-02 -4.00645807e-02 -5.93770444e-02  1.22443706e-01
  -3.82447168e-02  4.79833083e-03 -2.98054554e-02 -7.74416327e-02
   5.35667241e-02 -3.50263305e-02 -6.69545159e-02 -7.50456825e-02]]
