[[ 4.95422222e-02 -9.90396962e-02 -7.69984126e-02 -9.95892566e-03
   1.11772254e-01  7.04224110e-02 -6.14691526e-02  4.15555276e-02
   6.28745034e-02  1.01812311e-01  3.67221452e-04 -1.19208068e-01
   4.60861363e-02  1.14758663e-01 -1.16882741e-01  1.26232039e-02
   4.70752642e-02 -1.58577058e-02 -1.29486201e-03 -9.04646795e-03
   1.30307376e-01  2.39442542e-01 -2.19491832e-02  1.54660299e-01
  -7.01215044e-02  4.44223844e-02 -3.52623463e-02  5.07267192e-03
   3.42429988e-02 -7.37950578e-02 -6.42456934e-02  8.64530448e-03
  -3.65831405e-02  1.55785130e-02  4.81339209e-02  7.54080936e-02
   1.35970563e-01 -7.93398246e-02  1.39930442e-01 -1.24350034e-01
  -7.15588182e-02 -5.42704761e-02  2.27045079e-04  4.32605073e-02
   1.28664970e-01 -7.34186023e-02  5.21100909e-02 -4.79525700e-02
  -5.30735329e-02 -5.99036701e-02 -1.39742106e-01 -2.26711365e-03
   2.19597444e-01 -8.31308514e-02 -1.59325451e-02  1.11117542e-01
  -1.36556953e-01 -3.19553912e-02  9.08971354e-02 -7.40211159e-02
   8.82285014e-02  8.08081105e-02  2.18193561e-01 -4.81369235e-02
  -9.25286263e-02  9.80877504e-02 -3.67872193e-02 -7.88981542e-02
  -4.50710356e-02  1.49465695e-01  1.20595120e-01 -4.03108336e-02
  -1.50142126e-02  8.79306421e-02  1.23585060e-01  7.84394369e-02
  -1.57172680e-02 -6.15019649e-02  4.79154699e-02 -1.22049913e-01
   8.59349445e-02 -3.25002074e-02 -1.06723189e-01  7.47031048e-02
  -6.42111152e-02 -6.89693913e-02 -1.73154119e-02  1.56696647e-01
   1.08331598e-01 -8.08746442e-02 -7.69947618e-02  2.13869959e-01
   1.57129943e-01 -9.00489464e-02  3.63961346e-02 -9.57528949e-02
   6.89367652e-02 -9.80547443e-02 -1.01490609e-01  9.51925069e-02
  -8.37590992e-02 -6.74218908e-02 -5.39599638e-03  8.69176760e-02
   4.14073840e-02  1.05750978e-01 -1.50255654e-02 -6.82713762e-02
  -5.37017174e-02  1.00168362e-02 -9.58873183e-02  1.56778723e-01
   5.98079152e-02  1.51614040e-01 -3.85895818e-02 -2.46863216e-02
  -7.66487792e-02  5.05041424e-03  1.14183642e-01 -5.79157062e-02
  -6.26699952e-03 -9.43438262e-02 -6.33230805e-02 -7.15008229e-02
  -2.85642501e-03 -2.83744410e-02  6.36418462e-02  1.12453632e-01]
 [ 1.48779467e-01 -6.88455403e-02 -8.27712193e-02 -2.11121723e-01
  -4.66806591e-02  1.01420423e-02 -7.77252018e-02 -4.02388610e-02
  -1.05320886e-01  7.64566287e-03 -9.70276147e-02 -1.66386913e-03
  -8.66014883e-02  1.02906674e-01 -5.66049889e-02  2.14795053e-01
  -6.16585724e-02  8.12412947e-02 -5.54315709e-02  1.18355244e-01
  -4.95750573e-04  1.55626044e-01 -8.14695507e-02  3.10245319e-03
   1.38348415e-01 -7.53032863e-02  9.98778045e-02  7.36469626e-02
   1.12249501e-01 -5.72181530e-02 -4.42868285e-02  8.16577300e-02
   7.71312714e-02 -1.14433505e-01 -1.94095168e-02  4.98257577e-02
   5.96086457e-02 -8.08202326e-02  1.80371016e-01  1.89228971e-02
  -5.40549913e-03 -4.14071865e-02 -1.07914574e-01 -1.40008572e-02
  -6.25800490e-02 -9.29388553e-02  2.01287225e-01 -9.22555253e-02
  -5.79901822e-02  4.55628857e-02 -1.06914744e-01 -1.70530472e-02
   2.02475071e-01  5.20544238e-02  7.89303631e-02  3.93688455e-02
  -7.70038441e-02  5.02451770e-02  1.48430571e-01 -7.98456967e-02
   5.82917184e-02 -3.97215523e-02  1.92166284e-01 -8.61975551e-02
   1.92562103e-01  1.40266061e-01  7.08479509e-02  1.35533556e-01
  -7.88623989e-02  1.20390221e-01 -4.23776247e-02  7.18044639e-02
  -6.00758009e-03  3.97341922e-02  8.99432600e-02 -7.75869191e-02
  -4.01571952e-02 -3.15588079e-02  5.36520928e-02 -6.00199699e-02
  -3.92000657e-03  9.43286642e-02 -8.06489512e-02 -4.10512760e-02
   9.34104063e-03 -1.18447416e-01  3.72872455e-03 -3.26008350e-02
   4.97323051e-02  3.61221693e-02  1.36592358e-01  2.00607963e-02
  -1.52158854e-03 -2.98633799e-02  2.31916070e-01 -8.08303505e-02
  -8.60399604e-02 -7.68765882e-02 -9.00239125e-02  7.04211369e-02
  -6.88639889e-03  7.16677681e-02 -4.73124273e-02  6.27783313e-02
  -7.90103972e-02  5.59265427e-02 -5.24497814e-02  1.25558779e-01
   4.46514646e-03  1.14506528e-01 -8.06094259e-02 -8.19410533e-02
   1.19039841e-01 -7.10461512e-02  9.68635306e-02 -5.44031896e-02
  -2.99179312e-02 -3.64963263e-02 -5.56808375e-02  1.04587257e-01
  -1.35753611e-02 -1.12274541e-02 -1.19009893e-02 -7.82488436e-02
   5.99429309e-02 -2.21604556e-02 -5.13851568e-02 -6.11906499e-02]]
[[ 4.95422222e-02 -9.90396962e-02 -7.69984126e-02 -9.95892566e-03
   1.11772254e-01  7.04224110e-02 -6.14691526e-02  4.15555276e-02
   6.28745034e-02  1.01812311e-01  3.67221452e-04 -1.19208068e-01
   4.60861363e-02  1.14758663e-01 -1.16882741e-01  1.26232039e-02
   4.70752642e-02 -1.58577058e-02 -1.29486201e-03 -9.04646795e-03
   1.30307376e-01  2.39442542e-01 -2.19491832e-02  1.54660299e-01
  -7.01215044e-02  4.44223844e-02 -3.52623463e-02  5.07267192e-03
   3.42429988e-02 -7.37950578e-02 -6.42456934e-02  8.64530448e-03
  -3.65831405e-02  1.55785130e-02  4.81339209e-02  7.54080936e-02
   1.35970563e-01 -7.93398246e-02  1.39930442e-01 -1.24350034e-01
  -7.15588182e-02 -5.42704761e-02  2.27045079e-04  4.32605073e-02
   1.28664970e-01 -7.34186023e-02  5.21100909e-02 -4.79525700e-02
  -5.30735329e-02 -5.99036701e-02 -1.39742106e-01 -2.26711365e-03
   2.19597444e-01 -8.31308514e-02 -1.59325451e-02  1.11117542e-01
  -1.36556953e-01 -3.19553912e-02  9.08971354e-02 -7.40211159e-02
   8.82285014e-02  8.08081105e-02  2.18193561e-01 -4.81369235e-02
  -9.25286263e-02  9.80877504e-02 -3.67872193e-02 -7.88981542e-02
  -4.50710356e-02  1.49465695e-01  1.20595120e-01 -4.03108336e-02
  -1.50142126e-02  8.79306421e-02  1.23585060e-01  7.84394369e-02
  -1.57172680e-02 -6.15019649e-02  4.79154699e-02 -1.22049913e-01
   8.59349445e-02 -3.25002074e-02 -1.06723189e-01  7.47031048e-02
  -6.42111152e-02 -6.89693913e-02 -1.73154119e-02  1.56696647e-01
   1.08331598e-01 -8.08746442e-02 -7.69947618e-02  2.13869959e-01
   1.57129943e-01 -9.00489464e-02  3.63961346e-02 -9.57528949e-02
   6.89367652e-02 -9.80547443e-02 -1.01490609e-01  9.51925069e-02
  -8.37590992e-02 -6.74218908e-02 -5.39599638e-03  8.69176760e-02
   4.14073840e-02  1.05750978e-01 -1.50255654e-02 -6.82713762e-02
  -5.37017174e-02  1.00168362e-02 -9.58873183e-02  1.56778723e-01
   5.98079152e-02  1.51614040e-01 -3.85895818e-02 -2.46863216e-02
  -7.66487792e-02  5.05041424e-03  1.14183642e-01 -5.79157062e-02
  -6.26699952e-03 -9.43438262e-02 -6.33230805e-02 -7.15008229e-02
  -2.85642501e-03 -2.83744410e-02  6.36418462e-02  1.12453632e-01]
 [ 1.48779467e-01 -6.88455403e-02 -8.27712193e-02 -2.11121723e-01
  -4.66806591e-02  1.01420423e-02 -7.77252018e-02 -4.02388610e-02
  -1.05320886e-01  7.64566287e-03 -9.70276147e-02 -1.66386913e-03
  -8.66014883e-02  1.02906674e-01 -5.66049889e-02  2.14795053e-01
  -6.16585724e-02  8.12412947e-02 -5.54315709e-02  1.18355244e-01
  -4.95750573e-04  1.55626044e-01 -8.14695507e-02  3.10245319e-03
   1.38348415e-01 -7.53032863e-02  9.98778045e-02  7.36469626e-02
   1.12249501e-01 -5.72181530e-02 -4.42868285e-02  8.16577300e-02
   7.71312714e-02 -1.14433505e-01 -1.94095168e-02  4.98257577e-02
   5.96086457e-02 -8.08202326e-02  1.80371016e-01  1.89228971e-02
  -5.40549913e-03 -4.14071865e-02 -1.07914574e-01 -1.40008572e-02
  -6.25800490e-02 -9.29388553e-02  2.01287225e-01 -9.22555253e-02
  -5.79901822e-02  4.55628857e-02 -1.06914744e-01 -1.70530472e-02
   2.02475071e-01  5.20544238e-02  7.89303631e-02  3.93688455e-02
  -7.70038441e-02  5.02451770e-02  1.48430571e-01 -7.98456967e-02
   5.82917184e-02 -3.97215523e-02  1.92166284e-01 -8.61975551e-02
   1.92562103e-01  1.40266061e-01  7.08479509e-02  1.35533556e-01
  -7.88623989e-02  1.20390221e-01 -4.23776247e-02  7.18044639e-02
  -6.00758009e-03  3.97341922e-02  8.99432600e-02 -7.75869191e-02
  -4.01571952e-02 -3.15588079e-02  5.36520928e-02 -6.00199699e-02
  -3.92000657e-03  9.43286642e-02 -8.06489512e-02 -4.10512760e-02
   9.34104063e-03 -1.18447416e-01  3.72872455e-03 -3.26008350e-02
   4.97323051e-02  3.61221693e-02  1.36592358e-01  2.00607963e-02
  -1.52158854e-03 -2.98633799e-02  2.31916070e-01 -8.08303505e-02
  -8.60399604e-02 -7.68765882e-02 -9.00239125e-02  7.04211369e-02
  -6.88639889e-03  7.16677681e-02 -4.73124273e-02  6.27783313e-02
  -7.90103972e-02  5.59265427e-02 -5.24497814e-02  1.25558779e-01
   4.46514646e-03  1.14506528e-01 -8.06094259e-02 -8.19410533e-02
   1.19039841e-01 -7.10461512e-02  9.68635306e-02 -5.44031896e-02
  -2.99179312e-02 -3.64963263e-02 -5.56808375e-02  1.04587257e-01
  -1.35753611e-02 -1.12274541e-02 -1.19009893e-02 -7.82488436e-02
   5.99429309e-02 -2.21604556e-02 -5.13851568e-02 -6.11906499e-02]]
[[ 4.95422222e-02 -9.90396962e-02 -7.69984126e-02 -9.95892566e-03
   1.11772254e-01  7.04224110e-02 -6.14691526e-02  4.15555276e-02
   6.28745034e-02  1.01812311e-01  3.67221452e-04 -1.19208068e-01
   4.60861363e-02  1.14758663e-01 -1.16882741e-01  1.26232039e-02
   4.70752642e-02 -1.58577058e-02 -1.29486201e-03 -9.04646795e-03
   1.30307376e-01  2.39442542e-01 -2.19491832e-02  1.54660299e-01
  -7.01215044e-02  4.44223844e-02 -3.52623463e-02  5.07267192e-03
   3.42429988e-02 -7.37950578e-02 -6.42456934e-02  8.64530448e-03
  -3.65831405e-02  1.55785130e-02  4.81339209e-02  7.54080936e-02
   1.35970563e-01 -7.93398246e-02  1.39930442e-01 -1.24350034e-01
  -7.15588182e-02 -5.42704761e-02  2.27045079e-04  4.32605073e-02
   1.28664970e-01 -7.34186023e-02  5.21100909e-02 -4.79525700e-02
  -5.30735329e-02 -5.99036701e-02 -1.39742106e-01 -2.26711365e-03
   2.19597444e-01 -8.31308514e-02 -1.59325451e-02  1.11117542e-01
  -1.36556953e-01 -3.19553912e-02  9.08971354e-02 -7.40211159e-02
   8.82285014e-02  8.08081105e-02  2.18193561e-01 -4.81369235e-02
  -9.25286263e-02  9.80877504e-02 -3.67872193e-02 -7.88981542e-02
  -4.50710356e-02  1.49465695e-01  1.20595120e-01 -4.03108336e-02
  -1.50142126e-02  8.79306421e-02  1.23585060e-01  7.84394369e-02
  -1.57172680e-02 -6.15019649e-02  4.79154699e-02 -1.22049913e-01
   8.59349445e-02 -3.25002074e-02 -1.06723189e-01  7.47031048e-02
  -6.42111152e-02 -6.89693913e-02 -1.73154119e-02  1.56696647e-01
   1.08331598e-01 -8.08746442e-02 -7.69947618e-02  2.13869959e-01
   1.57129943e-01 -9.00489464e-02  3.63961346e-02 -9.57528949e-02
   6.89367652e-02 -9.80547443e-02 -1.01490609e-01  9.51925069e-02
  -8.37590992e-02 -6.74218908e-02 -5.39599638e-03  8.69176760e-02
   4.14073840e-02  1.05750978e-01 -1.50255654e-02 -6.82713762e-02
  -5.37017174e-02  1.00168362e-02 -9.58873183e-02  1.56778723e-01
   5.98079152e-02  1.51614040e-01 -3.85895818e-02 -2.46863216e-02
  -7.66487792e-02  5.05041424e-03  1.14183642e-01 -5.79157062e-02
  -6.26699952e-03 -9.43438262e-02 -6.33230805e-02 -7.15008229e-02
  -2.85642501e-03 -2.83744410e-02  6.36418462e-02  1.12453632e-01]
 [ 1.48779467e-01 -6.88455403e-02 -8.27712193e-02 -2.11121723e-01
  -4.66806591e-02  1.01420423e-02 -7.77252018e-02 -4.02388610e-02
  -1.05320886e-01  7.64566287e-03 -9.70276147e-02 -1.66386913e-03
  -8.66014883e-02  1.02906674e-01 -5.66049889e-02  2.14795053e-01
  -6.16585724e-02  8.12412947e-02 -5.54315709e-02  1.18355244e-01
  -4.95750573e-04  1.55626044e-01 -8.14695507e-02  3.10245319e-03
   1.38348415e-01 -7.53032863e-02  9.98778045e-02  7.36469626e-02
   1.12249501e-01 -5.72181530e-02 -4.42868285e-02  8.16577300e-02
   7.71312714e-02 -1.14433505e-01 -1.94095168e-02  4.98257577e-02
   5.96086457e-02 -8.08202326e-02  1.80371016e-01  1.89228971e-02
  -5.40549913e-03 -4.14071865e-02 -1.07914574e-01 -1.40008572e-02
  -6.25800490e-02 -9.29388553e-02  2.01287225e-01 -9.22555253e-02
  -5.79901822e-02  4.55628857e-02 -1.06914744e-01 -1.70530472e-02
   2.02475071e-01  5.20544238e-02  7.89303631e-02  3.93688455e-02
  -7.70038441e-02  5.02451770e-02  1.48430571e-01 -7.98456967e-02
   5.82917184e-02 -3.97215523e-02  1.92166284e-01 -8.61975551e-02
   1.92562103e-01  1.40266061e-01  7.08479509e-02  1.35533556e-01
  -7.88623989e-02  1.20390221e-01 -4.23776247e-02  7.18044639e-02
  -6.00758009e-03  3.97341922e-02  8.99432600e-02 -7.75869191e-02
  -4.01571952e-02 -3.15588079e-02  5.36520928e-02 -6.00199699e-02
  -3.92000657e-03  9.43286642e-02 -8.06489512e-02 -4.10512760e-02
   9.34104063e-03 -1.18447416e-01  3.72872455e-03 -3.26008350e-02
   4.97323051e-02  3.61221693e-02  1.36592358e-01  2.00607963e-02
  -1.52158854e-03 -2.98633799e-02  2.31916070e-01 -8.08303505e-02
  -8.60399604e-02 -7.68765882e-02 -9.00239125e-02  7.04211369e-02
  -6.88639889e-03  7.16677681e-02 -4.73124273e-02  6.27783313e-02
  -7.90103972e-02  5.59265427e-02 -5.24497814e-02  1.25558779e-01
   4.46514646e-03  1.14506528e-01 -8.06094259e-02 -8.19410533e-02
   1.19039841e-01 -7.10461512e-02  9.68635306e-02 -5.44031896e-02
  -2.99179312e-02 -3.64963263e-02 -5.56808375e-02  1.04587257e-01
  -1.35753611e-02 -1.12274541e-02 -1.19009893e-02 -7.82488436e-02
   5.99429309e-02 -2.21604556e-02 -5.13851568e-02 -6.11906499e-02]]
[[ 4.95422222e-02 -9.90396962e-02 -7.69984126e-02 -9.95892566e-03
   1.11772254e-01  7.04224110e-02 -6.14691526e-02  4.15555276e-02
   6.28745034e-02  1.01812311e-01  3.67221452e-04 -1.19208068e-01
   4.60861363e-02  1.14758663e-01 -1.16882741e-01  1.26232039e-02
   4.70752642e-02 -1.58577058e-02 -1.29486201e-03 -9.04646795e-03
   1.30307376e-01  2.39442542e-01 -2.19491832e-02  1.54660299e-01
  -7.01215044e-02  4.44223844e-02 -3.52623463e-02  5.07267192e-03
   3.42429988e-02 -7.37950578e-02 -6.42456934e-02  8.64530448e-03
  -3.65831405e-02  1.55785130e-02  4.81339209e-02  7.54080936e-02
   1.35970563e-01 -7.93398246e-02  1.39930442e-01 -1.24350034e-01
  -7.15588182e-02 -5.42704761e-02  2.27045079e-04  4.32605073e-02
   1.28664970e-01 -7.34186023e-02  5.21100909e-02 -4.79525700e-02
  -5.30735329e-02 -5.99036701e-02 -1.39742106e-01 -2.26711365e-03
   2.19597444e-01 -8.31308514e-02 -1.59325451e-02  1.11117542e-01
  -1.36556953e-01 -3.19553912e-02  9.08971354e-02 -7.40211159e-02
   8.82285014e-02  8.08081105e-02  2.18193561e-01 -4.81369235e-02
  -9.25286263e-02  9.80877504e-02 -3.67872193e-02 -7.88981542e-02
  -4.50710356e-02  1.49465695e-01  1.20595120e-01 -4.03108336e-02
  -1.50142126e-02  8.79306421e-02  1.23585060e-01  7.84394369e-02
  -1.57172680e-02 -6.15019649e-02  4.79154699e-02 -1.22049913e-01
   8.59349445e-02 -3.25002074e-02 -1.06723189e-01  7.47031048e-02
  -6.42111152e-02 -6.89693913e-02 -1.73154119e-02  1.56696647e-01
   1.08331598e-01 -8.08746442e-02 -7.69947618e-02  2.13869959e-01
   1.57129943e-01 -9.00489464e-02  3.63961346e-02 -9.57528949e-02
   6.89367652e-02 -9.80547443e-02 -1.01490609e-01  9.51925069e-02
  -8.37590992e-02 -6.74218908e-02 -5.39599638e-03  8.69176760e-02
   4.14073840e-02  1.05750978e-01 -1.50255654e-02 -6.82713762e-02
  -5.37017174e-02  1.00168362e-02 -9.58873183e-02  1.56778723e-01
   5.98079152e-02  1.51614040e-01 -3.85895818e-02 -2.46863216e-02
  -7.66487792e-02  5.05041424e-03  1.14183642e-01 -5.79157062e-02
  -6.26699952e-03 -9.43438262e-02 -6.33230805e-02 -7.15008229e-02
  -2.85642501e-03 -2.83744410e-02  6.36418462e-02  1.12453632e-01]
 [ 1.48779467e-01 -6.88455403e-02 -8.27712193e-02 -2.11121723e-01
  -4.66806591e-02  1.01420423e-02 -7.77252018e-02 -4.02388610e-02
  -1.05320886e-01  7.64566287e-03 -9.70276147e-02 -1.66386913e-03
  -8.66014883e-02  1.02906674e-01 -5.66049889e-02  2.14795053e-01
  -6.16585724e-02  8.12412947e-02 -5.54315709e-02  1.18355244e-01
  -4.95750573e-04  1.55626044e-01 -8.14695507e-02  3.10245319e-03
   1.38348415e-01 -7.53032863e-02  9.98778045e-02  7.36469626e-02
   1.12249501e-01 -5.72181530e-02 -4.42868285e-02  8.16577300e-02
   7.71312714e-02 -1.14433505e-01 -1.94095168e-02  4.98257577e-02
   5.96086457e-02 -8.08202326e-02  1.80371016e-01  1.89228971e-02
  -5.40549913e-03 -4.14071865e-02 -1.07914574e-01 -1.40008572e-02
  -6.25800490e-02 -9.29388553e-02  2.01287225e-01 -9.22555253e-02
  -5.79901822e-02  4.55628857e-02 -1.06914744e-01 -1.70530472e-02
   2.02475071e-01  5.20544238e-02  7.89303631e-02  3.93688455e-02
  -7.70038441e-02  5.02451770e-02  1.48430571e-01 -7.98456967e-02
   5.82917184e-02 -3.97215523e-02  1.92166284e-01 -8.61975551e-02
   1.92562103e-01  1.40266061e-01  7.08479509e-02  1.35533556e-01
  -7.88623989e-02  1.20390221e-01 -4.23776247e-02  7.18044639e-02
  -6.00758009e-03  3.97341922e-02  8.99432600e-02 -7.75869191e-02
  -4.01571952e-02 -3.15588079e-02  5.36520928e-02 -6.00199699e-02
  -3.92000657e-03  9.43286642e-02 -8.06489512e-02 -4.10512760e-02
   9.34104063e-03 -1.18447416e-01  3.72872455e-03 -3.26008350e-02
   4.97323051e-02  3.61221693e-02  1.36592358e-01  2.00607963e-02
  -1.52158854e-03 -2.98633799e-02  2.31916070e-01 -8.08303505e-02
  -8.60399604e-02 -7.68765882e-02 -9.00239125e-02  7.04211369e-02
  -6.88639889e-03  7.16677681e-02 -4.73124273e-02  6.27783313e-02
  -7.90103972e-02  5.59265427e-02 -5.24497814e-02  1.25558779e-01
   4.46514646e-03  1.14506528e-01 -8.06094259e-02 -8.19410533e-02
   1.19039841e-01 -7.10461512e-02  9.68635306e-02 -5.44031896e-02
  -2.99179312e-02 -3.64963263e-02 -5.56808375e-02  1.04587257e-01
  -1.35753611e-02 -1.12274541e-02 -1.19009893e-02 -7.82488436e-02
   5.99429309e-02 -2.21604556e-02 -5.13851568e-02 -6.11906499e-02]]
