[[ 0.06973843 -0.10869826 -0.0999346  -0.02600179  0.10837586  0.07270809
  -0.03530932  0.04251414  0.05085038  0.07792339 -0.02098873 -0.10456112
   0.00705793  0.09423301 -0.11842077 -0.02922498  0.04723879 -0.02037643
   0.00424618  0.01358913  0.13518491  0.19339262 -0.01938039  0.12313242
  -0.08717426  0.03144813  0.05027597  0.02020419  0.0094047  -0.0822298
  -0.07843225  0.00500194 -0.0745785   0.01383564  0.02790193  0.07587965
   0.10420408 -0.09396935  0.13347802 -0.13235353 -0.08204993 -0.07581425
  -0.0209674   0.05935485  0.10240887 -0.05126409  0.03656397 -0.07667927
  -0.05556107 -0.0758481  -0.14899881  0.01347377  0.11019511 -0.08649251
   0.01969276  0.1673518  -0.15196171 -0.05463493  0.11181397 -0.07048356
   0.11145045  0.1052146   0.17798238 -0.06801674 -0.08778546  0.08983675
  -0.00434793 -0.08008394 -0.05282175  0.18451367  0.13330564 -0.08164697
  -0.01528293  0.04832399  0.15744253  0.06557944  0.00829484 -0.07561425
   0.04549713 -0.14598273  0.11369199 -0.0459568  -0.11422846  0.07183389
  -0.056988   -0.08096129  0.02222173  0.15394957  0.1292361  -0.12036622
  -0.07959338  0.19166738  0.18194294 -0.09232067  0.04213565 -0.12506965
   0.05791123 -0.11632053 -0.09121919  0.09690955 -0.08529081 -0.06799981
  -0.03647235  0.09161426 -0.03928632  0.06950629 -0.03525181 -0.09334026
  -0.07544737 -0.02686657 -0.07723971  0.1430287   0.06190166  0.15230389
  -0.03003987 -0.03288306 -0.0674938   0.01691403  0.05951691 -0.08430062
   0.00137812 -0.09354248 -0.0343977  -0.05622409 -0.00163928 -0.03495828
   0.10451295  0.05884932]
 [ 0.14931095 -0.05200174 -0.08310775 -0.19921361 -0.06008208  0.03135352
  -0.08369673 -0.05635507 -0.10664506 -0.01977586 -0.10126915 -0.00557151
  -0.09150182  0.12891684 -0.05602465  0.21218759 -0.07526453  0.05575531
  -0.06576275  0.10344746  0.01860624  0.13521245 -0.09979344  0.03561525
   0.11018633 -0.07422079  0.10558967  0.07134824  0.11036799 -0.05962
  -0.05176984  0.08139028  0.0801878  -0.10132735 -0.02453572  0.04416164
   0.06729784 -0.08354088  0.20581587  0.00435521 -0.00284767 -0.04121157
  -0.11036055  0.00864423 -0.06141484 -0.09127153  0.18374425 -0.0943453
  -0.06442876  0.07048704 -0.11500961 -0.002811    0.20204398  0.04194832
   0.10771567  0.01968088 -0.06547499  0.01346739  0.1624866  -0.08524257
   0.04174155 -0.03870291  0.20225245 -0.08856029  0.16916077  0.14013048
   0.05682523  0.15193655 -0.07914872  0.08425652 -0.05115106  0.03765821
   0.01620397 -0.00118155  0.08434238 -0.08408713 -0.05244921 -0.03088745
   0.04909365 -0.06073734  0.00675062  0.12812991 -0.08537816 -0.06552969
   0.00541585 -0.10057373 -0.01432012 -0.00598462  0.06337153  0.02828512
   0.10703561  0.04384682  0.01575499 -0.02530944  0.2352561  -0.06415254
  -0.08887747 -0.08250887 -0.08886917  0.06188072  0.00160534  0.07182173
  -0.04087385  0.05928481 -0.08752774  0.07985237 -0.06089892  0.09696876
  -0.00583775  0.12195028 -0.08283569 -0.08027562  0.13277942 -0.07305978
   0.11498901 -0.04606214 -0.03978337 -0.05051884 -0.04623764  0.09248014
  -0.03145654 -0.01710422 -0.01895246 -0.08192103  0.05193076 -0.02463929
  -0.05845858 -0.05817995]]
[[ 0.06973843 -0.10869826 -0.0999346  -0.02600179  0.10837586  0.07270809
  -0.03530932  0.04251414  0.05085038  0.07792339 -0.02098873 -0.10456112
   0.00705793  0.09423301 -0.11842077 -0.02922498  0.04723879 -0.02037643
   0.00424618  0.01358913  0.13518491  0.19339262 -0.01938039  0.12313242
  -0.08717426  0.03144813  0.05027597  0.02020419  0.0094047  -0.0822298
  -0.07843225  0.00500194 -0.0745785   0.01383564  0.02790193  0.07587965
   0.10420408 -0.09396935  0.13347802 -0.13235353 -0.08204993 -0.07581425
  -0.0209674   0.05935485  0.10240887 -0.05126409  0.03656397 -0.07667927
  -0.05556107 -0.0758481  -0.14899881  0.01347377  0.11019511 -0.08649251
   0.01969276  0.1673518  -0.15196171 -0.05463493  0.11181397 -0.07048356
   0.11145045  0.1052146   0.17798238 -0.06801674 -0.08778546  0.08983675
  -0.00434793 -0.08008394 -0.05282175  0.18451367  0.13330564 -0.08164697
  -0.01528293  0.04832399  0.15744253  0.06557944  0.00829484 -0.07561425
   0.04549713 -0.14598273  0.11369199 -0.0459568  -0.11422846  0.07183389
  -0.056988   -0.08096129  0.02222173  0.15394957  0.1292361  -0.12036622
  -0.07959338  0.19166738  0.18194294 -0.09232067  0.04213565 -0.12506965
   0.05791123 -0.11632053 -0.09121919  0.09690955 -0.08529081 -0.06799981
  -0.03647235  0.09161426 -0.03928632  0.06950629 -0.03525181 -0.09334026
  -0.07544737 -0.02686657 -0.07723971  0.1430287   0.06190166  0.15230389
  -0.03003987 -0.03288306 -0.0674938   0.01691403  0.05951691 -0.08430062
   0.00137812 -0.09354248 -0.0343977  -0.05622409 -0.00163928 -0.03495828
   0.10451295  0.05884932]
 [ 0.14931095 -0.05200174 -0.08310775 -0.19921361 -0.06008208  0.03135352
  -0.08369673 -0.05635507 -0.10664506 -0.01977586 -0.10126915 -0.00557151
  -0.09150182  0.12891684 -0.05602465  0.21218759 -0.07526453  0.05575531
  -0.06576275  0.10344746  0.01860624  0.13521245 -0.09979344  0.03561525
   0.11018633 -0.07422079  0.10558967  0.07134824  0.11036799 -0.05962
  -0.05176984  0.08139028  0.0801878  -0.10132735 -0.02453572  0.04416164
   0.06729784 -0.08354088  0.20581587  0.00435521 -0.00284767 -0.04121157
  -0.11036055  0.00864423 -0.06141484 -0.09127153  0.18374425 -0.0943453
  -0.06442876  0.07048704 -0.11500961 -0.002811    0.20204398  0.04194832
   0.10771567  0.01968088 -0.06547499  0.01346739  0.1624866  -0.08524257
   0.04174155 -0.03870291  0.20225245 -0.08856029  0.16916077  0.14013048
   0.05682523  0.15193655 -0.07914872  0.08425652 -0.05115106  0.03765821
   0.01620397 -0.00118155  0.08434238 -0.08408713 -0.05244921 -0.03088745
   0.04909365 -0.06073734  0.00675062  0.12812991 -0.08537816 -0.06552969
   0.00541585 -0.10057373 -0.01432012 -0.00598462  0.06337153  0.02828512
   0.10703561  0.04384682  0.01575499 -0.02530944  0.2352561  -0.06415254
  -0.08887747 -0.08250887 -0.08886917  0.06188072  0.00160534  0.07182173
  -0.04087385  0.05928481 -0.08752774  0.07985237 -0.06089892  0.09696876
  -0.00583775  0.12195028 -0.08283569 -0.08027562  0.13277942 -0.07305978
   0.11498901 -0.04606214 -0.03978337 -0.05051884 -0.04623764  0.09248014
  -0.03145654 -0.01710422 -0.01895246 -0.08192103  0.05193076 -0.02463929
  -0.05845858 -0.05817995]]
[[ 0.06973843 -0.10869826 -0.0999346  -0.02600179  0.10837586  0.07270809
  -0.03530932  0.04251414  0.05085038  0.07792339 -0.02098873 -0.10456112
   0.00705793  0.09423301 -0.11842077 -0.02922498  0.04723879 -0.02037643
   0.00424618  0.01358913  0.13518491  0.19339262 -0.01938039  0.12313242
  -0.08717426  0.03144813  0.05027597  0.02020419  0.0094047  -0.0822298
  -0.07843225  0.00500194 -0.0745785   0.01383564  0.02790193  0.07587965
   0.10420408 -0.09396935  0.13347802 -0.13235353 -0.08204993 -0.07581425
  -0.0209674   0.05935485  0.10240887 -0.05126409  0.03656397 -0.07667927
  -0.05556107 -0.0758481  -0.14899881  0.01347377  0.11019511 -0.08649251
   0.01969276  0.1673518  -0.15196171 -0.05463493  0.11181397 -0.07048356
   0.11145045  0.1052146   0.17798238 -0.06801674 -0.08778546  0.08983675
  -0.00434793 -0.08008394 -0.05282175  0.18451367  0.13330564 -0.08164697
  -0.01528293  0.04832399  0.15744253  0.06557944  0.00829484 -0.07561425
   0.04549713 -0.14598273  0.11369199 -0.0459568  -0.11422846  0.07183389
  -0.056988   -0.08096129  0.02222173  0.15394957  0.1292361  -0.12036622
  -0.07959338  0.19166738  0.18194294 -0.09232067  0.04213565 -0.12506965
   0.05791123 -0.11632053 -0.09121919  0.09690955 -0.08529081 -0.06799981
  -0.03647235  0.09161426 -0.03928632  0.06950629 -0.03525181 -0.09334026
  -0.07544737 -0.02686657 -0.07723971  0.1430287   0.06190166  0.15230389
  -0.03003987 -0.03288306 -0.0674938   0.01691403  0.05951691 -0.08430062
   0.00137812 -0.09354248 -0.0343977  -0.05622409 -0.00163928 -0.03495828
   0.10451295  0.05884932]
 [ 0.14931095 -0.05200174 -0.08310775 -0.19921361 -0.06008208  0.03135352
  -0.08369673 -0.05635507 -0.10664506 -0.01977586 -0.10126915 -0.00557151
  -0.09150182  0.12891684 -0.05602465  0.21218759 -0.07526453  0.05575531
  -0.06576275  0.10344746  0.01860624  0.13521245 -0.09979344  0.03561525
   0.11018633 -0.07422079  0.10558967  0.07134824  0.11036799 -0.05962
  -0.05176984  0.08139028  0.0801878  -0.10132735 -0.02453572  0.04416164
   0.06729784 -0.08354088  0.20581587  0.00435521 -0.00284767 -0.04121157
  -0.11036055  0.00864423 -0.06141484 -0.09127153  0.18374425 -0.0943453
  -0.06442876  0.07048704 -0.11500961 -0.002811    0.20204398  0.04194832
   0.10771567  0.01968088 -0.06547499  0.01346739  0.1624866  -0.08524257
   0.04174155 -0.03870291  0.20225245 -0.08856029  0.16916077  0.14013048
   0.05682523  0.15193655 -0.07914872  0.08425652 -0.05115106  0.03765821
   0.01620397 -0.00118155  0.08434238 -0.08408713 -0.05244921 -0.03088745
   0.04909365 -0.06073734  0.00675062  0.12812991 -0.08537816 -0.06552969
   0.00541585 -0.10057373 -0.01432012 -0.00598462  0.06337153  0.02828512
   0.10703561  0.04384682  0.01575499 -0.02530944  0.2352561  -0.06415254
  -0.08887747 -0.08250887 -0.08886917  0.06188072  0.00160534  0.07182173
  -0.04087385  0.05928481 -0.08752774  0.07985237 -0.06089892  0.09696876
  -0.00583775  0.12195028 -0.08283569 -0.08027562  0.13277942 -0.07305978
   0.11498901 -0.04606214 -0.03978337 -0.05051884 -0.04623764  0.09248014
  -0.03145654 -0.01710422 -0.01895246 -0.08192103  0.05193076 -0.02463929
  -0.05845858 -0.05817995]]
[[ 0.06973843 -0.10869826 -0.0999346  -0.02600179  0.10837586  0.07270809
  -0.03530932  0.04251414  0.05085038  0.07792339 -0.02098873 -0.10456112
   0.00705793  0.09423301 -0.11842077 -0.02922498  0.04723879 -0.02037643
   0.00424618  0.01358913  0.13518491  0.19339262 -0.01938039  0.12313242
  -0.08717426  0.03144813  0.05027597  0.02020419  0.0094047  -0.0822298
  -0.07843225  0.00500194 -0.0745785   0.01383564  0.02790193  0.07587965
   0.10420408 -0.09396935  0.13347802 -0.13235353 -0.08204993 -0.07581425
  -0.0209674   0.05935485  0.10240887 -0.05126409  0.03656397 -0.07667927
  -0.05556107 -0.0758481  -0.14899881  0.01347377  0.11019511 -0.08649251
   0.01969276  0.1673518  -0.15196171 -0.05463493  0.11181397 -0.07048356
   0.11145045  0.1052146   0.17798238 -0.06801674 -0.08778546  0.08983675
  -0.00434793 -0.08008394 -0.05282175  0.18451367  0.13330564 -0.08164697
  -0.01528293  0.04832399  0.15744253  0.06557944  0.00829484 -0.07561425
   0.04549713 -0.14598273  0.11369199 -0.0459568  -0.11422846  0.07183389
  -0.056988   -0.08096129  0.02222173  0.15394957  0.1292361  -0.12036622
  -0.07959338  0.19166738  0.18194294 -0.09232067  0.04213565 -0.12506965
   0.05791123 -0.11632053 -0.09121919  0.09690955 -0.08529081 -0.06799981
  -0.03647235  0.09161426 -0.03928632  0.06950629 -0.03525181 -0.09334026
  -0.07544737 -0.02686657 -0.07723971  0.1430287   0.06190166  0.15230389
  -0.03003987 -0.03288306 -0.0674938   0.01691403  0.05951691 -0.08430062
   0.00137812 -0.09354248 -0.0343977  -0.05622409 -0.00163928 -0.03495828
   0.10451295  0.05884932]
 [ 0.14931095 -0.05200174 -0.08310775 -0.19921361 -0.06008208  0.03135352
  -0.08369673 -0.05635507 -0.10664506 -0.01977586 -0.10126915 -0.00557151
  -0.09150182  0.12891684 -0.05602465  0.21218759 -0.07526453  0.05575531
  -0.06576275  0.10344746  0.01860624  0.13521245 -0.09979344  0.03561525
   0.11018633 -0.07422079  0.10558967  0.07134824  0.11036799 -0.05962
  -0.05176984  0.08139028  0.0801878  -0.10132735 -0.02453572  0.04416164
   0.06729784 -0.08354088  0.20581587  0.00435521 -0.00284767 -0.04121157
  -0.11036055  0.00864423 -0.06141484 -0.09127153  0.18374425 -0.0943453
  -0.06442876  0.07048704 -0.11500961 -0.002811    0.20204398  0.04194832
   0.10771567  0.01968088 -0.06547499  0.01346739  0.1624866  -0.08524257
   0.04174155 -0.03870291  0.20225245 -0.08856029  0.16916077  0.14013048
   0.05682523  0.15193655 -0.07914872  0.08425652 -0.05115106  0.03765821
   0.01620397 -0.00118155  0.08434238 -0.08408713 -0.05244921 -0.03088745
   0.04909365 -0.06073734  0.00675062  0.12812991 -0.08537816 -0.06552969
   0.00541585 -0.10057373 -0.01432012 -0.00598462  0.06337153  0.02828512
   0.10703561  0.04384682  0.01575499 -0.02530944  0.2352561  -0.06415254
  -0.08887747 -0.08250887 -0.08886917  0.06188072  0.00160534  0.07182173
  -0.04087385  0.05928481 -0.08752774  0.07985237 -0.06089892  0.09696876
  -0.00583775  0.12195028 -0.08283569 -0.08027562  0.13277942 -0.07305978
   0.11498901 -0.04606214 -0.03978337 -0.05051884 -0.04623764  0.09248014
  -0.03145654 -0.01710422 -0.01895246 -0.08192103  0.05193076 -0.02463929
  -0.05845858 -0.05817995]]
