[[ 4.34724092e-02 -8.97619128e-02 -8.37926492e-02 -1.36346286e-02
   1.06143638e-01  8.24586526e-02 -7.32710510e-02  2.62510441e-02
   5.85305355e-02  9.53163952e-02  1.22852409e-02 -1.16016425e-01
   1.52803790e-02  1.44005075e-01 -1.18065163e-01  3.02519165e-02
   3.33690532e-02  2.93184235e-03 -9.22835059e-03  2.81649344e-02
   1.36995167e-01  2.26231515e-01 -3.38926837e-02  1.48634568e-01
  -6.68222904e-02  3.18103135e-02 -4.20345105e-02 -4.18981817e-03
   2.74273790e-02 -7.97227621e-02 -5.42362146e-02 -9.76967276e-04
  -3.64219621e-02  3.41027826e-02  5.13019748e-02  7.34447539e-02
   1.38452083e-01 -7.70181939e-02  1.60473555e-01 -1.22122936e-01
  -4.93690111e-02 -5.67787811e-02 -4.09814203e-03  5.87558895e-02
   1.18882544e-01 -7.46209696e-02  6.12163171e-02 -5.81233464e-02
  -5.35142124e-02 -5.04919961e-02 -1.34403363e-01 -1.46940695e-02
   2.46506125e-01 -8.60656574e-02  5.58311213e-03  8.04684311e-02
  -1.42495289e-01 -1.59618389e-02  8.53639171e-02 -6.98798224e-02
   7.42166266e-02  5.21345697e-02  2.26540864e-01 -2.92370450e-02
  -9.17711332e-02  1.10003918e-01 -4.83908430e-02 -7.14993626e-02
  -6.32989407e-02  1.06977597e-01  1.15692653e-01 -4.70149852e-02
  -6.91558514e-03  7.91409686e-02  1.26274422e-01  7.56353512e-02
  -4.84248213e-02 -6.28332645e-02  4.43276279e-02 -1.23353787e-01
   8.77113417e-02 -1.76804177e-02 -1.05638705e-01  9.80179161e-02
  -7.54582435e-02 -6.97127879e-02 -2.02737655e-02  1.45531178e-01
   1.03994243e-01 -6.08072616e-02 -6.63574710e-02  2.08639294e-01
   1.67520598e-01 -9.18938220e-02  7.28109851e-02 -1.15236752e-01
   6.76671565e-02 -9.29172635e-02 -1.04431428e-01  9.85908583e-02
  -7.85278454e-02 -7.42198229e-02 -1.80220734e-02  6.11891262e-02
   4.83678579e-02  1.06237687e-01 -3.71584967e-02 -6.67561814e-02
  -4.86471765e-02  3.14197852e-03 -1.01358749e-01  1.63409367e-01
   5.49936630e-02  1.44564882e-01 -4.08949554e-02 -3.30343693e-02
  -8.15247297e-02  7.97298830e-03  1.03128374e-01 -2.77917106e-02
  -1.40646147e-02 -9.88775715e-02 -7.01100603e-02 -7.48146102e-02
  -1.14964899e-02 -4.10224870e-02  2.13083234e-02  1.25079170e-01]
 [ 1.67397544e-01 -7.21094310e-02 -8.38069543e-02 -2.06560701e-01
  -3.86713557e-02  2.53269933e-02 -7.78995454e-02 -3.71992514e-02
  -1.04633301e-01 -1.94596488e-03 -9.60290134e-02 -2.28795446e-02
  -9.37574431e-02  9.65742692e-02 -5.21307439e-02  2.27369040e-01
  -6.33709431e-02  6.77356645e-02 -6.27721995e-02  1.06368825e-01
   1.31387617e-02  1.59457311e-01 -8.73673782e-02 -1.10290572e-02
   1.43417895e-01 -7.02113137e-02  8.04583058e-02  7.77905509e-02
   1.02866799e-01 -6.04833625e-02 -4.28751521e-02  8.73280987e-02
   5.94251156e-02 -1.08908705e-01  8.70513148e-04  6.70409948e-02
   4.27755080e-02 -7.74546340e-02  1.76780745e-01  3.08599472e-02
  -2.65347259e-03 -3.33327316e-02 -1.03633039e-01 -1.75169054e-02
  -6.02174513e-02 -9.22254398e-02  2.04099208e-01 -9.08585712e-02
  -5.55415228e-02  5.44330254e-02 -1.07228912e-01 -2.41006315e-02
   2.11795449e-01  5.49349971e-02  8.84041116e-02  4.87294756e-02
  -8.90915468e-02  5.68603687e-02  1.40470356e-01 -7.78095946e-02
   3.63520011e-02 -3.56859937e-02  1.80294648e-01 -8.12128708e-02
   2.16373339e-01  1.26442164e-01  6.25025854e-02  1.26905009e-01
  -7.60169923e-02  9.66426209e-02 -2.78855599e-02  7.94846043e-02
   9.86718386e-03  3.89872566e-02  7.80345276e-02 -7.85045028e-02
  -4.79234904e-02 -3.67047787e-02  6.02227598e-02 -4.28044349e-02
  -2.28663310e-02  1.01130992e-01 -7.75061920e-02 -4.56296317e-02
  -5.16444119e-03 -1.17895849e-01  1.88193063e-03 -2.82507930e-02
   7.75046423e-02  3.92406173e-02  1.64183110e-01  1.90710723e-02
  -3.84647974e-05 -1.84757952e-02  2.24138916e-01 -8.38209391e-02
  -8.57396498e-02 -7.51428008e-02 -8.90326798e-02  6.51574805e-02
   6.54583098e-03  6.24049231e-02 -4.39320356e-02  7.66227469e-02
  -7.29758888e-02  5.31291962e-02 -6.14726022e-02  1.26277626e-01
   1.64733955e-03  1.21811941e-01 -8.10591355e-02 -8.24399441e-02
   1.11205615e-01 -6.85480312e-02  8.03523958e-02 -4.85074334e-02
  -2.08277311e-02 -4.37078588e-02 -6.12565242e-02  1.00463562e-01
  -1.53806284e-02  1.21997837e-02 -1.64655093e-02 -7.75739551e-02
   5.41797988e-02 -2.54590381e-02 -5.41210398e-02 -6.38210773e-02]]
[[ 4.34724092e-02 -8.97619128e-02 -8.37926492e-02 -1.36346286e-02
   1.06143638e-01  8.24586526e-02 -7.32710510e-02  2.62510441e-02
   5.85305355e-02  9.53163952e-02  1.22852409e-02 -1.16016425e-01
   1.52803790e-02  1.44005075e-01 -1.18065163e-01  3.02519165e-02
   3.33690532e-02  2.93184235e-03 -9.22835059e-03  2.81649344e-02
   1.36995167e-01  2.26231515e-01 -3.38926837e-02  1.48634568e-01
  -6.68222904e-02  3.18103135e-02 -4.20345105e-02 -4.18981817e-03
   2.74273790e-02 -7.97227621e-02 -5.42362146e-02 -9.76967276e-04
  -3.64219621e-02  3.41027826e-02  5.13019748e-02  7.34447539e-02
   1.38452083e-01 -7.70181939e-02  1.60473555e-01 -1.22122936e-01
  -4.93690111e-02 -5.67787811e-02 -4.09814203e-03  5.87558895e-02
   1.18882544e-01 -7.46209696e-02  6.12163171e-02 -5.81233464e-02
  -5.35142124e-02 -5.04919961e-02 -1.34403363e-01 -1.46940695e-02
   2.46506125e-01 -8.60656574e-02  5.58311213e-03  8.04684311e-02
  -1.42495289e-01 -1.59618389e-02  8.53639171e-02 -6.98798224e-02
   7.42166266e-02  5.21345697e-02  2.26540864e-01 -2.92370450e-02
  -9.17711332e-02  1.10003918e-01 -4.83908430e-02 -7.14993626e-02
  -6.32989407e-02  1.06977597e-01  1.15692653e-01 -4.70149852e-02
  -6.91558514e-03  7.91409686e-02  1.26274422e-01  7.56353512e-02
  -4.84248213e-02 -6.28332645e-02  4.43276279e-02 -1.23353787e-01
   8.77113417e-02 -1.76804177e-02 -1.05638705e-01  9.80179161e-02
  -7.54582435e-02 -6.97127879e-02 -2.02737655e-02  1.45531178e-01
   1.03994243e-01 -6.08072616e-02 -6.63574710e-02  2.08639294e-01
   1.67520598e-01 -9.18938220e-02  7.28109851e-02 -1.15236752e-01
   6.76671565e-02 -9.29172635e-02 -1.04431428e-01  9.85908583e-02
  -7.85278454e-02 -7.42198229e-02 -1.80220734e-02  6.11891262e-02
   4.83678579e-02  1.06237687e-01 -3.71584967e-02 -6.67561814e-02
  -4.86471765e-02  3.14197852e-03 -1.01358749e-01  1.63409367e-01
   5.49936630e-02  1.44564882e-01 -4.08949554e-02 -3.30343693e-02
  -8.15247297e-02  7.97298830e-03  1.03128374e-01 -2.77917106e-02
  -1.40646147e-02 -9.88775715e-02 -7.01100603e-02 -7.48146102e-02
  -1.14964899e-02 -4.10224870e-02  2.13083234e-02  1.25079170e-01]
 [ 1.67397544e-01 -7.21094310e-02 -8.38069543e-02 -2.06560701e-01
  -3.86713557e-02  2.53269933e-02 -7.78995454e-02 -3.71992514e-02
  -1.04633301e-01 -1.94596488e-03 -9.60290134e-02 -2.28795446e-02
  -9.37574431e-02  9.65742692e-02 -5.21307439e-02  2.27369040e-01
  -6.33709431e-02  6.77356645e-02 -6.27721995e-02  1.06368825e-01
   1.31387617e-02  1.59457311e-01 -8.73673782e-02 -1.10290572e-02
   1.43417895e-01 -7.02113137e-02  8.04583058e-02  7.77905509e-02
   1.02866799e-01 -6.04833625e-02 -4.28751521e-02  8.73280987e-02
   5.94251156e-02 -1.08908705e-01  8.70513148e-04  6.70409948e-02
   4.27755080e-02 -7.74546340e-02  1.76780745e-01  3.08599472e-02
  -2.65347259e-03 -3.33327316e-02 -1.03633039e-01 -1.75169054e-02
  -6.02174513e-02 -9.22254398e-02  2.04099208e-01 -9.08585712e-02
  -5.55415228e-02  5.44330254e-02 -1.07228912e-01 -2.41006315e-02
   2.11795449e-01  5.49349971e-02  8.84041116e-02  4.87294756e-02
  -8.90915468e-02  5.68603687e-02  1.40470356e-01 -7.78095946e-02
   3.63520011e-02 -3.56859937e-02  1.80294648e-01 -8.12128708e-02
   2.16373339e-01  1.26442164e-01  6.25025854e-02  1.26905009e-01
  -7.60169923e-02  9.66426209e-02 -2.78855599e-02  7.94846043e-02
   9.86718386e-03  3.89872566e-02  7.80345276e-02 -7.85045028e-02
  -4.79234904e-02 -3.67047787e-02  6.02227598e-02 -4.28044349e-02
  -2.28663310e-02  1.01130992e-01 -7.75061920e-02 -4.56296317e-02
  -5.16444119e-03 -1.17895849e-01  1.88193063e-03 -2.82507930e-02
   7.75046423e-02  3.92406173e-02  1.64183110e-01  1.90710723e-02
  -3.84647974e-05 -1.84757952e-02  2.24138916e-01 -8.38209391e-02
  -8.57396498e-02 -7.51428008e-02 -8.90326798e-02  6.51574805e-02
   6.54583098e-03  6.24049231e-02 -4.39320356e-02  7.66227469e-02
  -7.29758888e-02  5.31291962e-02 -6.14726022e-02  1.26277626e-01
   1.64733955e-03  1.21811941e-01 -8.10591355e-02 -8.24399441e-02
   1.11205615e-01 -6.85480312e-02  8.03523958e-02 -4.85074334e-02
  -2.08277311e-02 -4.37078588e-02 -6.12565242e-02  1.00463562e-01
  -1.53806284e-02  1.21997837e-02 -1.64655093e-02 -7.75739551e-02
   5.41797988e-02 -2.54590381e-02 -5.41210398e-02 -6.38210773e-02]]
[[ 4.34724092e-02 -8.97619128e-02 -8.37926492e-02 -1.36346286e-02
   1.06143638e-01  8.24586526e-02 -7.32710510e-02  2.62510441e-02
   5.85305355e-02  9.53163952e-02  1.22852409e-02 -1.16016425e-01
   1.52803790e-02  1.44005075e-01 -1.18065163e-01  3.02519165e-02
   3.33690532e-02  2.93184235e-03 -9.22835059e-03  2.81649344e-02
   1.36995167e-01  2.26231515e-01 -3.38926837e-02  1.48634568e-01
  -6.68222904e-02  3.18103135e-02 -4.20345105e-02 -4.18981817e-03
   2.74273790e-02 -7.97227621e-02 -5.42362146e-02 -9.76967276e-04
  -3.64219621e-02  3.41027826e-02  5.13019748e-02  7.34447539e-02
   1.38452083e-01 -7.70181939e-02  1.60473555e-01 -1.22122936e-01
  -4.93690111e-02 -5.67787811e-02 -4.09814203e-03  5.87558895e-02
   1.18882544e-01 -7.46209696e-02  6.12163171e-02 -5.81233464e-02
  -5.35142124e-02 -5.04919961e-02 -1.34403363e-01 -1.46940695e-02
   2.46506125e-01 -8.60656574e-02  5.58311213e-03  8.04684311e-02
  -1.42495289e-01 -1.59618389e-02  8.53639171e-02 -6.98798224e-02
   7.42166266e-02  5.21345697e-02  2.26540864e-01 -2.92370450e-02
  -9.17711332e-02  1.10003918e-01 -4.83908430e-02 -7.14993626e-02
  -6.32989407e-02  1.06977597e-01  1.15692653e-01 -4.70149852e-02
  -6.91558514e-03  7.91409686e-02  1.26274422e-01  7.56353512e-02
  -4.84248213e-02 -6.28332645e-02  4.43276279e-02 -1.23353787e-01
   8.77113417e-02 -1.76804177e-02 -1.05638705e-01  9.80179161e-02
  -7.54582435e-02 -6.97127879e-02 -2.02737655e-02  1.45531178e-01
   1.03994243e-01 -6.08072616e-02 -6.63574710e-02  2.08639294e-01
   1.67520598e-01 -9.18938220e-02  7.28109851e-02 -1.15236752e-01
   6.76671565e-02 -9.29172635e-02 -1.04431428e-01  9.85908583e-02
  -7.85278454e-02 -7.42198229e-02 -1.80220734e-02  6.11891262e-02
   4.83678579e-02  1.06237687e-01 -3.71584967e-02 -6.67561814e-02
  -4.86471765e-02  3.14197852e-03 -1.01358749e-01  1.63409367e-01
   5.49936630e-02  1.44564882e-01 -4.08949554e-02 -3.30343693e-02
  -8.15247297e-02  7.97298830e-03  1.03128374e-01 -2.77917106e-02
  -1.40646147e-02 -9.88775715e-02 -7.01100603e-02 -7.48146102e-02
  -1.14964899e-02 -4.10224870e-02  2.13083234e-02  1.25079170e-01]
 [ 1.67397544e-01 -7.21094310e-02 -8.38069543e-02 -2.06560701e-01
  -3.86713557e-02  2.53269933e-02 -7.78995454e-02 -3.71992514e-02
  -1.04633301e-01 -1.94596488e-03 -9.60290134e-02 -2.28795446e-02
  -9.37574431e-02  9.65742692e-02 -5.21307439e-02  2.27369040e-01
  -6.33709431e-02  6.77356645e-02 -6.27721995e-02  1.06368825e-01
   1.31387617e-02  1.59457311e-01 -8.73673782e-02 -1.10290572e-02
   1.43417895e-01 -7.02113137e-02  8.04583058e-02  7.77905509e-02
   1.02866799e-01 -6.04833625e-02 -4.28751521e-02  8.73280987e-02
   5.94251156e-02 -1.08908705e-01  8.70513148e-04  6.70409948e-02
   4.27755080e-02 -7.74546340e-02  1.76780745e-01  3.08599472e-02
  -2.65347259e-03 -3.33327316e-02 -1.03633039e-01 -1.75169054e-02
  -6.02174513e-02 -9.22254398e-02  2.04099208e-01 -9.08585712e-02
  -5.55415228e-02  5.44330254e-02 -1.07228912e-01 -2.41006315e-02
   2.11795449e-01  5.49349971e-02  8.84041116e-02  4.87294756e-02
  -8.90915468e-02  5.68603687e-02  1.40470356e-01 -7.78095946e-02
   3.63520011e-02 -3.56859937e-02  1.80294648e-01 -8.12128708e-02
   2.16373339e-01  1.26442164e-01  6.25025854e-02  1.26905009e-01
  -7.60169923e-02  9.66426209e-02 -2.78855599e-02  7.94846043e-02
   9.86718386e-03  3.89872566e-02  7.80345276e-02 -7.85045028e-02
  -4.79234904e-02 -3.67047787e-02  6.02227598e-02 -4.28044349e-02
  -2.28663310e-02  1.01130992e-01 -7.75061920e-02 -4.56296317e-02
  -5.16444119e-03 -1.17895849e-01  1.88193063e-03 -2.82507930e-02
   7.75046423e-02  3.92406173e-02  1.64183110e-01  1.90710723e-02
  -3.84647974e-05 -1.84757952e-02  2.24138916e-01 -8.38209391e-02
  -8.57396498e-02 -7.51428008e-02 -8.90326798e-02  6.51574805e-02
   6.54583098e-03  6.24049231e-02 -4.39320356e-02  7.66227469e-02
  -7.29758888e-02  5.31291962e-02 -6.14726022e-02  1.26277626e-01
   1.64733955e-03  1.21811941e-01 -8.10591355e-02 -8.24399441e-02
   1.11205615e-01 -6.85480312e-02  8.03523958e-02 -4.85074334e-02
  -2.08277311e-02 -4.37078588e-02 -6.12565242e-02  1.00463562e-01
  -1.53806284e-02  1.21997837e-02 -1.64655093e-02 -7.75739551e-02
   5.41797988e-02 -2.54590381e-02 -5.41210398e-02 -6.38210773e-02]]
[[ 4.34724092e-02 -8.97619128e-02 -8.37926492e-02 -1.36346286e-02
   1.06143638e-01  8.24586526e-02 -7.32710510e-02  2.62510441e-02
   5.85305355e-02  9.53163952e-02  1.22852409e-02 -1.16016425e-01
   1.52803790e-02  1.44005075e-01 -1.18065163e-01  3.02519165e-02
   3.33690532e-02  2.93184235e-03 -9.22835059e-03  2.81649344e-02
   1.36995167e-01  2.26231515e-01 -3.38926837e-02  1.48634568e-01
  -6.68222904e-02  3.18103135e-02 -4.20345105e-02 -4.18981817e-03
   2.74273790e-02 -7.97227621e-02 -5.42362146e-02 -9.76967276e-04
  -3.64219621e-02  3.41027826e-02  5.13019748e-02  7.34447539e-02
   1.38452083e-01 -7.70181939e-02  1.60473555e-01 -1.22122936e-01
  -4.93690111e-02 -5.67787811e-02 -4.09814203e-03  5.87558895e-02
   1.18882544e-01 -7.46209696e-02  6.12163171e-02 -5.81233464e-02
  -5.35142124e-02 -5.04919961e-02 -1.34403363e-01 -1.46940695e-02
   2.46506125e-01 -8.60656574e-02  5.58311213e-03  8.04684311e-02
  -1.42495289e-01 -1.59618389e-02  8.53639171e-02 -6.98798224e-02
   7.42166266e-02  5.21345697e-02  2.26540864e-01 -2.92370450e-02
  -9.17711332e-02  1.10003918e-01 -4.83908430e-02 -7.14993626e-02
  -6.32989407e-02  1.06977597e-01  1.15692653e-01 -4.70149852e-02
  -6.91558514e-03  7.91409686e-02  1.26274422e-01  7.56353512e-02
  -4.84248213e-02 -6.28332645e-02  4.43276279e-02 -1.23353787e-01
   8.77113417e-02 -1.76804177e-02 -1.05638705e-01  9.80179161e-02
  -7.54582435e-02 -6.97127879e-02 -2.02737655e-02  1.45531178e-01
   1.03994243e-01 -6.08072616e-02 -6.63574710e-02  2.08639294e-01
   1.67520598e-01 -9.18938220e-02  7.28109851e-02 -1.15236752e-01
   6.76671565e-02 -9.29172635e-02 -1.04431428e-01  9.85908583e-02
  -7.85278454e-02 -7.42198229e-02 -1.80220734e-02  6.11891262e-02
   4.83678579e-02  1.06237687e-01 -3.71584967e-02 -6.67561814e-02
  -4.86471765e-02  3.14197852e-03 -1.01358749e-01  1.63409367e-01
   5.49936630e-02  1.44564882e-01 -4.08949554e-02 -3.30343693e-02
  -8.15247297e-02  7.97298830e-03  1.03128374e-01 -2.77917106e-02
  -1.40646147e-02 -9.88775715e-02 -7.01100603e-02 -7.48146102e-02
  -1.14964899e-02 -4.10224870e-02  2.13083234e-02  1.25079170e-01]
 [ 1.67397544e-01 -7.21094310e-02 -8.38069543e-02 -2.06560701e-01
  -3.86713557e-02  2.53269933e-02 -7.78995454e-02 -3.71992514e-02
  -1.04633301e-01 -1.94596488e-03 -9.60290134e-02 -2.28795446e-02
  -9.37574431e-02  9.65742692e-02 -5.21307439e-02  2.27369040e-01
  -6.33709431e-02  6.77356645e-02 -6.27721995e-02  1.06368825e-01
   1.31387617e-02  1.59457311e-01 -8.73673782e-02 -1.10290572e-02
   1.43417895e-01 -7.02113137e-02  8.04583058e-02  7.77905509e-02
   1.02866799e-01 -6.04833625e-02 -4.28751521e-02  8.73280987e-02
   5.94251156e-02 -1.08908705e-01  8.70513148e-04  6.70409948e-02
   4.27755080e-02 -7.74546340e-02  1.76780745e-01  3.08599472e-02
  -2.65347259e-03 -3.33327316e-02 -1.03633039e-01 -1.75169054e-02
  -6.02174513e-02 -9.22254398e-02  2.04099208e-01 -9.08585712e-02
  -5.55415228e-02  5.44330254e-02 -1.07228912e-01 -2.41006315e-02
   2.11795449e-01  5.49349971e-02  8.84041116e-02  4.87294756e-02
  -8.90915468e-02  5.68603687e-02  1.40470356e-01 -7.78095946e-02
   3.63520011e-02 -3.56859937e-02  1.80294648e-01 -8.12128708e-02
   2.16373339e-01  1.26442164e-01  6.25025854e-02  1.26905009e-01
  -7.60169923e-02  9.66426209e-02 -2.78855599e-02  7.94846043e-02
   9.86718386e-03  3.89872566e-02  7.80345276e-02 -7.85045028e-02
  -4.79234904e-02 -3.67047787e-02  6.02227598e-02 -4.28044349e-02
  -2.28663310e-02  1.01130992e-01 -7.75061920e-02 -4.56296317e-02
  -5.16444119e-03 -1.17895849e-01  1.88193063e-03 -2.82507930e-02
   7.75046423e-02  3.92406173e-02  1.64183110e-01  1.90710723e-02
  -3.84647974e-05 -1.84757952e-02  2.24138916e-01 -8.38209391e-02
  -8.57396498e-02 -7.51428008e-02 -8.90326798e-02  6.51574805e-02
   6.54583098e-03  6.24049231e-02 -4.39320356e-02  7.66227469e-02
  -7.29758888e-02  5.31291962e-02 -6.14726022e-02  1.26277626e-01
   1.64733955e-03  1.21811941e-01 -8.10591355e-02 -8.24399441e-02
   1.11205615e-01 -6.85480312e-02  8.03523958e-02 -4.85074334e-02
  -2.08277311e-02 -4.37078588e-02 -6.12565242e-02  1.00463562e-01
  -1.53806284e-02  1.21997837e-02 -1.64655093e-02 -7.75739551e-02
   5.41797988e-02 -2.54590381e-02 -5.41210398e-02 -6.38210773e-02]]
