[[ 0.06184313 -0.09958065 -0.08783145 -0.01511102  0.12211028  0.05672878
  -0.04187884  0.05198178  0.04918336  0.1048354  -0.00578437 -0.11518881
   0.0333829   0.11724699 -0.12041859 -0.01346096  0.05008391 -0.0025284
   0.00639549  0.01072293  0.11741471  0.21489994 -0.0126499   0.14407247
  -0.08272415  0.03233261  0.02635542 -0.00989171  0.01424649 -0.07809152
  -0.07465228 -0.00140774 -0.06605887  0.01403707  0.03897896  0.06386336
   0.12227355 -0.08785528  0.1250048  -0.12634304 -0.07342614 -0.06455839
  -0.014614    0.05059354  0.12033767 -0.07053452  0.03781028 -0.07571656
  -0.05648077 -0.07340698 -0.14759767  0.01439516  0.13865265 -0.0840172
  -0.01587929  0.1427684  -0.14803    -0.05392286  0.10701282 -0.06944796
   0.10480633  0.09170043  0.21551186 -0.03768585 -0.09274002  0.12036663
  -0.02212775 -0.07677066 -0.06192116  0.14174768  0.12356281 -0.06750959
  -0.00608702  0.06803244  0.15564157  0.04924282 -0.01328753 -0.06442159
   0.06114379 -0.13886002  0.08748153 -0.04246248 -0.11071024  0.06743021
  -0.07150766 -0.08229073 -0.01363964  0.13857897  0.12632313 -0.0985005
  -0.08426409  0.2158494   0.16076708 -0.08840165  0.05884192 -0.11287516
   0.05263876 -0.11173324 -0.09286052  0.10890815 -0.08490123 -0.07534016
  -0.03876514  0.09868278 -0.01564008  0.06344236 -0.02872112 -0.07382991
  -0.06768884 -0.01239239 -0.0801737   0.1514541   0.04942978  0.14029819
  -0.04415911 -0.03355603 -0.07141744  0.02245306  0.07984114 -0.08027408
   0.01071586 -0.09786433 -0.05501629 -0.0635336  -0.01640169 -0.03368225
   0.11294674  0.09198985]
 [ 0.1331532  -0.06861385 -0.08541571 -0.19820918 -0.06067683  0.020605
  -0.08374023 -0.04940792 -0.10824011 -0.00317567 -0.10157537  0.00955085
  -0.08760341  0.0976754  -0.06004028  0.2186383  -0.07004846  0.05996094
  -0.05929344  0.12450007  0.00375984  0.13174652 -0.09876704  0.01375808
   0.12742664 -0.078052    0.10532594  0.07901046  0.10323358 -0.06155604
  -0.05046096  0.07127465  0.06502955 -0.11167824 -0.02040759  0.05866326
   0.06851901 -0.08607545  0.19100004  0.00997872  0.00543151 -0.04250869
  -0.10899582  0.00321029 -0.06209021 -0.09540145  0.19289367 -0.09670492
  -0.0624499   0.04955184 -0.11056751 -0.00050524  0.18821545  0.04272018
   0.0839002   0.03115015 -0.07438349  0.03254022  0.16277455 -0.08169767
   0.06295727 -0.04047925  0.19699167 -0.09061869  0.20199156  0.12190662
   0.06965582  0.15332878 -0.08116551  0.10509367 -0.04589115  0.06846579
  -0.00480841  0.03237762  0.09423587 -0.08262639 -0.03663545 -0.02522127
   0.05320667 -0.06325096  0.00273529  0.10687701 -0.08534409 -0.05017179
   0.02004337 -0.11604494  0.00203334 -0.02412646  0.04172393  0.03216663
   0.11993368  0.02951356  0.00155206 -0.02122615  0.24242014 -0.07284294
  -0.08737285 -0.08144762 -0.0905883   0.07343709 -0.01011273  0.07058655
  -0.0461429   0.05091876 -0.08497305  0.07902092 -0.05811427  0.10590242
  -0.00713162  0.11626252 -0.08247008 -0.08083408  0.11793659 -0.07095294
   0.09961924 -0.0562512  -0.03368438 -0.03804951 -0.05399851  0.10959661
  -0.02813793 -0.00525484 -0.01768001 -0.08017354  0.05046111 -0.02085075
  -0.04904062 -0.06308553]]
[[ 0.06184313 -0.09958065 -0.08783145 -0.01511102  0.12211028  0.05672878
  -0.04187884  0.05198178  0.04918336  0.1048354  -0.00578437 -0.11518881
   0.0333829   0.11724699 -0.12041859 -0.01346096  0.05008391 -0.0025284
   0.00639549  0.01072293  0.11741471  0.21489994 -0.0126499   0.14407247
  -0.08272415  0.03233261  0.02635542 -0.00989171  0.01424649 -0.07809152
  -0.07465228 -0.00140774 -0.06605887  0.01403707  0.03897896  0.06386336
   0.12227355 -0.08785528  0.1250048  -0.12634304 -0.07342614 -0.06455839
  -0.014614    0.05059354  0.12033767 -0.07053452  0.03781028 -0.07571656
  -0.05648077 -0.07340698 -0.14759767  0.01439516  0.13865265 -0.0840172
  -0.01587929  0.1427684  -0.14803    -0.05392286  0.10701282 -0.06944796
   0.10480633  0.09170043  0.21551186 -0.03768585 -0.09274002  0.12036663
  -0.02212775 -0.07677066 -0.06192116  0.14174768  0.12356281 -0.06750959
  -0.00608702  0.06803244  0.15564157  0.04924282 -0.01328753 -0.06442159
   0.06114379 -0.13886002  0.08748153 -0.04246248 -0.11071024  0.06743021
  -0.07150766 -0.08229073 -0.01363964  0.13857897  0.12632313 -0.0985005
  -0.08426409  0.2158494   0.16076708 -0.08840165  0.05884192 -0.11287516
   0.05263876 -0.11173324 -0.09286052  0.10890815 -0.08490123 -0.07534016
  -0.03876514  0.09868278 -0.01564008  0.06344236 -0.02872112 -0.07382991
  -0.06768884 -0.01239239 -0.0801737   0.1514541   0.04942978  0.14029819
  -0.04415911 -0.03355603 -0.07141744  0.02245306  0.07984114 -0.08027408
   0.01071586 -0.09786433 -0.05501629 -0.0635336  -0.01640169 -0.03368225
   0.11294674  0.09198985]
 [ 0.1331532  -0.06861385 -0.08541571 -0.19820918 -0.06067683  0.020605
  -0.08374023 -0.04940792 -0.10824011 -0.00317567 -0.10157537  0.00955085
  -0.08760341  0.0976754  -0.06004028  0.2186383  -0.07004846  0.05996094
  -0.05929344  0.12450007  0.00375984  0.13174652 -0.09876704  0.01375808
   0.12742664 -0.078052    0.10532594  0.07901046  0.10323358 -0.06155604
  -0.05046096  0.07127465  0.06502955 -0.11167824 -0.02040759  0.05866326
   0.06851901 -0.08607545  0.19100004  0.00997872  0.00543151 -0.04250869
  -0.10899582  0.00321029 -0.06209021 -0.09540145  0.19289367 -0.09670492
  -0.0624499   0.04955184 -0.11056751 -0.00050524  0.18821545  0.04272018
   0.0839002   0.03115015 -0.07438349  0.03254022  0.16277455 -0.08169767
   0.06295727 -0.04047925  0.19699167 -0.09061869  0.20199156  0.12190662
   0.06965582  0.15332878 -0.08116551  0.10509367 -0.04589115  0.06846579
  -0.00480841  0.03237762  0.09423587 -0.08262639 -0.03663545 -0.02522127
   0.05320667 -0.06325096  0.00273529  0.10687701 -0.08534409 -0.05017179
   0.02004337 -0.11604494  0.00203334 -0.02412646  0.04172393  0.03216663
   0.11993368  0.02951356  0.00155206 -0.02122615  0.24242014 -0.07284294
  -0.08737285 -0.08144762 -0.0905883   0.07343709 -0.01011273  0.07058655
  -0.0461429   0.05091876 -0.08497305  0.07902092 -0.05811427  0.10590242
  -0.00713162  0.11626252 -0.08247008 -0.08083408  0.11793659 -0.07095294
   0.09961924 -0.0562512  -0.03368438 -0.03804951 -0.05399851  0.10959661
  -0.02813793 -0.00525484 -0.01768001 -0.08017354  0.05046111 -0.02085075
  -0.04904062 -0.06308553]]
[[ 0.06184313 -0.09958065 -0.08783145 -0.01511102  0.12211028  0.05672878
  -0.04187884  0.05198178  0.04918336  0.1048354  -0.00578437 -0.11518881
   0.0333829   0.11724699 -0.12041859 -0.01346096  0.05008391 -0.0025284
   0.00639549  0.01072293  0.11741471  0.21489994 -0.0126499   0.14407247
  -0.08272415  0.03233261  0.02635542 -0.00989171  0.01424649 -0.07809152
  -0.07465228 -0.00140774 -0.06605887  0.01403707  0.03897896  0.06386336
   0.12227355 -0.08785528  0.1250048  -0.12634304 -0.07342614 -0.06455839
  -0.014614    0.05059354  0.12033767 -0.07053452  0.03781028 -0.07571656
  -0.05648077 -0.07340698 -0.14759767  0.01439516  0.13865265 -0.0840172
  -0.01587929  0.1427684  -0.14803    -0.05392286  0.10701282 -0.06944796
   0.10480633  0.09170043  0.21551186 -0.03768585 -0.09274002  0.12036663
  -0.02212775 -0.07677066 -0.06192116  0.14174768  0.12356281 -0.06750959
  -0.00608702  0.06803244  0.15564157  0.04924282 -0.01328753 -0.06442159
   0.06114379 -0.13886002  0.08748153 -0.04246248 -0.11071024  0.06743021
  -0.07150766 -0.08229073 -0.01363964  0.13857897  0.12632313 -0.0985005
  -0.08426409  0.2158494   0.16076708 -0.08840165  0.05884192 -0.11287516
   0.05263876 -0.11173324 -0.09286052  0.10890815 -0.08490123 -0.07534016
  -0.03876514  0.09868278 -0.01564008  0.06344236 -0.02872112 -0.07382991
  -0.06768884 -0.01239239 -0.0801737   0.1514541   0.04942978  0.14029819
  -0.04415911 -0.03355603 -0.07141744  0.02245306  0.07984114 -0.08027408
   0.01071586 -0.09786433 -0.05501629 -0.0635336  -0.01640169 -0.03368225
   0.11294674  0.09198985]
 [ 0.1331532  -0.06861385 -0.08541571 -0.19820918 -0.06067683  0.020605
  -0.08374023 -0.04940792 -0.10824011 -0.00317567 -0.10157537  0.00955085
  -0.08760341  0.0976754  -0.06004028  0.2186383  -0.07004846  0.05996094
  -0.05929344  0.12450007  0.00375984  0.13174652 -0.09876704  0.01375808
   0.12742664 -0.078052    0.10532594  0.07901046  0.10323358 -0.06155604
  -0.05046096  0.07127465  0.06502955 -0.11167824 -0.02040759  0.05866326
   0.06851901 -0.08607545  0.19100004  0.00997872  0.00543151 -0.04250869
  -0.10899582  0.00321029 -0.06209021 -0.09540145  0.19289367 -0.09670492
  -0.0624499   0.04955184 -0.11056751 -0.00050524  0.18821545  0.04272018
   0.0839002   0.03115015 -0.07438349  0.03254022  0.16277455 -0.08169767
   0.06295727 -0.04047925  0.19699167 -0.09061869  0.20199156  0.12190662
   0.06965582  0.15332878 -0.08116551  0.10509367 -0.04589115  0.06846579
  -0.00480841  0.03237762  0.09423587 -0.08262639 -0.03663545 -0.02522127
   0.05320667 -0.06325096  0.00273529  0.10687701 -0.08534409 -0.05017179
   0.02004337 -0.11604494  0.00203334 -0.02412646  0.04172393  0.03216663
   0.11993368  0.02951356  0.00155206 -0.02122615  0.24242014 -0.07284294
  -0.08737285 -0.08144762 -0.0905883   0.07343709 -0.01011273  0.07058655
  -0.0461429   0.05091876 -0.08497305  0.07902092 -0.05811427  0.10590242
  -0.00713162  0.11626252 -0.08247008 -0.08083408  0.11793659 -0.07095294
   0.09961924 -0.0562512  -0.03368438 -0.03804951 -0.05399851  0.10959661
  -0.02813793 -0.00525484 -0.01768001 -0.08017354  0.05046111 -0.02085075
  -0.04904062 -0.06308553]]
[[ 0.06184313 -0.09958065 -0.08783145 -0.01511102  0.12211028  0.05672878
  -0.04187884  0.05198178  0.04918336  0.1048354  -0.00578437 -0.11518881
   0.0333829   0.11724699 -0.12041859 -0.01346096  0.05008391 -0.0025284
   0.00639549  0.01072293  0.11741471  0.21489994 -0.0126499   0.14407247
  -0.08272415  0.03233261  0.02635542 -0.00989171  0.01424649 -0.07809152
  -0.07465228 -0.00140774 -0.06605887  0.01403707  0.03897896  0.06386336
   0.12227355 -0.08785528  0.1250048  -0.12634304 -0.07342614 -0.06455839
  -0.014614    0.05059354  0.12033767 -0.07053452  0.03781028 -0.07571656
  -0.05648077 -0.07340698 -0.14759767  0.01439516  0.13865265 -0.0840172
  -0.01587929  0.1427684  -0.14803    -0.05392286  0.10701282 -0.06944796
   0.10480633  0.09170043  0.21551186 -0.03768585 -0.09274002  0.12036663
  -0.02212775 -0.07677066 -0.06192116  0.14174768  0.12356281 -0.06750959
  -0.00608702  0.06803244  0.15564157  0.04924282 -0.01328753 -0.06442159
   0.06114379 -0.13886002  0.08748153 -0.04246248 -0.11071024  0.06743021
  -0.07150766 -0.08229073 -0.01363964  0.13857897  0.12632313 -0.0985005
  -0.08426409  0.2158494   0.16076708 -0.08840165  0.05884192 -0.11287516
   0.05263876 -0.11173324 -0.09286052  0.10890815 -0.08490123 -0.07534016
  -0.03876514  0.09868278 -0.01564008  0.06344236 -0.02872112 -0.07382991
  -0.06768884 -0.01239239 -0.0801737   0.1514541   0.04942978  0.14029819
  -0.04415911 -0.03355603 -0.07141744  0.02245306  0.07984114 -0.08027408
   0.01071586 -0.09786433 -0.05501629 -0.0635336  -0.01640169 -0.03368225
   0.11294674  0.09198985]
 [ 0.1331532  -0.06861385 -0.08541571 -0.19820918 -0.06067683  0.020605
  -0.08374023 -0.04940792 -0.10824011 -0.00317567 -0.10157537  0.00955085
  -0.08760341  0.0976754  -0.06004028  0.2186383  -0.07004846  0.05996094
  -0.05929344  0.12450007  0.00375984  0.13174652 -0.09876704  0.01375808
   0.12742664 -0.078052    0.10532594  0.07901046  0.10323358 -0.06155604
  -0.05046096  0.07127465  0.06502955 -0.11167824 -0.02040759  0.05866326
   0.06851901 -0.08607545  0.19100004  0.00997872  0.00543151 -0.04250869
  -0.10899582  0.00321029 -0.06209021 -0.09540145  0.19289367 -0.09670492
  -0.0624499   0.04955184 -0.11056751 -0.00050524  0.18821545  0.04272018
   0.0839002   0.03115015 -0.07438349  0.03254022  0.16277455 -0.08169767
   0.06295727 -0.04047925  0.19699167 -0.09061869  0.20199156  0.12190662
   0.06965582  0.15332878 -0.08116551  0.10509367 -0.04589115  0.06846579
  -0.00480841  0.03237762  0.09423587 -0.08262639 -0.03663545 -0.02522127
   0.05320667 -0.06325096  0.00273529  0.10687701 -0.08534409 -0.05017179
   0.02004337 -0.11604494  0.00203334 -0.02412646  0.04172393  0.03216663
   0.11993368  0.02951356  0.00155206 -0.02122615  0.24242014 -0.07284294
  -0.08737285 -0.08144762 -0.0905883   0.07343709 -0.01011273  0.07058655
  -0.0461429   0.05091876 -0.08497305  0.07902092 -0.05811427  0.10590242
  -0.00713162  0.11626252 -0.08247008 -0.08083408  0.11793659 -0.07095294
   0.09961924 -0.0562512  -0.03368438 -0.03804951 -0.05399851  0.10959661
  -0.02813793 -0.00525484 -0.01768001 -0.08017354  0.05046111 -0.02085075
  -0.04904062 -0.06308553]]
