[[ 0.07314329 -0.08085738 -0.09005264  0.00065604  0.0729993   0.08246324
  -0.07653187  0.05109609  0.04074158  0.09574312  0.0385148  -0.11427131
  -0.04496847  0.14718556 -0.11504979  0.03600747  0.02924948 -0.0301219
  -0.01306069  0.00938239  0.14006738  0.20026544 -0.04950129  0.1383611
  -0.06712193  0.06386883 -0.06560466 -0.00422799  0.02901333 -0.07538913
  -0.06286577 -0.02148997 -0.03554583  0.06652726  0.0705156   0.04103398
   0.17135929 -0.07375429  0.13385181 -0.11290827 -0.01842228 -0.06775285
   0.0253431   0.01745185  0.12103178 -0.05997372  0.08622988 -0.06071369
  -0.06756832 -0.03574923 -0.12821653 -0.01208218  0.18497327 -0.08808081
   0.00960819  0.04894248 -0.14354508  0.00108502  0.09768566 -0.05984144
   0.02535241 -0.00222415  0.22734413 -0.02059076 -0.07385225  0.10360955
  -0.05920589 -0.06756964 -0.06071218  0.03599823  0.170706   -0.01749486
   0.00067347  0.13383606  0.11609001  0.11186909 -0.06450642 -0.07483771
   0.02027781 -0.10875066  0.07614493  0.02699148 -0.10160773  0.07954136
  -0.08860046 -0.05544804 -0.01752062  0.15981002  0.10037112 -0.07040736
  -0.04229642  0.17932437  0.168282   -0.07851032  0.04945956 -0.12857156
   0.08696015 -0.08951505 -0.10537611  0.09401779 -0.08239618 -0.06386199
  -0.02698622  0.0623082   0.07811604  0.11244437 -0.05723402 -0.08585235
  -0.06697043  0.00822422 -0.11357813  0.19212715  0.01684327  0.1919074
  -0.02882128 -0.02686811 -0.08454038 -0.03685469  0.12302268 -0.00232818
  -0.02260051 -0.10303345 -0.07413224 -0.0738075  -0.00836115 -0.01025225
  -0.01611293  0.12510282]
 [ 0.14867452 -0.0458601  -0.07517498 -0.19572833 -0.05934057  0.0544171
  -0.08297627 -0.02938677 -0.1044329  -0.00402721 -0.09707661 -0.01367788
  -0.08865458  0.08839865 -0.06175715  0.24662703 -0.08113288  0.10238884
  -0.07071393  0.09507653  0.01413793  0.14362045 -0.10201675  0.02796231
   0.13976246 -0.06546117  0.0884689   0.07271688  0.11430025 -0.06448273
  -0.04298432  0.10533313  0.0279151  -0.13490413 -0.00959723  0.06154858
   0.03448544 -0.08070954  0.18515228  0.01684871  0.00148748 -0.03568165
  -0.10719413 -0.01887875 -0.05418025 -0.09641831  0.17077956 -0.0892479
  -0.04476357  0.0457793  -0.10971946 -0.01794879  0.20997837  0.05284159
   0.057812    0.03015353 -0.08515604  0.03158299  0.14345467 -0.0736101
   0.05400462 -0.04813493  0.19037163 -0.06750496  0.21028763  0.11705006
   0.05360475  0.1406463  -0.08191133  0.06233039 -0.04890145  0.06941389
   0.02345702  0.03196873  0.08053372 -0.08833982 -0.05935814 -0.03580498
   0.05601864 -0.02705274 -0.0336704   0.11694221 -0.07855813 -0.03909434
  -0.01349987 -0.11711185 -0.02686306 -0.04380617  0.0553727   0.05559027
   0.17720683  0.02087634  0.007413   -0.02814966  0.2197627  -0.08396839
  -0.08991364 -0.07821295 -0.09350308  0.06043713  0.01582775  0.05276456
  -0.04983111  0.0853511  -0.07985663  0.0622406  -0.06966571  0.13060154
  -0.0109776   0.12403855 -0.08443528 -0.08079699  0.10311913 -0.07266641
   0.05847516 -0.02869221 -0.03008119 -0.04896243 -0.06709263  0.09975598
  -0.00286318 -0.00100605 -0.01604998 -0.08033253  0.03845994 -0.03657021
  -0.05491576 -0.0608881 ]]
[[ 0.07314329 -0.08085738 -0.09005264  0.00065604  0.0729993   0.08246324
  -0.07653187  0.05109609  0.04074158  0.09574312  0.0385148  -0.11427131
  -0.04496847  0.14718556 -0.11504979  0.03600747  0.02924948 -0.0301219
  -0.01306069  0.00938239  0.14006738  0.20026544 -0.04950129  0.1383611
  -0.06712193  0.06386883 -0.06560466 -0.00422799  0.02901333 -0.07538913
  -0.06286577 -0.02148997 -0.03554583  0.06652726  0.0705156   0.04103398
   0.17135929 -0.07375429  0.13385181 -0.11290827 -0.01842228 -0.06775285
   0.0253431   0.01745185  0.12103178 -0.05997372  0.08622988 -0.06071369
  -0.06756832 -0.03574923 -0.12821653 -0.01208218  0.18497327 -0.08808081
   0.00960819  0.04894248 -0.14354508  0.00108502  0.09768566 -0.05984144
   0.02535241 -0.00222415  0.22734413 -0.02059076 -0.07385225  0.10360955
  -0.05920589 -0.06756964 -0.06071218  0.03599823  0.170706   -0.01749486
   0.00067347  0.13383606  0.11609001  0.11186909 -0.06450642 -0.07483771
   0.02027781 -0.10875066  0.07614493  0.02699148 -0.10160773  0.07954136
  -0.08860046 -0.05544804 -0.01752062  0.15981002  0.10037112 -0.07040736
  -0.04229642  0.17932437  0.168282   -0.07851032  0.04945956 -0.12857156
   0.08696015 -0.08951505 -0.10537611  0.09401779 -0.08239618 -0.06386199
  -0.02698622  0.0623082   0.07811604  0.11244437 -0.05723402 -0.08585235
  -0.06697043  0.00822422 -0.11357813  0.19212715  0.01684327  0.1919074
  -0.02882128 -0.02686811 -0.08454038 -0.03685469  0.12302268 -0.00232818
  -0.02260051 -0.10303345 -0.07413224 -0.0738075  -0.00836115 -0.01025225
  -0.01611293  0.12510282]
 [ 0.14867452 -0.0458601  -0.07517498 -0.19572833 -0.05934057  0.0544171
  -0.08297627 -0.02938677 -0.1044329  -0.00402721 -0.09707661 -0.01367788
  -0.08865458  0.08839865 -0.06175715  0.24662703 -0.08113288  0.10238884
  -0.07071393  0.09507653  0.01413793  0.14362045 -0.10201675  0.02796231
   0.13976246 -0.06546117  0.0884689   0.07271688  0.11430025 -0.06448273
  -0.04298432  0.10533313  0.0279151  -0.13490413 -0.00959723  0.06154858
   0.03448544 -0.08070954  0.18515228  0.01684871  0.00148748 -0.03568165
  -0.10719413 -0.01887875 -0.05418025 -0.09641831  0.17077956 -0.0892479
  -0.04476357  0.0457793  -0.10971946 -0.01794879  0.20997837  0.05284159
   0.057812    0.03015353 -0.08515604  0.03158299  0.14345467 -0.0736101
   0.05400462 -0.04813493  0.19037163 -0.06750496  0.21028763  0.11705006
   0.05360475  0.1406463  -0.08191133  0.06233039 -0.04890145  0.06941389
   0.02345702  0.03196873  0.08053372 -0.08833982 -0.05935814 -0.03580498
   0.05601864 -0.02705274 -0.0336704   0.11694221 -0.07855813 -0.03909434
  -0.01349987 -0.11711185 -0.02686306 -0.04380617  0.0553727   0.05559027
   0.17720683  0.02087634  0.007413   -0.02814966  0.2197627  -0.08396839
  -0.08991364 -0.07821295 -0.09350308  0.06043713  0.01582775  0.05276456
  -0.04983111  0.0853511  -0.07985663  0.0622406  -0.06966571  0.13060154
  -0.0109776   0.12403855 -0.08443528 -0.08079699  0.10311913 -0.07266641
   0.05847516 -0.02869221 -0.03008119 -0.04896243 -0.06709263  0.09975598
  -0.00286318 -0.00100605 -0.01604998 -0.08033253  0.03845994 -0.03657021
  -0.05491576 -0.0608881 ]]
[[ 0.07314329 -0.08085738 -0.09005264  0.00065604  0.0729993   0.08246324
  -0.07653187  0.05109609  0.04074158  0.09574312  0.0385148  -0.11427131
  -0.04496847  0.14718556 -0.11504979  0.03600747  0.02924948 -0.0301219
  -0.01306069  0.00938239  0.14006738  0.20026544 -0.04950129  0.1383611
  -0.06712193  0.06386883 -0.06560466 -0.00422799  0.02901333 -0.07538913
  -0.06286577 -0.02148997 -0.03554583  0.06652726  0.0705156   0.04103398
   0.17135929 -0.07375429  0.13385181 -0.11290827 -0.01842228 -0.06775285
   0.0253431   0.01745185  0.12103178 -0.05997372  0.08622988 -0.06071369
  -0.06756832 -0.03574923 -0.12821653 -0.01208218  0.18497327 -0.08808081
   0.00960819  0.04894248 -0.14354508  0.00108502  0.09768566 -0.05984144
   0.02535241 -0.00222415  0.22734413 -0.02059076 -0.07385225  0.10360955
  -0.05920589 -0.06756964 -0.06071218  0.03599823  0.170706   -0.01749486
   0.00067347  0.13383606  0.11609001  0.11186909 -0.06450642 -0.07483771
   0.02027781 -0.10875066  0.07614493  0.02699148 -0.10160773  0.07954136
  -0.08860046 -0.05544804 -0.01752062  0.15981002  0.10037112 -0.07040736
  -0.04229642  0.17932437  0.168282   -0.07851032  0.04945956 -0.12857156
   0.08696015 -0.08951505 -0.10537611  0.09401779 -0.08239618 -0.06386199
  -0.02698622  0.0623082   0.07811604  0.11244437 -0.05723402 -0.08585235
  -0.06697043  0.00822422 -0.11357813  0.19212715  0.01684327  0.1919074
  -0.02882128 -0.02686811 -0.08454038 -0.03685469  0.12302268 -0.00232818
  -0.02260051 -0.10303345 -0.07413224 -0.0738075  -0.00836115 -0.01025225
  -0.01611293  0.12510282]
 [ 0.14867452 -0.0458601  -0.07517498 -0.19572833 -0.05934057  0.0544171
  -0.08297627 -0.02938677 -0.1044329  -0.00402721 -0.09707661 -0.01367788
  -0.08865458  0.08839865 -0.06175715  0.24662703 -0.08113288  0.10238884
  -0.07071393  0.09507653  0.01413793  0.14362045 -0.10201675  0.02796231
   0.13976246 -0.06546117  0.0884689   0.07271688  0.11430025 -0.06448273
  -0.04298432  0.10533313  0.0279151  -0.13490413 -0.00959723  0.06154858
   0.03448544 -0.08070954  0.18515228  0.01684871  0.00148748 -0.03568165
  -0.10719413 -0.01887875 -0.05418025 -0.09641831  0.17077956 -0.0892479
  -0.04476357  0.0457793  -0.10971946 -0.01794879  0.20997837  0.05284159
   0.057812    0.03015353 -0.08515604  0.03158299  0.14345467 -0.0736101
   0.05400462 -0.04813493  0.19037163 -0.06750496  0.21028763  0.11705006
   0.05360475  0.1406463  -0.08191133  0.06233039 -0.04890145  0.06941389
   0.02345702  0.03196873  0.08053372 -0.08833982 -0.05935814 -0.03580498
   0.05601864 -0.02705274 -0.0336704   0.11694221 -0.07855813 -0.03909434
  -0.01349987 -0.11711185 -0.02686306 -0.04380617  0.0553727   0.05559027
   0.17720683  0.02087634  0.007413   -0.02814966  0.2197627  -0.08396839
  -0.08991364 -0.07821295 -0.09350308  0.06043713  0.01582775  0.05276456
  -0.04983111  0.0853511  -0.07985663  0.0622406  -0.06966571  0.13060154
  -0.0109776   0.12403855 -0.08443528 -0.08079699  0.10311913 -0.07266641
   0.05847516 -0.02869221 -0.03008119 -0.04896243 -0.06709263  0.09975598
  -0.00286318 -0.00100605 -0.01604998 -0.08033253  0.03845994 -0.03657021
  -0.05491576 -0.0608881 ]]
[[ 0.07314329 -0.08085738 -0.09005264  0.00065604  0.0729993   0.08246324
  -0.07653187  0.05109609  0.04074158  0.09574312  0.0385148  -0.11427131
  -0.04496847  0.14718556 -0.11504979  0.03600747  0.02924948 -0.0301219
  -0.01306069  0.00938239  0.14006738  0.20026544 -0.04950129  0.1383611
  -0.06712193  0.06386883 -0.06560466 -0.00422799  0.02901333 -0.07538913
  -0.06286577 -0.02148997 -0.03554583  0.06652726  0.0705156   0.04103398
   0.17135929 -0.07375429  0.13385181 -0.11290827 -0.01842228 -0.06775285
   0.0253431   0.01745185  0.12103178 -0.05997372  0.08622988 -0.06071369
  -0.06756832 -0.03574923 -0.12821653 -0.01208218  0.18497327 -0.08808081
   0.00960819  0.04894248 -0.14354508  0.00108502  0.09768566 -0.05984144
   0.02535241 -0.00222415  0.22734413 -0.02059076 -0.07385225  0.10360955
  -0.05920589 -0.06756964 -0.06071218  0.03599823  0.170706   -0.01749486
   0.00067347  0.13383606  0.11609001  0.11186909 -0.06450642 -0.07483771
   0.02027781 -0.10875066  0.07614493  0.02699148 -0.10160773  0.07954136
  -0.08860046 -0.05544804 -0.01752062  0.15981002  0.10037112 -0.07040736
  -0.04229642  0.17932437  0.168282   -0.07851032  0.04945956 -0.12857156
   0.08696015 -0.08951505 -0.10537611  0.09401779 -0.08239618 -0.06386199
  -0.02698622  0.0623082   0.07811604  0.11244437 -0.05723402 -0.08585235
  -0.06697043  0.00822422 -0.11357813  0.19212715  0.01684327  0.1919074
  -0.02882128 -0.02686811 -0.08454038 -0.03685469  0.12302268 -0.00232818
  -0.02260051 -0.10303345 -0.07413224 -0.0738075  -0.00836115 -0.01025225
  -0.01611293  0.12510282]
 [ 0.14867452 -0.0458601  -0.07517498 -0.19572833 -0.05934057  0.0544171
  -0.08297627 -0.02938677 -0.1044329  -0.00402721 -0.09707661 -0.01367788
  -0.08865458  0.08839865 -0.06175715  0.24662703 -0.08113288  0.10238884
  -0.07071393  0.09507653  0.01413793  0.14362045 -0.10201675  0.02796231
   0.13976246 -0.06546117  0.0884689   0.07271688  0.11430025 -0.06448273
  -0.04298432  0.10533313  0.0279151  -0.13490413 -0.00959723  0.06154858
   0.03448544 -0.08070954  0.18515228  0.01684871  0.00148748 -0.03568165
  -0.10719413 -0.01887875 -0.05418025 -0.09641831  0.17077956 -0.0892479
  -0.04476357  0.0457793  -0.10971946 -0.01794879  0.20997837  0.05284159
   0.057812    0.03015353 -0.08515604  0.03158299  0.14345467 -0.0736101
   0.05400462 -0.04813493  0.19037163 -0.06750496  0.21028763  0.11705006
   0.05360475  0.1406463  -0.08191133  0.06233039 -0.04890145  0.06941389
   0.02345702  0.03196873  0.08053372 -0.08833982 -0.05935814 -0.03580498
   0.05601864 -0.02705274 -0.0336704   0.11694221 -0.07855813 -0.03909434
  -0.01349987 -0.11711185 -0.02686306 -0.04380617  0.0553727   0.05559027
   0.17720683  0.02087634  0.007413   -0.02814966  0.2197627  -0.08396839
  -0.08991364 -0.07821295 -0.09350308  0.06043713  0.01582775  0.05276456
  -0.04983111  0.0853511  -0.07985663  0.0622406  -0.06966571  0.13060154
  -0.0109776   0.12403855 -0.08443528 -0.08079699  0.10311913 -0.07266641
   0.05847516 -0.02869221 -0.03008119 -0.04896243 -0.06709263  0.09975598
  -0.00286318 -0.00100605 -0.01604998 -0.08033253  0.03845994 -0.03657021
  -0.05491576 -0.0608881 ]]
