[[ 0.05498624 -0.09245007 -0.0909331  -0.01570226  0.09949846  0.06703129
  -0.07922226  0.03298948  0.03385119  0.10127302  0.02721026 -0.12339254
  -0.0101395   0.15548985 -0.1204166   0.0359358   0.02502311 -0.02684918
  -0.01181802  0.00831015  0.13943505  0.23259282 -0.03767584  0.12555866
  -0.05232901  0.02210397 -0.07161375 -0.00059186  0.02598828 -0.08183916
  -0.06012932 -0.02859768 -0.04487757  0.06409961  0.06483738  0.05266779
   0.13385686 -0.07599885  0.12976299 -0.11871711 -0.03680602 -0.06010839
  -0.00608861  0.05451435  0.09999978 -0.07542898  0.0819625  -0.06955424
  -0.0584697  -0.05499286 -0.13690476 -0.02268223  0.2212446  -0.08875258
  -0.0096119   0.0517474  -0.15162571  0.0006244   0.09142505 -0.06639558
   0.06499691  0.02286381  0.23278153 -0.02928689 -0.08562844  0.1234633
  -0.06792941 -0.07259966 -0.07988273  0.07332423  0.11850772 -0.02109392
   0.00642712  0.1021475   0.12655838  0.08391137 -0.0679034  -0.06516311
   0.05810654 -0.12057194  0.06586995 -0.01406018 -0.10606208  0.05661825
  -0.09278877 -0.06532963 -0.02661246  0.14120018  0.12121584 -0.06088855
  -0.05186255  0.21796006  0.16759557 -0.08685809  0.06908369 -0.1286652
   0.05535708 -0.09590269 -0.10753556  0.11196486 -0.08860502 -0.0723057
  -0.01395066  0.06803634  0.04388434  0.1130174  -0.05553327 -0.05960721
  -0.04213259  0.00772715 -0.10924216  0.176387    0.03283272  0.13955273
  -0.04523456 -0.04665469 -0.08348778 -0.00731832  0.09575305 -0.02679978
  -0.01315001 -0.09570108 -0.07944417 -0.07132988 -0.02927585 -0.03820654
   0.0099774   0.10990886]
 [ 0.1272134  -0.06631923 -0.08000705 -0.18630219 -0.05448776  0.03339436
  -0.07964957 -0.03147854 -0.10345016 -0.01361381 -0.09376605 -0.02213234
  -0.0922668   0.09271493 -0.06399599  0.24463026 -0.06631271  0.07231079
  -0.06813934  0.10767279 -0.01016051  0.14412656 -0.11431104  0.00203162
   0.16458143 -0.06758608  0.07738109  0.08131631  0.10171987 -0.0584638
  -0.04814328  0.0864673   0.03504308 -0.11933234 -0.01180685  0.07449269
   0.0449331  -0.0769033   0.177275    0.00596801  0.00784132 -0.03697855
  -0.10594131 -0.02048756 -0.06132476 -0.09536617  0.1715236  -0.09050833
  -0.05078508  0.04481788 -0.10447864 -0.01258143  0.21409355  0.05460301
   0.06493682  0.0430392  -0.09126275  0.03779439  0.13979994 -0.07239868
   0.05676913 -0.04284089  0.1923253  -0.07296598  0.21858042  0.13479193
   0.04900962  0.14272904 -0.07954022  0.06334242 -0.03295086  0.09630749
   0.00925323  0.06068343  0.08213619 -0.08201658 -0.05017995 -0.03805964
   0.06359312 -0.04003565 -0.03192101  0.11267163 -0.07665411 -0.04082732
  -0.00480574 -0.12108822 -0.00299167 -0.04390999  0.05863938  0.0825016
   0.1735923   0.02649166 -0.00601533 -0.02315968  0.22387822 -0.08420868
  -0.08802032 -0.07813147 -0.08969359  0.0609743   0.01369947  0.07063764
  -0.04778417  0.065228   -0.07519421  0.05537506 -0.06327308  0.13673057
   0.01729842  0.12113553 -0.08355413 -0.08133731  0.08987515 -0.06860825
   0.06249922 -0.04318743 -0.02136047 -0.04354073 -0.06439099  0.1036923
   0.00739186  0.01056561 -0.02720222 -0.07703478  0.0433137  -0.01596064
  -0.05459782 -0.05827506]]
[[ 0.05498624 -0.09245007 -0.0909331  -0.01570226  0.09949846  0.06703129
  -0.07922226  0.03298948  0.03385119  0.10127302  0.02721026 -0.12339254
  -0.0101395   0.15548985 -0.1204166   0.0359358   0.02502311 -0.02684918
  -0.01181802  0.00831015  0.13943505  0.23259282 -0.03767584  0.12555866
  -0.05232901  0.02210397 -0.07161375 -0.00059186  0.02598828 -0.08183916
  -0.06012932 -0.02859768 -0.04487757  0.06409961  0.06483738  0.05266779
   0.13385686 -0.07599885  0.12976299 -0.11871711 -0.03680602 -0.06010839
  -0.00608861  0.05451435  0.09999978 -0.07542898  0.0819625  -0.06955424
  -0.0584697  -0.05499286 -0.13690476 -0.02268223  0.2212446  -0.08875258
  -0.0096119   0.0517474  -0.15162571  0.0006244   0.09142505 -0.06639558
   0.06499691  0.02286381  0.23278153 -0.02928689 -0.08562844  0.1234633
  -0.06792941 -0.07259966 -0.07988273  0.07332423  0.11850772 -0.02109392
   0.00642712  0.1021475   0.12655838  0.08391137 -0.0679034  -0.06516311
   0.05810654 -0.12057194  0.06586995 -0.01406018 -0.10606208  0.05661825
  -0.09278877 -0.06532963 -0.02661246  0.14120018  0.12121584 -0.06088855
  -0.05186255  0.21796006  0.16759557 -0.08685809  0.06908369 -0.1286652
   0.05535708 -0.09590269 -0.10753556  0.11196486 -0.08860502 -0.0723057
  -0.01395066  0.06803634  0.04388434  0.1130174  -0.05553327 -0.05960721
  -0.04213259  0.00772715 -0.10924216  0.176387    0.03283272  0.13955273
  -0.04523456 -0.04665469 -0.08348778 -0.00731832  0.09575305 -0.02679978
  -0.01315001 -0.09570108 -0.07944417 -0.07132988 -0.02927585 -0.03820654
   0.0099774   0.10990886]
 [ 0.1272134  -0.06631923 -0.08000705 -0.18630219 -0.05448776  0.03339436
  -0.07964957 -0.03147854 -0.10345016 -0.01361381 -0.09376605 -0.02213234
  -0.0922668   0.09271493 -0.06399599  0.24463026 -0.06631271  0.07231079
  -0.06813934  0.10767279 -0.01016051  0.14412656 -0.11431104  0.00203162
   0.16458143 -0.06758608  0.07738109  0.08131631  0.10171987 -0.0584638
  -0.04814328  0.0864673   0.03504308 -0.11933234 -0.01180685  0.07449269
   0.0449331  -0.0769033   0.177275    0.00596801  0.00784132 -0.03697855
  -0.10594131 -0.02048756 -0.06132476 -0.09536617  0.1715236  -0.09050833
  -0.05078508  0.04481788 -0.10447864 -0.01258143  0.21409355  0.05460301
   0.06493682  0.0430392  -0.09126275  0.03779439  0.13979994 -0.07239868
   0.05676913 -0.04284089  0.1923253  -0.07296598  0.21858042  0.13479193
   0.04900962  0.14272904 -0.07954022  0.06334242 -0.03295086  0.09630749
   0.00925323  0.06068343  0.08213619 -0.08201658 -0.05017995 -0.03805964
   0.06359312 -0.04003565 -0.03192101  0.11267163 -0.07665411 -0.04082732
  -0.00480574 -0.12108822 -0.00299167 -0.04390999  0.05863938  0.0825016
   0.1735923   0.02649166 -0.00601533 -0.02315968  0.22387822 -0.08420868
  -0.08802032 -0.07813147 -0.08969359  0.0609743   0.01369947  0.07063764
  -0.04778417  0.065228   -0.07519421  0.05537506 -0.06327308  0.13673057
   0.01729842  0.12113553 -0.08355413 -0.08133731  0.08987515 -0.06860825
   0.06249922 -0.04318743 -0.02136047 -0.04354073 -0.06439099  0.1036923
   0.00739186  0.01056561 -0.02720222 -0.07703478  0.0433137  -0.01596064
  -0.05459782 -0.05827506]]
[[ 0.05498624 -0.09245007 -0.0909331  -0.01570226  0.09949846  0.06703129
  -0.07922226  0.03298948  0.03385119  0.10127302  0.02721026 -0.12339254
  -0.0101395   0.15548985 -0.1204166   0.0359358   0.02502311 -0.02684918
  -0.01181802  0.00831015  0.13943505  0.23259282 -0.03767584  0.12555866
  -0.05232901  0.02210397 -0.07161375 -0.00059186  0.02598828 -0.08183916
  -0.06012932 -0.02859768 -0.04487757  0.06409961  0.06483738  0.05266779
   0.13385686 -0.07599885  0.12976299 -0.11871711 -0.03680602 -0.06010839
  -0.00608861  0.05451435  0.09999978 -0.07542898  0.0819625  -0.06955424
  -0.0584697  -0.05499286 -0.13690476 -0.02268223  0.2212446  -0.08875258
  -0.0096119   0.0517474  -0.15162571  0.0006244   0.09142505 -0.06639558
   0.06499691  0.02286381  0.23278153 -0.02928689 -0.08562844  0.1234633
  -0.06792941 -0.07259966 -0.07988273  0.07332423  0.11850772 -0.02109392
   0.00642712  0.1021475   0.12655838  0.08391137 -0.0679034  -0.06516311
   0.05810654 -0.12057194  0.06586995 -0.01406018 -0.10606208  0.05661825
  -0.09278877 -0.06532963 -0.02661246  0.14120018  0.12121584 -0.06088855
  -0.05186255  0.21796006  0.16759557 -0.08685809  0.06908369 -0.1286652
   0.05535708 -0.09590269 -0.10753556  0.11196486 -0.08860502 -0.0723057
  -0.01395066  0.06803634  0.04388434  0.1130174  -0.05553327 -0.05960721
  -0.04213259  0.00772715 -0.10924216  0.176387    0.03283272  0.13955273
  -0.04523456 -0.04665469 -0.08348778 -0.00731832  0.09575305 -0.02679978
  -0.01315001 -0.09570108 -0.07944417 -0.07132988 -0.02927585 -0.03820654
   0.0099774   0.10990886]
 [ 0.1272134  -0.06631923 -0.08000705 -0.18630219 -0.05448776  0.03339436
  -0.07964957 -0.03147854 -0.10345016 -0.01361381 -0.09376605 -0.02213234
  -0.0922668   0.09271493 -0.06399599  0.24463026 -0.06631271  0.07231079
  -0.06813934  0.10767279 -0.01016051  0.14412656 -0.11431104  0.00203162
   0.16458143 -0.06758608  0.07738109  0.08131631  0.10171987 -0.0584638
  -0.04814328  0.0864673   0.03504308 -0.11933234 -0.01180685  0.07449269
   0.0449331  -0.0769033   0.177275    0.00596801  0.00784132 -0.03697855
  -0.10594131 -0.02048756 -0.06132476 -0.09536617  0.1715236  -0.09050833
  -0.05078508  0.04481788 -0.10447864 -0.01258143  0.21409355  0.05460301
   0.06493682  0.0430392  -0.09126275  0.03779439  0.13979994 -0.07239868
   0.05676913 -0.04284089  0.1923253  -0.07296598  0.21858042  0.13479193
   0.04900962  0.14272904 -0.07954022  0.06334242 -0.03295086  0.09630749
   0.00925323  0.06068343  0.08213619 -0.08201658 -0.05017995 -0.03805964
   0.06359312 -0.04003565 -0.03192101  0.11267163 -0.07665411 -0.04082732
  -0.00480574 -0.12108822 -0.00299167 -0.04390999  0.05863938  0.0825016
   0.1735923   0.02649166 -0.00601533 -0.02315968  0.22387822 -0.08420868
  -0.08802032 -0.07813147 -0.08969359  0.0609743   0.01369947  0.07063764
  -0.04778417  0.065228   -0.07519421  0.05537506 -0.06327308  0.13673057
   0.01729842  0.12113553 -0.08355413 -0.08133731  0.08987515 -0.06860825
   0.06249922 -0.04318743 -0.02136047 -0.04354073 -0.06439099  0.1036923
   0.00739186  0.01056561 -0.02720222 -0.07703478  0.0433137  -0.01596064
  -0.05459782 -0.05827506]]
[[ 0.05498624 -0.09245007 -0.0909331  -0.01570226  0.09949846  0.06703129
  -0.07922226  0.03298948  0.03385119  0.10127302  0.02721026 -0.12339254
  -0.0101395   0.15548985 -0.1204166   0.0359358   0.02502311 -0.02684918
  -0.01181802  0.00831015  0.13943505  0.23259282 -0.03767584  0.12555866
  -0.05232901  0.02210397 -0.07161375 -0.00059186  0.02598828 -0.08183916
  -0.06012932 -0.02859768 -0.04487757  0.06409961  0.06483738  0.05266779
   0.13385686 -0.07599885  0.12976299 -0.11871711 -0.03680602 -0.06010839
  -0.00608861  0.05451435  0.09999978 -0.07542898  0.0819625  -0.06955424
  -0.0584697  -0.05499286 -0.13690476 -0.02268223  0.2212446  -0.08875258
  -0.0096119   0.0517474  -0.15162571  0.0006244   0.09142505 -0.06639558
   0.06499691  0.02286381  0.23278153 -0.02928689 -0.08562844  0.1234633
  -0.06792941 -0.07259966 -0.07988273  0.07332423  0.11850772 -0.02109392
   0.00642712  0.1021475   0.12655838  0.08391137 -0.0679034  -0.06516311
   0.05810654 -0.12057194  0.06586995 -0.01406018 -0.10606208  0.05661825
  -0.09278877 -0.06532963 -0.02661246  0.14120018  0.12121584 -0.06088855
  -0.05186255  0.21796006  0.16759557 -0.08685809  0.06908369 -0.1286652
   0.05535708 -0.09590269 -0.10753556  0.11196486 -0.08860502 -0.0723057
  -0.01395066  0.06803634  0.04388434  0.1130174  -0.05553327 -0.05960721
  -0.04213259  0.00772715 -0.10924216  0.176387    0.03283272  0.13955273
  -0.04523456 -0.04665469 -0.08348778 -0.00731832  0.09575305 -0.02679978
  -0.01315001 -0.09570108 -0.07944417 -0.07132988 -0.02927585 -0.03820654
   0.0099774   0.10990886]
 [ 0.1272134  -0.06631923 -0.08000705 -0.18630219 -0.05448776  0.03339436
  -0.07964957 -0.03147854 -0.10345016 -0.01361381 -0.09376605 -0.02213234
  -0.0922668   0.09271493 -0.06399599  0.24463026 -0.06631271  0.07231079
  -0.06813934  0.10767279 -0.01016051  0.14412656 -0.11431104  0.00203162
   0.16458143 -0.06758608  0.07738109  0.08131631  0.10171987 -0.0584638
  -0.04814328  0.0864673   0.03504308 -0.11933234 -0.01180685  0.07449269
   0.0449331  -0.0769033   0.177275    0.00596801  0.00784132 -0.03697855
  -0.10594131 -0.02048756 -0.06132476 -0.09536617  0.1715236  -0.09050833
  -0.05078508  0.04481788 -0.10447864 -0.01258143  0.21409355  0.05460301
   0.06493682  0.0430392  -0.09126275  0.03779439  0.13979994 -0.07239868
   0.05676913 -0.04284089  0.1923253  -0.07296598  0.21858042  0.13479193
   0.04900962  0.14272904 -0.07954022  0.06334242 -0.03295086  0.09630749
   0.00925323  0.06068343  0.08213619 -0.08201658 -0.05017995 -0.03805964
   0.06359312 -0.04003565 -0.03192101  0.11267163 -0.07665411 -0.04082732
  -0.00480574 -0.12108822 -0.00299167 -0.04390999  0.05863938  0.0825016
   0.1735923   0.02649166 -0.00601533 -0.02315968  0.22387822 -0.08420868
  -0.08802032 -0.07813147 -0.08969359  0.0609743   0.01369947  0.07063764
  -0.04778417  0.065228   -0.07519421  0.05537506 -0.06327308  0.13673057
   0.01729842  0.12113553 -0.08355413 -0.08133731  0.08987515 -0.06860825
   0.06249922 -0.04318743 -0.02136047 -0.04354073 -0.06439099  0.1036923
   0.00739186  0.01056561 -0.02720222 -0.07703478  0.0433137  -0.01596064
  -0.05459782 -0.05827506]]
