[[ 0.05933009 -0.07970966 -0.10371881 -0.00093264  0.11105038  0.09661453
  -0.08279033  0.05913205  0.02012411  0.04056015  0.08277205 -0.11868034
  -0.07827902  0.19154955 -0.11070213  0.01914128  0.04536159 -0.06920046
   0.01368688  0.01723829  0.16387776  0.21345633 -0.03798575  0.08467564
  -0.06494258  0.04638365 -0.0997168  -0.02615041  0.04479518 -0.06972664
  -0.0521808  -0.02087792 -0.04168401  0.08564889  0.0804423   0.06290021
   0.18258639 -0.06296627  0.1138268  -0.10930073  0.01098231 -0.08864032
  -0.00958614  0.04337154  0.01733211 -0.04381005  0.0704501  -0.05157153
  -0.06501597 -0.03584161 -0.1234827  -0.03812198  0.17785701 -0.07703157
   0.07274652 -0.0319857  -0.1318608   0.05301895  0.06865326 -0.06877352
   0.02264976 -0.08334772  0.20852013 -0.00368461 -0.07919934  0.1157873
  -0.06329444 -0.07101009 -0.02499881  0.02931051  0.17341602 -0.03576665
  -0.01682767  0.11587386  0.10923757  0.0870395  -0.08060273 -0.07451768
   0.02300822 -0.10697933  0.08288417  0.0235047  -0.09747937  0.06014241
  -0.08324431 -0.04096832 -0.00716098  0.15113291  0.09323135 -0.0837141
   0.01838066  0.20788561  0.16647059 -0.06924803  0.09621041 -0.12805621
   0.06681364 -0.08702274 -0.08512799  0.08531187 -0.07169049 -0.06831384
  -0.0034053   0.07916981  0.05179344  0.08607804 -0.07296135 -0.10068094
  -0.06865221  0.00862586 -0.11375522  0.1502192  -0.02423891  0.17152146
  -0.04515919 -0.00666231 -0.0780364  -0.06590093  0.14415187  0.02116094
   0.000405   -0.10852505 -0.04361235 -0.063609   -0.06108399 -0.01373584
  -0.06303912  0.13862643]
 [ 0.13797945 -0.03994354 -0.07882722 -0.19820407 -0.0728559   0.09290054
  -0.0842815  -0.04246714 -0.09879963  0.01483209 -0.09575555 -0.00100459
  -0.07937936  0.09971284 -0.04461339  0.2657907  -0.09111035  0.08371238
  -0.06930587  0.05967042 -0.00372317  0.11689404 -0.1272253   0.04234142
   0.13491447 -0.05776685  0.08729235  0.09391176  0.15039933 -0.05871281
  -0.03625533  0.10140063  0.00489569 -0.11215584 -0.01708845  0.0966768
   0.04668623 -0.08354668  0.16506007  0.01703389 -0.01380798 -0.03376702
  -0.10534335  0.02396001 -0.059413   -0.08709161  0.16976184 -0.08002089
  -0.03987266  0.0164616  -0.09720125 -0.01531405  0.20590861 -0.00272983
   0.04282623 -0.00278065 -0.08416172  0.01320202  0.16086899 -0.07684252
   0.07051422 -0.04938395  0.15154554 -0.07336769  0.20193069  0.09442423
   0.02276527  0.15022425 -0.07801875  0.05338613 -0.05896089  0.09480832
   0.05953454  0.07672594  0.06431213 -0.07859287 -0.06136937 -0.02407897
   0.06141829 -0.00612335 -0.04306315  0.13628908 -0.07790047 -0.04889773
  -0.00374164 -0.09545636 -0.03735461 -0.03014877  0.03604667  0.05498096
   0.1305419   0.00630024  0.0018038  -0.0307098   0.18209422 -0.07663897
  -0.08579863 -0.0679499  -0.09454018  0.06350771  0.04374696  0.06337244
  -0.05752455  0.09404651 -0.06824413  0.12036393 -0.0668366   0.14350814
   0.02845177  0.15254474 -0.08326125 -0.07925416  0.12221827 -0.06655587
   0.08213776 -0.00696524 -0.03978669 -0.03935518 -0.06014023  0.13683829
  -0.01693162 -0.00093521 -0.02343944 -0.07943119  0.068652   -0.03476498
  -0.06995932 -0.07240564]]
[[ 0.05933009 -0.07970966 -0.10371881 -0.00093264  0.11105038  0.09661453
  -0.08279033  0.05913205  0.02012411  0.04056015  0.08277205 -0.11868034
  -0.07827902  0.19154955 -0.11070213  0.01914128  0.04536159 -0.06920046
   0.01368688  0.01723829  0.16387776  0.21345633 -0.03798575  0.08467564
  -0.06494258  0.04638365 -0.0997168  -0.02615041  0.04479518 -0.06972664
  -0.0521808  -0.02087792 -0.04168401  0.08564889  0.0804423   0.06290021
   0.18258639 -0.06296627  0.1138268  -0.10930073  0.01098231 -0.08864032
  -0.00958614  0.04337154  0.01733211 -0.04381005  0.0704501  -0.05157153
  -0.06501597 -0.03584161 -0.1234827  -0.03812198  0.17785701 -0.07703157
   0.07274652 -0.0319857  -0.1318608   0.05301895  0.06865326 -0.06877352
   0.02264976 -0.08334772  0.20852013 -0.00368461 -0.07919934  0.1157873
  -0.06329444 -0.07101009 -0.02499881  0.02931051  0.17341602 -0.03576665
  -0.01682767  0.11587386  0.10923757  0.0870395  -0.08060273 -0.07451768
   0.02300822 -0.10697933  0.08288417  0.0235047  -0.09747937  0.06014241
  -0.08324431 -0.04096832 -0.00716098  0.15113291  0.09323135 -0.0837141
   0.01838066  0.20788561  0.16647059 -0.06924803  0.09621041 -0.12805621
   0.06681364 -0.08702274 -0.08512799  0.08531187 -0.07169049 -0.06831384
  -0.0034053   0.07916981  0.05179344  0.08607804 -0.07296135 -0.10068094
  -0.06865221  0.00862586 -0.11375522  0.1502192  -0.02423891  0.17152146
  -0.04515919 -0.00666231 -0.0780364  -0.06590093  0.14415187  0.02116094
   0.000405   -0.10852505 -0.04361235 -0.063609   -0.06108399 -0.01373584
  -0.06303912  0.13862643]
 [ 0.13797945 -0.03994354 -0.07882722 -0.19820407 -0.0728559   0.09290054
  -0.0842815  -0.04246714 -0.09879963  0.01483209 -0.09575555 -0.00100459
  -0.07937936  0.09971284 -0.04461339  0.2657907  -0.09111035  0.08371238
  -0.06930587  0.05967042 -0.00372317  0.11689404 -0.1272253   0.04234142
   0.13491447 -0.05776685  0.08729235  0.09391176  0.15039933 -0.05871281
  -0.03625533  0.10140063  0.00489569 -0.11215584 -0.01708845  0.0966768
   0.04668623 -0.08354668  0.16506007  0.01703389 -0.01380798 -0.03376702
  -0.10534335  0.02396001 -0.059413   -0.08709161  0.16976184 -0.08002089
  -0.03987266  0.0164616  -0.09720125 -0.01531405  0.20590861 -0.00272983
   0.04282623 -0.00278065 -0.08416172  0.01320202  0.16086899 -0.07684252
   0.07051422 -0.04938395  0.15154554 -0.07336769  0.20193069  0.09442423
   0.02276527  0.15022425 -0.07801875  0.05338613 -0.05896089  0.09480832
   0.05953454  0.07672594  0.06431213 -0.07859287 -0.06136937 -0.02407897
   0.06141829 -0.00612335 -0.04306315  0.13628908 -0.07790047 -0.04889773
  -0.00374164 -0.09545636 -0.03735461 -0.03014877  0.03604667  0.05498096
   0.1305419   0.00630024  0.0018038  -0.0307098   0.18209422 -0.07663897
  -0.08579863 -0.0679499  -0.09454018  0.06350771  0.04374696  0.06337244
  -0.05752455  0.09404651 -0.06824413  0.12036393 -0.0668366   0.14350814
   0.02845177  0.15254474 -0.08326125 -0.07925416  0.12221827 -0.06655587
   0.08213776 -0.00696524 -0.03978669 -0.03935518 -0.06014023  0.13683829
  -0.01693162 -0.00093521 -0.02343944 -0.07943119  0.068652   -0.03476498
  -0.06995932 -0.07240564]]
[[ 0.05933009 -0.07970966 -0.10371881 -0.00093264  0.11105038  0.09661453
  -0.08279033  0.05913205  0.02012411  0.04056015  0.08277205 -0.11868034
  -0.07827902  0.19154955 -0.11070213  0.01914128  0.04536159 -0.06920046
   0.01368688  0.01723829  0.16387776  0.21345633 -0.03798575  0.08467564
  -0.06494258  0.04638365 -0.0997168  -0.02615041  0.04479518 -0.06972664
  -0.0521808  -0.02087792 -0.04168401  0.08564889  0.0804423   0.06290021
   0.18258639 -0.06296627  0.1138268  -0.10930073  0.01098231 -0.08864032
  -0.00958614  0.04337154  0.01733211 -0.04381005  0.0704501  -0.05157153
  -0.06501597 -0.03584161 -0.1234827  -0.03812198  0.17785701 -0.07703157
   0.07274652 -0.0319857  -0.1318608   0.05301895  0.06865326 -0.06877352
   0.02264976 -0.08334772  0.20852013 -0.00368461 -0.07919934  0.1157873
  -0.06329444 -0.07101009 -0.02499881  0.02931051  0.17341602 -0.03576665
  -0.01682767  0.11587386  0.10923757  0.0870395  -0.08060273 -0.07451768
   0.02300822 -0.10697933  0.08288417  0.0235047  -0.09747937  0.06014241
  -0.08324431 -0.04096832 -0.00716098  0.15113291  0.09323135 -0.0837141
   0.01838066  0.20788561  0.16647059 -0.06924803  0.09621041 -0.12805621
   0.06681364 -0.08702274 -0.08512799  0.08531187 -0.07169049 -0.06831384
  -0.0034053   0.07916981  0.05179344  0.08607804 -0.07296135 -0.10068094
  -0.06865221  0.00862586 -0.11375522  0.1502192  -0.02423891  0.17152146
  -0.04515919 -0.00666231 -0.0780364  -0.06590093  0.14415187  0.02116094
   0.000405   -0.10852505 -0.04361235 -0.063609   -0.06108399 -0.01373584
  -0.06303912  0.13862643]
 [ 0.13797945 -0.03994354 -0.07882722 -0.19820407 -0.0728559   0.09290054
  -0.0842815  -0.04246714 -0.09879963  0.01483209 -0.09575555 -0.00100459
  -0.07937936  0.09971284 -0.04461339  0.2657907  -0.09111035  0.08371238
  -0.06930587  0.05967042 -0.00372317  0.11689404 -0.1272253   0.04234142
   0.13491447 -0.05776685  0.08729235  0.09391176  0.15039933 -0.05871281
  -0.03625533  0.10140063  0.00489569 -0.11215584 -0.01708845  0.0966768
   0.04668623 -0.08354668  0.16506007  0.01703389 -0.01380798 -0.03376702
  -0.10534335  0.02396001 -0.059413   -0.08709161  0.16976184 -0.08002089
  -0.03987266  0.0164616  -0.09720125 -0.01531405  0.20590861 -0.00272983
   0.04282623 -0.00278065 -0.08416172  0.01320202  0.16086899 -0.07684252
   0.07051422 -0.04938395  0.15154554 -0.07336769  0.20193069  0.09442423
   0.02276527  0.15022425 -0.07801875  0.05338613 -0.05896089  0.09480832
   0.05953454  0.07672594  0.06431213 -0.07859287 -0.06136937 -0.02407897
   0.06141829 -0.00612335 -0.04306315  0.13628908 -0.07790047 -0.04889773
  -0.00374164 -0.09545636 -0.03735461 -0.03014877  0.03604667  0.05498096
   0.1305419   0.00630024  0.0018038  -0.0307098   0.18209422 -0.07663897
  -0.08579863 -0.0679499  -0.09454018  0.06350771  0.04374696  0.06337244
  -0.05752455  0.09404651 -0.06824413  0.12036393 -0.0668366   0.14350814
   0.02845177  0.15254474 -0.08326125 -0.07925416  0.12221827 -0.06655587
   0.08213776 -0.00696524 -0.03978669 -0.03935518 -0.06014023  0.13683829
  -0.01693162 -0.00093521 -0.02343944 -0.07943119  0.068652   -0.03476498
  -0.06995932 -0.07240564]]
[[ 0.05933009 -0.07970966 -0.10371881 -0.00093264  0.11105038  0.09661453
  -0.08279033  0.05913205  0.02012411  0.04056015  0.08277205 -0.11868034
  -0.07827902  0.19154955 -0.11070213  0.01914128  0.04536159 -0.06920046
   0.01368688  0.01723829  0.16387776  0.21345633 -0.03798575  0.08467564
  -0.06494258  0.04638365 -0.0997168  -0.02615041  0.04479518 -0.06972664
  -0.0521808  -0.02087792 -0.04168401  0.08564889  0.0804423   0.06290021
   0.18258639 -0.06296627  0.1138268  -0.10930073  0.01098231 -0.08864032
  -0.00958614  0.04337154  0.01733211 -0.04381005  0.0704501  -0.05157153
  -0.06501597 -0.03584161 -0.1234827  -0.03812198  0.17785701 -0.07703157
   0.07274652 -0.0319857  -0.1318608   0.05301895  0.06865326 -0.06877352
   0.02264976 -0.08334772  0.20852013 -0.00368461 -0.07919934  0.1157873
  -0.06329444 -0.07101009 -0.02499881  0.02931051  0.17341602 -0.03576665
  -0.01682767  0.11587386  0.10923757  0.0870395  -0.08060273 -0.07451768
   0.02300822 -0.10697933  0.08288417  0.0235047  -0.09747937  0.06014241
  -0.08324431 -0.04096832 -0.00716098  0.15113291  0.09323135 -0.0837141
   0.01838066  0.20788561  0.16647059 -0.06924803  0.09621041 -0.12805621
   0.06681364 -0.08702274 -0.08512799  0.08531187 -0.07169049 -0.06831384
  -0.0034053   0.07916981  0.05179344  0.08607804 -0.07296135 -0.10068094
  -0.06865221  0.00862586 -0.11375522  0.1502192  -0.02423891  0.17152146
  -0.04515919 -0.00666231 -0.0780364  -0.06590093  0.14415187  0.02116094
   0.000405   -0.10852505 -0.04361235 -0.063609   -0.06108399 -0.01373584
  -0.06303912  0.13862643]
 [ 0.13797945 -0.03994354 -0.07882722 -0.19820407 -0.0728559   0.09290054
  -0.0842815  -0.04246714 -0.09879963  0.01483209 -0.09575555 -0.00100459
  -0.07937936  0.09971284 -0.04461339  0.2657907  -0.09111035  0.08371238
  -0.06930587  0.05967042 -0.00372317  0.11689404 -0.1272253   0.04234142
   0.13491447 -0.05776685  0.08729235  0.09391176  0.15039933 -0.05871281
  -0.03625533  0.10140063  0.00489569 -0.11215584 -0.01708845  0.0966768
   0.04668623 -0.08354668  0.16506007  0.01703389 -0.01380798 -0.03376702
  -0.10534335  0.02396001 -0.059413   -0.08709161  0.16976184 -0.08002089
  -0.03987266  0.0164616  -0.09720125 -0.01531405  0.20590861 -0.00272983
   0.04282623 -0.00278065 -0.08416172  0.01320202  0.16086899 -0.07684252
   0.07051422 -0.04938395  0.15154554 -0.07336769  0.20193069  0.09442423
   0.02276527  0.15022425 -0.07801875  0.05338613 -0.05896089  0.09480832
   0.05953454  0.07672594  0.06431213 -0.07859287 -0.06136937 -0.02407897
   0.06141829 -0.00612335 -0.04306315  0.13628908 -0.07790047 -0.04889773
  -0.00374164 -0.09545636 -0.03735461 -0.03014877  0.03604667  0.05498096
   0.1305419   0.00630024  0.0018038  -0.0307098   0.18209422 -0.07663897
  -0.08579863 -0.0679499  -0.09454018  0.06350771  0.04374696  0.06337244
  -0.05752455  0.09404651 -0.06824413  0.12036393 -0.0668366   0.14350814
   0.02845177  0.15254474 -0.08326125 -0.07925416  0.12221827 -0.06655587
   0.08213776 -0.00696524 -0.03978669 -0.03935518 -0.06014023  0.13683829
  -0.01693162 -0.00093521 -0.02343944 -0.07943119  0.068652   -0.03476498
  -0.06995932 -0.07240564]]
