[[ 0.04918339 -0.0838142  -0.09997253 -0.00409631  0.09620059  0.12757607
  -0.0863635   0.05553962  0.015143    0.04664653  0.07031173 -0.11427847
  -0.07473057  0.19398047 -0.11703426  0.03407831  0.02891437 -0.07026169
   0.0227353   0.02718943  0.16689585  0.20646097 -0.04865652  0.09059214
  -0.06766492  0.04466264 -0.09834617 -0.02619395  0.05055862 -0.07381558
  -0.05079754 -0.01298769 -0.03281108  0.08210191  0.0787211   0.06052614
   0.18543443 -0.06369848  0.11555545 -0.10710495  0.01792487 -0.08687384
   0.00316053  0.03589163  0.03140072 -0.05910873  0.08301662 -0.05343929
  -0.0661524  -0.03554579 -0.12067058 -0.03308574  0.17556773 -0.07897235
   0.05719922 -0.02995342 -0.1269991   0.04403332  0.06834946 -0.06891871
   0.02220199 -0.07875954  0.20054485 -0.00204628 -0.07836262  0.10878325
  -0.06195002 -0.07316564 -0.03646525  0.03911082  0.17237648 -0.02860241
  -0.00842591  0.12414334  0.10820282  0.08384584 -0.07782631 -0.07613464
   0.01148075 -0.10656285  0.09170372  0.02982609 -0.09824004  0.05737172
  -0.08700316 -0.05769085 -0.00430046  0.1475303   0.07450919 -0.08629764
   0.01600449  0.20290464  0.17263739 -0.06633563  0.10274037 -0.12779866
   0.08046299 -0.08273219 -0.09003799  0.07672388 -0.07157286 -0.07143629
  -0.00903285  0.0763367   0.05671     0.10674904 -0.07837366 -0.09654488
  -0.07110622  0.01787373 -0.11455514  0.14981434 -0.01799017  0.17216213
  -0.04985044 -0.01258789 -0.07758948 -0.06236953  0.14671935  0.02993331
  -0.00870142 -0.11276433 -0.04989731 -0.06436893 -0.04926206 -0.01055286
  -0.05965936  0.12435864]
 [ 0.12015377 -0.0661174  -0.0663798  -0.20229545 -0.05516561  0.04482994
  -0.07850101 -0.0304093  -0.09911664 -0.0099673  -0.09170157  0.01233697
  -0.09765893  0.08719895 -0.06944883  0.2386656  -0.07335673  0.11464769
  -0.07678014  0.08462583 -0.02799257  0.15376142 -0.10375438 -0.02817026
   0.16134863 -0.06610359  0.07805458  0.09361847  0.11611422 -0.06133096
  -0.03943759  0.04064899  0.02060342 -0.07462544 -0.02583722  0.07192898
   0.02372287 -0.07649213  0.12349772  0.01223132  0.00793356 -0.0481774
  -0.10456602 -0.00145297 -0.05233246 -0.09556304  0.16634357 -0.09045008
  -0.03663628  0.04464711 -0.09559686 -0.03797094  0.20878634  0.04083984
   0.0584732   0.02984467 -0.10794998  0.04316674  0.16918828 -0.07657459
   0.07387226 -0.04078571  0.15833722 -0.06702837  0.21193433  0.18188432
   0.05096797  0.14940238 -0.08526378  0.04709713 -0.03350637  0.08878929
   0.05767602  0.07524928  0.06780327 -0.06126601 -0.05147237 -0.03937205
   0.07781949 -0.02541654 -0.03279687  0.11647696 -0.07250559 -0.05738138
  -0.00592445 -0.09621724 -0.02229109 -0.03159399  0.05207759  0.06507568
   0.15002428 -0.02091621  0.00498199 -0.02067812  0.2041912  -0.08735912
  -0.08443986 -0.07532864 -0.09346782  0.08029423  0.00634089  0.07457726
  -0.05760296  0.0840696  -0.06425735  0.05282815 -0.05227296  0.15119211
   0.02861704  0.15862602 -0.08476426 -0.08197697  0.09906963 -0.06603483
   0.07499415 -0.03124133 -0.01443735 -0.04846715 -0.0671072   0.14134271
   0.00474518  0.03141646 -0.03051592 -0.0775767   0.05705196 -0.026918
  -0.07350481 -0.07304054]]
[[ 0.04918339 -0.0838142  -0.09997253 -0.00409631  0.09620059  0.12757607
  -0.0863635   0.05553962  0.015143    0.04664653  0.07031173 -0.11427847
  -0.07473057  0.19398047 -0.11703426  0.03407831  0.02891437 -0.07026169
   0.0227353   0.02718943  0.16689585  0.20646097 -0.04865652  0.09059214
  -0.06766492  0.04466264 -0.09834617 -0.02619395  0.05055862 -0.07381558
  -0.05079754 -0.01298769 -0.03281108  0.08210191  0.0787211   0.06052614
   0.18543443 -0.06369848  0.11555545 -0.10710495  0.01792487 -0.08687384
   0.00316053  0.03589163  0.03140072 -0.05910873  0.08301662 -0.05343929
  -0.0661524  -0.03554579 -0.12067058 -0.03308574  0.17556773 -0.07897235
   0.05719922 -0.02995342 -0.1269991   0.04403332  0.06834946 -0.06891871
   0.02220199 -0.07875954  0.20054485 -0.00204628 -0.07836262  0.10878325
  -0.06195002 -0.07316564 -0.03646525  0.03911082  0.17237648 -0.02860241
  -0.00842591  0.12414334  0.10820282  0.08384584 -0.07782631 -0.07613464
   0.01148075 -0.10656285  0.09170372  0.02982609 -0.09824004  0.05737172
  -0.08700316 -0.05769085 -0.00430046  0.1475303   0.07450919 -0.08629764
   0.01600449  0.20290464  0.17263739 -0.06633563  0.10274037 -0.12779866
   0.08046299 -0.08273219 -0.09003799  0.07672388 -0.07157286 -0.07143629
  -0.00903285  0.0763367   0.05671     0.10674904 -0.07837366 -0.09654488
  -0.07110622  0.01787373 -0.11455514  0.14981434 -0.01799017  0.17216213
  -0.04985044 -0.01258789 -0.07758948 -0.06236953  0.14671935  0.02993331
  -0.00870142 -0.11276433 -0.04989731 -0.06436893 -0.04926206 -0.01055286
  -0.05965936  0.12435864]
 [ 0.12015377 -0.0661174  -0.0663798  -0.20229545 -0.05516561  0.04482994
  -0.07850101 -0.0304093  -0.09911664 -0.0099673  -0.09170157  0.01233697
  -0.09765893  0.08719895 -0.06944883  0.2386656  -0.07335673  0.11464769
  -0.07678014  0.08462583 -0.02799257  0.15376142 -0.10375438 -0.02817026
   0.16134863 -0.06610359  0.07805458  0.09361847  0.11611422 -0.06133096
  -0.03943759  0.04064899  0.02060342 -0.07462544 -0.02583722  0.07192898
   0.02372287 -0.07649213  0.12349772  0.01223132  0.00793356 -0.0481774
  -0.10456602 -0.00145297 -0.05233246 -0.09556304  0.16634357 -0.09045008
  -0.03663628  0.04464711 -0.09559686 -0.03797094  0.20878634  0.04083984
   0.0584732   0.02984467 -0.10794998  0.04316674  0.16918828 -0.07657459
   0.07387226 -0.04078571  0.15833722 -0.06702837  0.21193433  0.18188432
   0.05096797  0.14940238 -0.08526378  0.04709713 -0.03350637  0.08878929
   0.05767602  0.07524928  0.06780327 -0.06126601 -0.05147237 -0.03937205
   0.07781949 -0.02541654 -0.03279687  0.11647696 -0.07250559 -0.05738138
  -0.00592445 -0.09621724 -0.02229109 -0.03159399  0.05207759  0.06507568
   0.15002428 -0.02091621  0.00498199 -0.02067812  0.2041912  -0.08735912
  -0.08443986 -0.07532864 -0.09346782  0.08029423  0.00634089  0.07457726
  -0.05760296  0.0840696  -0.06425735  0.05282815 -0.05227296  0.15119211
   0.02861704  0.15862602 -0.08476426 -0.08197697  0.09906963 -0.06603483
   0.07499415 -0.03124133 -0.01443735 -0.04846715 -0.0671072   0.14134271
   0.00474518  0.03141646 -0.03051592 -0.0775767   0.05705196 -0.026918
  -0.07350481 -0.07304054]]
[[ 0.04918339 -0.0838142  -0.09997253 -0.00409631  0.09620059  0.12757607
  -0.0863635   0.05553962  0.015143    0.04664653  0.07031173 -0.11427847
  -0.07473057  0.19398047 -0.11703426  0.03407831  0.02891437 -0.07026169
   0.0227353   0.02718943  0.16689585  0.20646097 -0.04865652  0.09059214
  -0.06766492  0.04466264 -0.09834617 -0.02619395  0.05055862 -0.07381558
  -0.05079754 -0.01298769 -0.03281108  0.08210191  0.0787211   0.06052614
   0.18543443 -0.06369848  0.11555545 -0.10710495  0.01792487 -0.08687384
   0.00316053  0.03589163  0.03140072 -0.05910873  0.08301662 -0.05343929
  -0.0661524  -0.03554579 -0.12067058 -0.03308574  0.17556773 -0.07897235
   0.05719922 -0.02995342 -0.1269991   0.04403332  0.06834946 -0.06891871
   0.02220199 -0.07875954  0.20054485 -0.00204628 -0.07836262  0.10878325
  -0.06195002 -0.07316564 -0.03646525  0.03911082  0.17237648 -0.02860241
  -0.00842591  0.12414334  0.10820282  0.08384584 -0.07782631 -0.07613464
   0.01148075 -0.10656285  0.09170372  0.02982609 -0.09824004  0.05737172
  -0.08700316 -0.05769085 -0.00430046  0.1475303   0.07450919 -0.08629764
   0.01600449  0.20290464  0.17263739 -0.06633563  0.10274037 -0.12779866
   0.08046299 -0.08273219 -0.09003799  0.07672388 -0.07157286 -0.07143629
  -0.00903285  0.0763367   0.05671     0.10674904 -0.07837366 -0.09654488
  -0.07110622  0.01787373 -0.11455514  0.14981434 -0.01799017  0.17216213
  -0.04985044 -0.01258789 -0.07758948 -0.06236953  0.14671935  0.02993331
  -0.00870142 -0.11276433 -0.04989731 -0.06436893 -0.04926206 -0.01055286
  -0.05965936  0.12435864]
 [ 0.12015377 -0.0661174  -0.0663798  -0.20229545 -0.05516561  0.04482994
  -0.07850101 -0.0304093  -0.09911664 -0.0099673  -0.09170157  0.01233697
  -0.09765893  0.08719895 -0.06944883  0.2386656  -0.07335673  0.11464769
  -0.07678014  0.08462583 -0.02799257  0.15376142 -0.10375438 -0.02817026
   0.16134863 -0.06610359  0.07805458  0.09361847  0.11611422 -0.06133096
  -0.03943759  0.04064899  0.02060342 -0.07462544 -0.02583722  0.07192898
   0.02372287 -0.07649213  0.12349772  0.01223132  0.00793356 -0.0481774
  -0.10456602 -0.00145297 -0.05233246 -0.09556304  0.16634357 -0.09045008
  -0.03663628  0.04464711 -0.09559686 -0.03797094  0.20878634  0.04083984
   0.0584732   0.02984467 -0.10794998  0.04316674  0.16918828 -0.07657459
   0.07387226 -0.04078571  0.15833722 -0.06702837  0.21193433  0.18188432
   0.05096797  0.14940238 -0.08526378  0.04709713 -0.03350637  0.08878929
   0.05767602  0.07524928  0.06780327 -0.06126601 -0.05147237 -0.03937205
   0.07781949 -0.02541654 -0.03279687  0.11647696 -0.07250559 -0.05738138
  -0.00592445 -0.09621724 -0.02229109 -0.03159399  0.05207759  0.06507568
   0.15002428 -0.02091621  0.00498199 -0.02067812  0.2041912  -0.08735912
  -0.08443986 -0.07532864 -0.09346782  0.08029423  0.00634089  0.07457726
  -0.05760296  0.0840696  -0.06425735  0.05282815 -0.05227296  0.15119211
   0.02861704  0.15862602 -0.08476426 -0.08197697  0.09906963 -0.06603483
   0.07499415 -0.03124133 -0.01443735 -0.04846715 -0.0671072   0.14134271
   0.00474518  0.03141646 -0.03051592 -0.0775767   0.05705196 -0.026918
  -0.07350481 -0.07304054]]
[[ 0.04918339 -0.0838142  -0.09997253 -0.00409631  0.09620059  0.12757607
  -0.0863635   0.05553962  0.015143    0.04664653  0.07031173 -0.11427847
  -0.07473057  0.19398047 -0.11703426  0.03407831  0.02891437 -0.07026169
   0.0227353   0.02718943  0.16689585  0.20646097 -0.04865652  0.09059214
  -0.06766492  0.04466264 -0.09834617 -0.02619395  0.05055862 -0.07381558
  -0.05079754 -0.01298769 -0.03281108  0.08210191  0.0787211   0.06052614
   0.18543443 -0.06369848  0.11555545 -0.10710495  0.01792487 -0.08687384
   0.00316053  0.03589163  0.03140072 -0.05910873  0.08301662 -0.05343929
  -0.0661524  -0.03554579 -0.12067058 -0.03308574  0.17556773 -0.07897235
   0.05719922 -0.02995342 -0.1269991   0.04403332  0.06834946 -0.06891871
   0.02220199 -0.07875954  0.20054485 -0.00204628 -0.07836262  0.10878325
  -0.06195002 -0.07316564 -0.03646525  0.03911082  0.17237648 -0.02860241
  -0.00842591  0.12414334  0.10820282  0.08384584 -0.07782631 -0.07613464
   0.01148075 -0.10656285  0.09170372  0.02982609 -0.09824004  0.05737172
  -0.08700316 -0.05769085 -0.00430046  0.1475303   0.07450919 -0.08629764
   0.01600449  0.20290464  0.17263739 -0.06633563  0.10274037 -0.12779866
   0.08046299 -0.08273219 -0.09003799  0.07672388 -0.07157286 -0.07143629
  -0.00903285  0.0763367   0.05671     0.10674904 -0.07837366 -0.09654488
  -0.07110622  0.01787373 -0.11455514  0.14981434 -0.01799017  0.17216213
  -0.04985044 -0.01258789 -0.07758948 -0.06236953  0.14671935  0.02993331
  -0.00870142 -0.11276433 -0.04989731 -0.06436893 -0.04926206 -0.01055286
  -0.05965936  0.12435864]
 [ 0.12015377 -0.0661174  -0.0663798  -0.20229545 -0.05516561  0.04482994
  -0.07850101 -0.0304093  -0.09911664 -0.0099673  -0.09170157  0.01233697
  -0.09765893  0.08719895 -0.06944883  0.2386656  -0.07335673  0.11464769
  -0.07678014  0.08462583 -0.02799257  0.15376142 -0.10375438 -0.02817026
   0.16134863 -0.06610359  0.07805458  0.09361847  0.11611422 -0.06133096
  -0.03943759  0.04064899  0.02060342 -0.07462544 -0.02583722  0.07192898
   0.02372287 -0.07649213  0.12349772  0.01223132  0.00793356 -0.0481774
  -0.10456602 -0.00145297 -0.05233246 -0.09556304  0.16634357 -0.09045008
  -0.03663628  0.04464711 -0.09559686 -0.03797094  0.20878634  0.04083984
   0.0584732   0.02984467 -0.10794998  0.04316674  0.16918828 -0.07657459
   0.07387226 -0.04078571  0.15833722 -0.06702837  0.21193433  0.18188432
   0.05096797  0.14940238 -0.08526378  0.04709713 -0.03350637  0.08878929
   0.05767602  0.07524928  0.06780327 -0.06126601 -0.05147237 -0.03937205
   0.07781949 -0.02541654 -0.03279687  0.11647696 -0.07250559 -0.05738138
  -0.00592445 -0.09621724 -0.02229109 -0.03159399  0.05207759  0.06507568
   0.15002428 -0.02091621  0.00498199 -0.02067812  0.2041912  -0.08735912
  -0.08443986 -0.07532864 -0.09346782  0.08029423  0.00634089  0.07457726
  -0.05760296  0.0840696  -0.06425735  0.05282815 -0.05227296  0.15119211
   0.02861704  0.15862602 -0.08476426 -0.08197697  0.09906963 -0.06603483
   0.07499415 -0.03124133 -0.01443735 -0.04846715 -0.0671072   0.14134271
   0.00474518  0.03141646 -0.03051592 -0.0775767   0.05705196 -0.026918
  -0.07350481 -0.07304054]]
