[[ 0.03056934 -0.06666914 -0.05555005 -0.00880048  0.15119511  0.13788386
  -0.06355422  0.01051607 -0.00185658 -0.01696256  0.10310006 -0.1116992
  -0.07270321  0.20807087 -0.11300857  0.01870769  0.10470132 -0.01564426
  -0.02658744  0.05978414  0.14718354  0.20241708 -0.03433032  0.11968713
  -0.05633826  0.0664779  -0.10641709 -0.03399246  0.00790728 -0.08997244
  -0.04836013 -0.02747825 -0.01609794  0.11233446  0.11014497  0.00027996
   0.21893601 -0.04589101  0.06911545 -0.07936821  0.04431834 -0.09688907
  -0.07876961  0.09976333  0.01037076 -0.06599466  0.01552071 -0.05000097
  -0.05876276 -0.02934601 -0.11775739 -0.02197478  0.13353932 -0.04917764
   0.07232132 -0.01144435 -0.13518871  0.06459574  0.11451893 -0.06332837
  -0.01281086 -0.07955309  0.25917074  0.04671686 -0.08282262  0.16374092
  -0.0223594  -0.05426104 -0.04196367 -0.02917363  0.18708761 -0.05037279
   0.00840508  0.02292411  0.12012369  0.04641718 -0.09848239 -0.06411593
   0.08506215 -0.08024659  0.02484843  0.00119116 -0.09645989  0.09534804
  -0.08650822 -0.00849636  0.00695818  0.0733238   0.05302921 -0.05697419
   0.02224005  0.18078633  0.1707722  -0.05692383  0.11099879 -0.09904719
   0.07610554 -0.09178425 -0.09276552  0.13626006 -0.03161168 -0.0601506
  -0.01797045  0.10173605  0.03651017  0.04362219 -0.07434511 -0.04543959
  -0.07236338  0.02480503 -0.10843393  0.13660184  0.02354283  0.15542452
  -0.06421784 -0.02494084 -0.07082295 -0.05803373  0.09296563  0.04988192
  -0.03327884 -0.10405505 -0.06926377 -0.07050554 -0.10034135 -0.05888583
  -0.05543411  0.12686513]
 [ 0.07483868 -0.03416814 -0.06503626 -0.18700202 -0.07701162  0.06358136
  -0.08111755 -0.03964824 -0.10362507  0.0176927  -0.09552047  0.00884907
  -0.0679788   0.10354088 -0.04467233  0.26645002 -0.09657323  0.0957238
  -0.0659451   0.10727943 -0.04611667  0.11264473 -0.13050197  0.02361541
   0.12843683 -0.04798757  0.05412972  0.0821854   0.14520848 -0.06261601
  -0.02612443  0.10521325 -0.00332051 -0.13995901 -0.03360671  0.08527548
   0.01086279 -0.08812488  0.09673388  0.04891687 -0.00332163 -0.02506396
  -0.1087201   0.0362058  -0.06668243 -0.08505335  0.14962119 -0.07392243
  -0.02978685  0.03441739 -0.09659854  0.00315432  0.17691872  0.0448009
   0.00942122 -0.01863524 -0.06692813  0.04896246  0.18372223 -0.07678124
   0.09699201 -0.04389383  0.1364945  -0.07846506  0.20146467  0.07479147
   0.06586125  0.17080724 -0.07308897  0.0518637  -0.07509182  0.11612099
   0.04643909  0.06284288  0.06802829 -0.05543822 -0.07652795 -0.00815767
   0.08529449  0.00184098 -0.06601664  0.10828351 -0.07928335 -0.05093562
  -0.00484771 -0.12029029  0.01491478 -0.06078842  0.01714206  0.06980837
   0.15160117  0.01237753  0.0101882  -0.04858675  0.18912473 -0.06947663
  -0.08523197 -0.06743585 -0.09252165  0.09118135  0.0821315   0.11048844
  -0.04062664  0.08117747 -0.08893338  0.13584818 -0.06619442  0.14909773
   0.00069241  0.1667598  -0.0752481  -0.07031015  0.13528754 -0.07548103
   0.03201414 -0.03260155 -0.05044179 -0.04099442 -0.05555826  0.13299246
  -0.04171539  0.00762334 -0.02409293 -0.07761376  0.03814423 -0.03229252
  -0.06060241 -0.07113566]]
[[ 0.03056934 -0.06666914 -0.05555005 -0.00880048  0.15119511  0.13788386
  -0.06355422  0.01051607 -0.00185658 -0.01696256  0.10310006 -0.1116992
  -0.07270321  0.20807087 -0.11300857  0.01870769  0.10470132 -0.01564426
  -0.02658744  0.05978414  0.14718354  0.20241708 -0.03433032  0.11968713
  -0.05633826  0.0664779  -0.10641709 -0.03399246  0.00790728 -0.08997244
  -0.04836013 -0.02747825 -0.01609794  0.11233446  0.11014497  0.00027996
   0.21893601 -0.04589101  0.06911545 -0.07936821  0.04431834 -0.09688907
  -0.07876961  0.09976333  0.01037076 -0.06599466  0.01552071 -0.05000097
  -0.05876276 -0.02934601 -0.11775739 -0.02197478  0.13353932 -0.04917764
   0.07232132 -0.01144435 -0.13518871  0.06459574  0.11451893 -0.06332837
  -0.01281086 -0.07955309  0.25917074  0.04671686 -0.08282262  0.16374092
  -0.0223594  -0.05426104 -0.04196367 -0.02917363  0.18708761 -0.05037279
   0.00840508  0.02292411  0.12012369  0.04641718 -0.09848239 -0.06411593
   0.08506215 -0.08024659  0.02484843  0.00119116 -0.09645989  0.09534804
  -0.08650822 -0.00849636  0.00695818  0.0733238   0.05302921 -0.05697419
   0.02224005  0.18078633  0.1707722  -0.05692383  0.11099879 -0.09904719
   0.07610554 -0.09178425 -0.09276552  0.13626006 -0.03161168 -0.0601506
  -0.01797045  0.10173605  0.03651017  0.04362219 -0.07434511 -0.04543959
  -0.07236338  0.02480503 -0.10843393  0.13660184  0.02354283  0.15542452
  -0.06421784 -0.02494084 -0.07082295 -0.05803373  0.09296563  0.04988192
  -0.03327884 -0.10405505 -0.06926377 -0.07050554 -0.10034135 -0.05888583
  -0.05543411  0.12686513]
 [ 0.07483868 -0.03416814 -0.06503626 -0.18700202 -0.07701162  0.06358136
  -0.08111755 -0.03964824 -0.10362507  0.0176927  -0.09552047  0.00884907
  -0.0679788   0.10354088 -0.04467233  0.26645002 -0.09657323  0.0957238
  -0.0659451   0.10727943 -0.04611667  0.11264473 -0.13050197  0.02361541
   0.12843683 -0.04798757  0.05412972  0.0821854   0.14520848 -0.06261601
  -0.02612443  0.10521325 -0.00332051 -0.13995901 -0.03360671  0.08527548
   0.01086279 -0.08812488  0.09673388  0.04891687 -0.00332163 -0.02506396
  -0.1087201   0.0362058  -0.06668243 -0.08505335  0.14962119 -0.07392243
  -0.02978685  0.03441739 -0.09659854  0.00315432  0.17691872  0.0448009
   0.00942122 -0.01863524 -0.06692813  0.04896246  0.18372223 -0.07678124
   0.09699201 -0.04389383  0.1364945  -0.07846506  0.20146467  0.07479147
   0.06586125  0.17080724 -0.07308897  0.0518637  -0.07509182  0.11612099
   0.04643909  0.06284288  0.06802829 -0.05543822 -0.07652795 -0.00815767
   0.08529449  0.00184098 -0.06601664  0.10828351 -0.07928335 -0.05093562
  -0.00484771 -0.12029029  0.01491478 -0.06078842  0.01714206  0.06980837
   0.15160117  0.01237753  0.0101882  -0.04858675  0.18912473 -0.06947663
  -0.08523197 -0.06743585 -0.09252165  0.09118135  0.0821315   0.11048844
  -0.04062664  0.08117747 -0.08893338  0.13584818 -0.06619442  0.14909773
   0.00069241  0.1667598  -0.0752481  -0.07031015  0.13528754 -0.07548103
   0.03201414 -0.03260155 -0.05044179 -0.04099442 -0.05555826  0.13299246
  -0.04171539  0.00762334 -0.02409293 -0.07761376  0.03814423 -0.03229252
  -0.06060241 -0.07113566]]
[[ 0.03056934 -0.06666914 -0.05555005 -0.00880048  0.15119511  0.13788386
  -0.06355422  0.01051607 -0.00185658 -0.01696256  0.10310006 -0.1116992
  -0.07270321  0.20807087 -0.11300857  0.01870769  0.10470132 -0.01564426
  -0.02658744  0.05978414  0.14718354  0.20241708 -0.03433032  0.11968713
  -0.05633826  0.0664779  -0.10641709 -0.03399246  0.00790728 -0.08997244
  -0.04836013 -0.02747825 -0.01609794  0.11233446  0.11014497  0.00027996
   0.21893601 -0.04589101  0.06911545 -0.07936821  0.04431834 -0.09688907
  -0.07876961  0.09976333  0.01037076 -0.06599466  0.01552071 -0.05000097
  -0.05876276 -0.02934601 -0.11775739 -0.02197478  0.13353932 -0.04917764
   0.07232132 -0.01144435 -0.13518871  0.06459574  0.11451893 -0.06332837
  -0.01281086 -0.07955309  0.25917074  0.04671686 -0.08282262  0.16374092
  -0.0223594  -0.05426104 -0.04196367 -0.02917363  0.18708761 -0.05037279
   0.00840508  0.02292411  0.12012369  0.04641718 -0.09848239 -0.06411593
   0.08506215 -0.08024659  0.02484843  0.00119116 -0.09645989  0.09534804
  -0.08650822 -0.00849636  0.00695818  0.0733238   0.05302921 -0.05697419
   0.02224005  0.18078633  0.1707722  -0.05692383  0.11099879 -0.09904719
   0.07610554 -0.09178425 -0.09276552  0.13626006 -0.03161168 -0.0601506
  -0.01797045  0.10173605  0.03651017  0.04362219 -0.07434511 -0.04543959
  -0.07236338  0.02480503 -0.10843393  0.13660184  0.02354283  0.15542452
  -0.06421784 -0.02494084 -0.07082295 -0.05803373  0.09296563  0.04988192
  -0.03327884 -0.10405505 -0.06926377 -0.07050554 -0.10034135 -0.05888583
  -0.05543411  0.12686513]
 [ 0.07483868 -0.03416814 -0.06503626 -0.18700202 -0.07701162  0.06358136
  -0.08111755 -0.03964824 -0.10362507  0.0176927  -0.09552047  0.00884907
  -0.0679788   0.10354088 -0.04467233  0.26645002 -0.09657323  0.0957238
  -0.0659451   0.10727943 -0.04611667  0.11264473 -0.13050197  0.02361541
   0.12843683 -0.04798757  0.05412972  0.0821854   0.14520848 -0.06261601
  -0.02612443  0.10521325 -0.00332051 -0.13995901 -0.03360671  0.08527548
   0.01086279 -0.08812488  0.09673388  0.04891687 -0.00332163 -0.02506396
  -0.1087201   0.0362058  -0.06668243 -0.08505335  0.14962119 -0.07392243
  -0.02978685  0.03441739 -0.09659854  0.00315432  0.17691872  0.0448009
   0.00942122 -0.01863524 -0.06692813  0.04896246  0.18372223 -0.07678124
   0.09699201 -0.04389383  0.1364945  -0.07846506  0.20146467  0.07479147
   0.06586125  0.17080724 -0.07308897  0.0518637  -0.07509182  0.11612099
   0.04643909  0.06284288  0.06802829 -0.05543822 -0.07652795 -0.00815767
   0.08529449  0.00184098 -0.06601664  0.10828351 -0.07928335 -0.05093562
  -0.00484771 -0.12029029  0.01491478 -0.06078842  0.01714206  0.06980837
   0.15160117  0.01237753  0.0101882  -0.04858675  0.18912473 -0.06947663
  -0.08523197 -0.06743585 -0.09252165  0.09118135  0.0821315   0.11048844
  -0.04062664  0.08117747 -0.08893338  0.13584818 -0.06619442  0.14909773
   0.00069241  0.1667598  -0.0752481  -0.07031015  0.13528754 -0.07548103
   0.03201414 -0.03260155 -0.05044179 -0.04099442 -0.05555826  0.13299246
  -0.04171539  0.00762334 -0.02409293 -0.07761376  0.03814423 -0.03229252
  -0.06060241 -0.07113566]]
[[ 0.03056934 -0.06666914 -0.05555005 -0.00880048  0.15119511  0.13788386
  -0.06355422  0.01051607 -0.00185658 -0.01696256  0.10310006 -0.1116992
  -0.07270321  0.20807087 -0.11300857  0.01870769  0.10470132 -0.01564426
  -0.02658744  0.05978414  0.14718354  0.20241708 -0.03433032  0.11968713
  -0.05633826  0.0664779  -0.10641709 -0.03399246  0.00790728 -0.08997244
  -0.04836013 -0.02747825 -0.01609794  0.11233446  0.11014497  0.00027996
   0.21893601 -0.04589101  0.06911545 -0.07936821  0.04431834 -0.09688907
  -0.07876961  0.09976333  0.01037076 -0.06599466  0.01552071 -0.05000097
  -0.05876276 -0.02934601 -0.11775739 -0.02197478  0.13353932 -0.04917764
   0.07232132 -0.01144435 -0.13518871  0.06459574  0.11451893 -0.06332837
  -0.01281086 -0.07955309  0.25917074  0.04671686 -0.08282262  0.16374092
  -0.0223594  -0.05426104 -0.04196367 -0.02917363  0.18708761 -0.05037279
   0.00840508  0.02292411  0.12012369  0.04641718 -0.09848239 -0.06411593
   0.08506215 -0.08024659  0.02484843  0.00119116 -0.09645989  0.09534804
  -0.08650822 -0.00849636  0.00695818  0.0733238   0.05302921 -0.05697419
   0.02224005  0.18078633  0.1707722  -0.05692383  0.11099879 -0.09904719
   0.07610554 -0.09178425 -0.09276552  0.13626006 -0.03161168 -0.0601506
  -0.01797045  0.10173605  0.03651017  0.04362219 -0.07434511 -0.04543959
  -0.07236338  0.02480503 -0.10843393  0.13660184  0.02354283  0.15542452
  -0.06421784 -0.02494084 -0.07082295 -0.05803373  0.09296563  0.04988192
  -0.03327884 -0.10405505 -0.06926377 -0.07050554 -0.10034135 -0.05888583
  -0.05543411  0.12686513]
 [ 0.07483868 -0.03416814 -0.06503626 -0.18700202 -0.07701162  0.06358136
  -0.08111755 -0.03964824 -0.10362507  0.0176927  -0.09552047  0.00884907
  -0.0679788   0.10354088 -0.04467233  0.26645002 -0.09657323  0.0957238
  -0.0659451   0.10727943 -0.04611667  0.11264473 -0.13050197  0.02361541
   0.12843683 -0.04798757  0.05412972  0.0821854   0.14520848 -0.06261601
  -0.02612443  0.10521325 -0.00332051 -0.13995901 -0.03360671  0.08527548
   0.01086279 -0.08812488  0.09673388  0.04891687 -0.00332163 -0.02506396
  -0.1087201   0.0362058  -0.06668243 -0.08505335  0.14962119 -0.07392243
  -0.02978685  0.03441739 -0.09659854  0.00315432  0.17691872  0.0448009
   0.00942122 -0.01863524 -0.06692813  0.04896246  0.18372223 -0.07678124
   0.09699201 -0.04389383  0.1364945  -0.07846506  0.20146467  0.07479147
   0.06586125  0.17080724 -0.07308897  0.0518637  -0.07509182  0.11612099
   0.04643909  0.06284288  0.06802829 -0.05543822 -0.07652795 -0.00815767
   0.08529449  0.00184098 -0.06601664  0.10828351 -0.07928335 -0.05093562
  -0.00484771 -0.12029029  0.01491478 -0.06078842  0.01714206  0.06980837
   0.15160117  0.01237753  0.0101882  -0.04858675  0.18912473 -0.06947663
  -0.08523197 -0.06743585 -0.09252165  0.09118135  0.0821315   0.11048844
  -0.04062664  0.08117747 -0.08893338  0.13584818 -0.06619442  0.14909773
   0.00069241  0.1667598  -0.0752481  -0.07031015  0.13528754 -0.07548103
   0.03201414 -0.03260155 -0.05044179 -0.04099442 -0.05555826  0.13299246
  -0.04171539  0.00762334 -0.02409293 -0.07761376  0.03814423 -0.03229252
  -0.06060241 -0.07113566]]
