[[ 1.60488375e-02 -7.34327659e-02 -7.41922036e-02 -1.47724645e-02
   1.43200025e-01  1.41217023e-01 -8.26556310e-02  3.08422856e-02
   1.75305344e-02 -2.02069059e-03  1.11454435e-01 -1.17035463e-01
  -7.88986832e-02  1.86035439e-01 -1.19381607e-01  2.33049281e-02
   8.54894817e-02 -1.84061974e-02 -3.02865766e-02  3.02971099e-02
   1.69672161e-01  2.12316602e-01 -3.19167264e-02  1.02806650e-01
  -4.90968935e-02  6.10157214e-02 -1.08396664e-01 -5.23470119e-02
   7.77888391e-03 -8.76225680e-02 -3.77017558e-02 -3.63639295e-02
  -2.22479869e-02  1.28982261e-01  8.36144686e-02 -1.89708360e-03
   2.04032630e-01 -3.61356847e-02  5.86322695e-02 -8.59927088e-02
   4.00727242e-02 -1.00730479e-01 -5.77777363e-02  7.43163750e-02
   1.16191497e-02 -7.36838430e-02  3.44569422e-02 -5.17181158e-02
  -5.69166467e-02 -2.96861846e-02 -1.21256977e-01 -4.50374857e-02
   1.61496282e-01 -5.75099662e-02  7.45085701e-02 -1.98334698e-02
  -1.27914771e-01  7.35317841e-02  1.04711398e-01 -6.86442107e-02
   6.85411878e-03 -8.32268000e-02  2.54738539e-01  1.42351976e-02
  -8.03869590e-02  1.82476938e-01 -3.03829294e-02 -6.31332323e-02
  -3.53116207e-02  3.82979815e-05  1.93680376e-01 -3.60120833e-02
   5.75311482e-03  4.80532274e-02  8.85600597e-02  5.31384945e-02
  -8.29603299e-02 -7.01070577e-02  6.64714351e-02 -9.62599888e-02
   3.11098490e-02  1.99853238e-02 -9.69615281e-02  6.37119859e-02
  -9.81606692e-02 -2.38524843e-02  2.22224300e-03  5.76231852e-02
   5.94836734e-02 -6.88639283e-02  1.83581375e-02  1.92325026e-01
   1.46802306e-01 -6.59378618e-02  1.03308372e-01 -1.06615804e-01
   8.55297744e-02 -8.88580158e-02 -1.01759456e-01  1.31589279e-01
  -5.43826558e-02 -6.79174289e-02 -1.65125038e-02  8.10377002e-02
   5.99119663e-02  4.24378365e-02 -8.62165615e-02 -5.52941784e-02
  -6.96775615e-02  3.54633294e-02 -1.18199907e-01  1.32539511e-01
   1.36210769e-02  1.62621424e-01 -6.60116449e-02 -1.73946749e-02
  -5.95787615e-02 -6.35582060e-02  1.01165578e-01  4.25008796e-02
  -1.16894105e-02 -1.09539658e-01 -7.37775937e-02 -6.40281290e-02
  -1.05000407e-01 -3.22244763e-02 -5.67987412e-02  1.21772952e-01]
 [ 9.98312458e-02 -4.26569842e-02 -9.08140764e-02 -2.04918861e-01
  -7.57356733e-02  7.55153894e-02 -8.56578499e-02 -2.80789752e-02
  -1.01049341e-01  1.54106859e-02 -9.56850871e-02 -3.21922917e-03
  -7.37113431e-02  9.59455892e-02 -4.24954630e-02  2.57317483e-01
  -9.70170796e-02  1.00602731e-01 -7.38040134e-02  7.56280944e-02
  -3.23681496e-02  1.12282120e-01 -1.11467391e-01  1.32849095e-02
   1.43205404e-01 -5.79899587e-02  6.58134595e-02  7.93899223e-02
   1.22090697e-01 -6.15531541e-02 -3.25323604e-02  1.08340167e-01
  -1.65670179e-02 -1.37549192e-01 -3.04090418e-02  9.69266817e-02
  -3.49929556e-03 -8.97347629e-02  1.21572092e-01  4.35566418e-02
  -1.15624340e-02 -2.98852772e-02 -1.08968958e-01  5.34580462e-02
  -6.63185269e-02 -8.59135687e-02  1.51110634e-01 -7.77603090e-02
  -2.64005791e-02  2.19741371e-02 -9.99660492e-02 -2.30304729e-02
   2.17930660e-01  3.95995975e-02  1.34875048e-02 -1.82558876e-02
  -7.65582621e-02  3.96509245e-02  1.73900768e-01 -7.83969760e-02
   9.74255800e-02 -5.06094433e-02  1.43631458e-01 -7.47657195e-02
   1.94260910e-01  7.26402998e-02  4.23208773e-02  1.62192076e-01
  -7.46194571e-02  4.56821397e-02 -7.49419034e-02  1.15688972e-01
   5.07511087e-02  6.40161633e-02  5.38171902e-02 -6.61595613e-02
  -7.69093782e-02 -7.03932578e-03  9.16932374e-02  5.73441107e-03
  -6.17352687e-02  1.02555819e-01 -7.99031779e-02 -5.22988066e-02
  -1.99757237e-02 -1.16568103e-01 -1.44669823e-02 -5.00110462e-02
   3.64410989e-02  5.59245013e-02  1.58438161e-01  3.35024595e-02
   2.92975325e-02 -4.57887240e-02  1.86207458e-01 -7.04925880e-02
  -8.70891958e-02 -7.02360570e-02 -9.68310311e-02  8.31269696e-02
   7.12967664e-02  9.50631201e-02 -4.51225452e-02  9.71239880e-02
  -7.85633400e-02  1.03085048e-01 -6.81606010e-02  1.40778288e-01
   9.97686852e-03  1.74622223e-01 -7.94474855e-02 -7.64512867e-02
   1.08365759e-01 -7.43486956e-02  1.97960790e-02 -1.90127585e-02
  -5.21762334e-02 -4.31212075e-02 -6.27329126e-02  1.17694631e-01
  -3.30892988e-02  4.16186964e-03 -2.72738338e-02 -7.81755447e-02
   4.10646573e-02 -3.74188982e-02 -6.64372742e-02 -7.29984492e-02]]
[[ 1.60488375e-02 -7.34327659e-02 -7.41922036e-02 -1.47724645e-02
   1.43200025e-01  1.41217023e-01 -8.26556310e-02  3.08422856e-02
   1.75305344e-02 -2.02069059e-03  1.11454435e-01 -1.17035463e-01
  -7.88986832e-02  1.86035439e-01 -1.19381607e-01  2.33049281e-02
   8.54894817e-02 -1.84061974e-02 -3.02865766e-02  3.02971099e-02
   1.69672161e-01  2.12316602e-01 -3.19167264e-02  1.02806650e-01
  -4.90968935e-02  6.10157214e-02 -1.08396664e-01 -5.23470119e-02
   7.77888391e-03 -8.76225680e-02 -3.77017558e-02 -3.63639295e-02
  -2.22479869e-02  1.28982261e-01  8.36144686e-02 -1.89708360e-03
   2.04032630e-01 -3.61356847e-02  5.86322695e-02 -8.59927088e-02
   4.00727242e-02 -1.00730479e-01 -5.77777363e-02  7.43163750e-02
   1.16191497e-02 -7.36838430e-02  3.44569422e-02 -5.17181158e-02
  -5.69166467e-02 -2.96861846e-02 -1.21256977e-01 -4.50374857e-02
   1.61496282e-01 -5.75099662e-02  7.45085701e-02 -1.98334698e-02
  -1.27914771e-01  7.35317841e-02  1.04711398e-01 -6.86442107e-02
   6.85411878e-03 -8.32268000e-02  2.54738539e-01  1.42351976e-02
  -8.03869590e-02  1.82476938e-01 -3.03829294e-02 -6.31332323e-02
  -3.53116207e-02  3.82979815e-05  1.93680376e-01 -3.60120833e-02
   5.75311482e-03  4.80532274e-02  8.85600597e-02  5.31384945e-02
  -8.29603299e-02 -7.01070577e-02  6.64714351e-02 -9.62599888e-02
   3.11098490e-02  1.99853238e-02 -9.69615281e-02  6.37119859e-02
  -9.81606692e-02 -2.38524843e-02  2.22224300e-03  5.76231852e-02
   5.94836734e-02 -6.88639283e-02  1.83581375e-02  1.92325026e-01
   1.46802306e-01 -6.59378618e-02  1.03308372e-01 -1.06615804e-01
   8.55297744e-02 -8.88580158e-02 -1.01759456e-01  1.31589279e-01
  -5.43826558e-02 -6.79174289e-02 -1.65125038e-02  8.10377002e-02
   5.99119663e-02  4.24378365e-02 -8.62165615e-02 -5.52941784e-02
  -6.96775615e-02  3.54633294e-02 -1.18199907e-01  1.32539511e-01
   1.36210769e-02  1.62621424e-01 -6.60116449e-02 -1.73946749e-02
  -5.95787615e-02 -6.35582060e-02  1.01165578e-01  4.25008796e-02
  -1.16894105e-02 -1.09539658e-01 -7.37775937e-02 -6.40281290e-02
  -1.05000407e-01 -3.22244763e-02 -5.67987412e-02  1.21772952e-01]
 [ 9.98312458e-02 -4.26569842e-02 -9.08140764e-02 -2.04918861e-01
  -7.57356733e-02  7.55153894e-02 -8.56578499e-02 -2.80789752e-02
  -1.01049341e-01  1.54106859e-02 -9.56850871e-02 -3.21922917e-03
  -7.37113431e-02  9.59455892e-02 -4.24954630e-02  2.57317483e-01
  -9.70170796e-02  1.00602731e-01 -7.38040134e-02  7.56280944e-02
  -3.23681496e-02  1.12282120e-01 -1.11467391e-01  1.32849095e-02
   1.43205404e-01 -5.79899587e-02  6.58134595e-02  7.93899223e-02
   1.22090697e-01 -6.15531541e-02 -3.25323604e-02  1.08340167e-01
  -1.65670179e-02 -1.37549192e-01 -3.04090418e-02  9.69266817e-02
  -3.49929556e-03 -8.97347629e-02  1.21572092e-01  4.35566418e-02
  -1.15624340e-02 -2.98852772e-02 -1.08968958e-01  5.34580462e-02
  -6.63185269e-02 -8.59135687e-02  1.51110634e-01 -7.77603090e-02
  -2.64005791e-02  2.19741371e-02 -9.99660492e-02 -2.30304729e-02
   2.17930660e-01  3.95995975e-02  1.34875048e-02 -1.82558876e-02
  -7.65582621e-02  3.96509245e-02  1.73900768e-01 -7.83969760e-02
   9.74255800e-02 -5.06094433e-02  1.43631458e-01 -7.47657195e-02
   1.94260910e-01  7.26402998e-02  4.23208773e-02  1.62192076e-01
  -7.46194571e-02  4.56821397e-02 -7.49419034e-02  1.15688972e-01
   5.07511087e-02  6.40161633e-02  5.38171902e-02 -6.61595613e-02
  -7.69093782e-02 -7.03932578e-03  9.16932374e-02  5.73441107e-03
  -6.17352687e-02  1.02555819e-01 -7.99031779e-02 -5.22988066e-02
  -1.99757237e-02 -1.16568103e-01 -1.44669823e-02 -5.00110462e-02
   3.64410989e-02  5.59245013e-02  1.58438161e-01  3.35024595e-02
   2.92975325e-02 -4.57887240e-02  1.86207458e-01 -7.04925880e-02
  -8.70891958e-02 -7.02360570e-02 -9.68310311e-02  8.31269696e-02
   7.12967664e-02  9.50631201e-02 -4.51225452e-02  9.71239880e-02
  -7.85633400e-02  1.03085048e-01 -6.81606010e-02  1.40778288e-01
   9.97686852e-03  1.74622223e-01 -7.94474855e-02 -7.64512867e-02
   1.08365759e-01 -7.43486956e-02  1.97960790e-02 -1.90127585e-02
  -5.21762334e-02 -4.31212075e-02 -6.27329126e-02  1.17694631e-01
  -3.30892988e-02  4.16186964e-03 -2.72738338e-02 -7.81755447e-02
   4.10646573e-02 -3.74188982e-02 -6.64372742e-02 -7.29984492e-02]]
[[ 1.60488375e-02 -7.34327659e-02 -7.41922036e-02 -1.47724645e-02
   1.43200025e-01  1.41217023e-01 -8.26556310e-02  3.08422856e-02
   1.75305344e-02 -2.02069059e-03  1.11454435e-01 -1.17035463e-01
  -7.88986832e-02  1.86035439e-01 -1.19381607e-01  2.33049281e-02
   8.54894817e-02 -1.84061974e-02 -3.02865766e-02  3.02971099e-02
   1.69672161e-01  2.12316602e-01 -3.19167264e-02  1.02806650e-01
  -4.90968935e-02  6.10157214e-02 -1.08396664e-01 -5.23470119e-02
   7.77888391e-03 -8.76225680e-02 -3.77017558e-02 -3.63639295e-02
  -2.22479869e-02  1.28982261e-01  8.36144686e-02 -1.89708360e-03
   2.04032630e-01 -3.61356847e-02  5.86322695e-02 -8.59927088e-02
   4.00727242e-02 -1.00730479e-01 -5.77777363e-02  7.43163750e-02
   1.16191497e-02 -7.36838430e-02  3.44569422e-02 -5.17181158e-02
  -5.69166467e-02 -2.96861846e-02 -1.21256977e-01 -4.50374857e-02
   1.61496282e-01 -5.75099662e-02  7.45085701e-02 -1.98334698e-02
  -1.27914771e-01  7.35317841e-02  1.04711398e-01 -6.86442107e-02
   6.85411878e-03 -8.32268000e-02  2.54738539e-01  1.42351976e-02
  -8.03869590e-02  1.82476938e-01 -3.03829294e-02 -6.31332323e-02
  -3.53116207e-02  3.82979815e-05  1.93680376e-01 -3.60120833e-02
   5.75311482e-03  4.80532274e-02  8.85600597e-02  5.31384945e-02
  -8.29603299e-02 -7.01070577e-02  6.64714351e-02 -9.62599888e-02
   3.11098490e-02  1.99853238e-02 -9.69615281e-02  6.37119859e-02
  -9.81606692e-02 -2.38524843e-02  2.22224300e-03  5.76231852e-02
   5.94836734e-02 -6.88639283e-02  1.83581375e-02  1.92325026e-01
   1.46802306e-01 -6.59378618e-02  1.03308372e-01 -1.06615804e-01
   8.55297744e-02 -8.88580158e-02 -1.01759456e-01  1.31589279e-01
  -5.43826558e-02 -6.79174289e-02 -1.65125038e-02  8.10377002e-02
   5.99119663e-02  4.24378365e-02 -8.62165615e-02 -5.52941784e-02
  -6.96775615e-02  3.54633294e-02 -1.18199907e-01  1.32539511e-01
   1.36210769e-02  1.62621424e-01 -6.60116449e-02 -1.73946749e-02
  -5.95787615e-02 -6.35582060e-02  1.01165578e-01  4.25008796e-02
  -1.16894105e-02 -1.09539658e-01 -7.37775937e-02 -6.40281290e-02
  -1.05000407e-01 -3.22244763e-02 -5.67987412e-02  1.21772952e-01]
 [ 9.98312458e-02 -4.26569842e-02 -9.08140764e-02 -2.04918861e-01
  -7.57356733e-02  7.55153894e-02 -8.56578499e-02 -2.80789752e-02
  -1.01049341e-01  1.54106859e-02 -9.56850871e-02 -3.21922917e-03
  -7.37113431e-02  9.59455892e-02 -4.24954630e-02  2.57317483e-01
  -9.70170796e-02  1.00602731e-01 -7.38040134e-02  7.56280944e-02
  -3.23681496e-02  1.12282120e-01 -1.11467391e-01  1.32849095e-02
   1.43205404e-01 -5.79899587e-02  6.58134595e-02  7.93899223e-02
   1.22090697e-01 -6.15531541e-02 -3.25323604e-02  1.08340167e-01
  -1.65670179e-02 -1.37549192e-01 -3.04090418e-02  9.69266817e-02
  -3.49929556e-03 -8.97347629e-02  1.21572092e-01  4.35566418e-02
  -1.15624340e-02 -2.98852772e-02 -1.08968958e-01  5.34580462e-02
  -6.63185269e-02 -8.59135687e-02  1.51110634e-01 -7.77603090e-02
  -2.64005791e-02  2.19741371e-02 -9.99660492e-02 -2.30304729e-02
   2.17930660e-01  3.95995975e-02  1.34875048e-02 -1.82558876e-02
  -7.65582621e-02  3.96509245e-02  1.73900768e-01 -7.83969760e-02
   9.74255800e-02 -5.06094433e-02  1.43631458e-01 -7.47657195e-02
   1.94260910e-01  7.26402998e-02  4.23208773e-02  1.62192076e-01
  -7.46194571e-02  4.56821397e-02 -7.49419034e-02  1.15688972e-01
   5.07511087e-02  6.40161633e-02  5.38171902e-02 -6.61595613e-02
  -7.69093782e-02 -7.03932578e-03  9.16932374e-02  5.73441107e-03
  -6.17352687e-02  1.02555819e-01 -7.99031779e-02 -5.22988066e-02
  -1.99757237e-02 -1.16568103e-01 -1.44669823e-02 -5.00110462e-02
   3.64410989e-02  5.59245013e-02  1.58438161e-01  3.35024595e-02
   2.92975325e-02 -4.57887240e-02  1.86207458e-01 -7.04925880e-02
  -8.70891958e-02 -7.02360570e-02 -9.68310311e-02  8.31269696e-02
   7.12967664e-02  9.50631201e-02 -4.51225452e-02  9.71239880e-02
  -7.85633400e-02  1.03085048e-01 -6.81606010e-02  1.40778288e-01
   9.97686852e-03  1.74622223e-01 -7.94474855e-02 -7.64512867e-02
   1.08365759e-01 -7.43486956e-02  1.97960790e-02 -1.90127585e-02
  -5.21762334e-02 -4.31212075e-02 -6.27329126e-02  1.17694631e-01
  -3.30892988e-02  4.16186964e-03 -2.72738338e-02 -7.81755447e-02
   4.10646573e-02 -3.74188982e-02 -6.64372742e-02 -7.29984492e-02]]
[[ 1.60488375e-02 -7.34327659e-02 -7.41922036e-02 -1.47724645e-02
   1.43200025e-01  1.41217023e-01 -8.26556310e-02  3.08422856e-02
   1.75305344e-02 -2.02069059e-03  1.11454435e-01 -1.17035463e-01
  -7.88986832e-02  1.86035439e-01 -1.19381607e-01  2.33049281e-02
   8.54894817e-02 -1.84061974e-02 -3.02865766e-02  3.02971099e-02
   1.69672161e-01  2.12316602e-01 -3.19167264e-02  1.02806650e-01
  -4.90968935e-02  6.10157214e-02 -1.08396664e-01 -5.23470119e-02
   7.77888391e-03 -8.76225680e-02 -3.77017558e-02 -3.63639295e-02
  -2.22479869e-02  1.28982261e-01  8.36144686e-02 -1.89708360e-03
   2.04032630e-01 -3.61356847e-02  5.86322695e-02 -8.59927088e-02
   4.00727242e-02 -1.00730479e-01 -5.77777363e-02  7.43163750e-02
   1.16191497e-02 -7.36838430e-02  3.44569422e-02 -5.17181158e-02
  -5.69166467e-02 -2.96861846e-02 -1.21256977e-01 -4.50374857e-02
   1.61496282e-01 -5.75099662e-02  7.45085701e-02 -1.98334698e-02
  -1.27914771e-01  7.35317841e-02  1.04711398e-01 -6.86442107e-02
   6.85411878e-03 -8.32268000e-02  2.54738539e-01  1.42351976e-02
  -8.03869590e-02  1.82476938e-01 -3.03829294e-02 -6.31332323e-02
  -3.53116207e-02  3.82979815e-05  1.93680376e-01 -3.60120833e-02
   5.75311482e-03  4.80532274e-02  8.85600597e-02  5.31384945e-02
  -8.29603299e-02 -7.01070577e-02  6.64714351e-02 -9.62599888e-02
   3.11098490e-02  1.99853238e-02 -9.69615281e-02  6.37119859e-02
  -9.81606692e-02 -2.38524843e-02  2.22224300e-03  5.76231852e-02
   5.94836734e-02 -6.88639283e-02  1.83581375e-02  1.92325026e-01
   1.46802306e-01 -6.59378618e-02  1.03308372e-01 -1.06615804e-01
   8.55297744e-02 -8.88580158e-02 -1.01759456e-01  1.31589279e-01
  -5.43826558e-02 -6.79174289e-02 -1.65125038e-02  8.10377002e-02
   5.99119663e-02  4.24378365e-02 -8.62165615e-02 -5.52941784e-02
  -6.96775615e-02  3.54633294e-02 -1.18199907e-01  1.32539511e-01
   1.36210769e-02  1.62621424e-01 -6.60116449e-02 -1.73946749e-02
  -5.95787615e-02 -6.35582060e-02  1.01165578e-01  4.25008796e-02
  -1.16894105e-02 -1.09539658e-01 -7.37775937e-02 -6.40281290e-02
  -1.05000407e-01 -3.22244763e-02 -5.67987412e-02  1.21772952e-01]
 [ 9.98312458e-02 -4.26569842e-02 -9.08140764e-02 -2.04918861e-01
  -7.57356733e-02  7.55153894e-02 -8.56578499e-02 -2.80789752e-02
  -1.01049341e-01  1.54106859e-02 -9.56850871e-02 -3.21922917e-03
  -7.37113431e-02  9.59455892e-02 -4.24954630e-02  2.57317483e-01
  -9.70170796e-02  1.00602731e-01 -7.38040134e-02  7.56280944e-02
  -3.23681496e-02  1.12282120e-01 -1.11467391e-01  1.32849095e-02
   1.43205404e-01 -5.79899587e-02  6.58134595e-02  7.93899223e-02
   1.22090697e-01 -6.15531541e-02 -3.25323604e-02  1.08340167e-01
  -1.65670179e-02 -1.37549192e-01 -3.04090418e-02  9.69266817e-02
  -3.49929556e-03 -8.97347629e-02  1.21572092e-01  4.35566418e-02
  -1.15624340e-02 -2.98852772e-02 -1.08968958e-01  5.34580462e-02
  -6.63185269e-02 -8.59135687e-02  1.51110634e-01 -7.77603090e-02
  -2.64005791e-02  2.19741371e-02 -9.99660492e-02 -2.30304729e-02
   2.17930660e-01  3.95995975e-02  1.34875048e-02 -1.82558876e-02
  -7.65582621e-02  3.96509245e-02  1.73900768e-01 -7.83969760e-02
   9.74255800e-02 -5.06094433e-02  1.43631458e-01 -7.47657195e-02
   1.94260910e-01  7.26402998e-02  4.23208773e-02  1.62192076e-01
  -7.46194571e-02  4.56821397e-02 -7.49419034e-02  1.15688972e-01
   5.07511087e-02  6.40161633e-02  5.38171902e-02 -6.61595613e-02
  -7.69093782e-02 -7.03932578e-03  9.16932374e-02  5.73441107e-03
  -6.17352687e-02  1.02555819e-01 -7.99031779e-02 -5.22988066e-02
  -1.99757237e-02 -1.16568103e-01 -1.44669823e-02 -5.00110462e-02
   3.64410989e-02  5.59245013e-02  1.58438161e-01  3.35024595e-02
   2.92975325e-02 -4.57887240e-02  1.86207458e-01 -7.04925880e-02
  -8.70891958e-02 -7.02360570e-02 -9.68310311e-02  8.31269696e-02
   7.12967664e-02  9.50631201e-02 -4.51225452e-02  9.71239880e-02
  -7.85633400e-02  1.03085048e-01 -6.81606010e-02  1.40778288e-01
   9.97686852e-03  1.74622223e-01 -7.94474855e-02 -7.64512867e-02
   1.08365759e-01 -7.43486956e-02  1.97960790e-02 -1.90127585e-02
  -5.21762334e-02 -4.31212075e-02 -6.27329126e-02  1.17694631e-01
  -3.30892988e-02  4.16186964e-03 -2.72738338e-02 -7.81755447e-02
   4.10646573e-02 -3.74188982e-02 -6.64372742e-02 -7.29984492e-02]]
