[[-1.78564917e-02 -3.40270959e-02 -3.69477854e-03 -7.30051752e-03
   1.31867811e-01  1.25163347e-01 -6.11286499e-02  3.11352070e-02
   1.14957886e-02 -2.89527737e-02  1.39410689e-01 -8.39089602e-02
  -7.93252066e-02  1.81091949e-01 -1.32887378e-01 -1.74669027e-02
   9.66905877e-02  6.29056916e-02 -5.44100218e-02  8.46624374e-02
   1.24017678e-01  1.80003449e-01 -1.58572029e-02  8.32424387e-02
  -8.34446102e-02  1.05015025e-01 -5.24277799e-02 -1.32970382e-02
  -7.41890399e-03 -8.19537118e-02 -6.40347674e-02 -1.60488524e-02
  -3.20036411e-02  4.07312624e-02  4.57376149e-03  1.08053861e-02
   1.31704941e-01 -1.84837207e-02  2.00445708e-02 -1.08040161e-01
  -2.15509720e-02 -1.08723409e-01 -1.09699644e-01  7.82643929e-02
   8.13417253e-04 -9.39500034e-02 -1.50889913e-02 -6.45303428e-02
  -5.30520976e-02 -4.39621620e-02 -1.19494066e-01 -1.46800540e-02
   1.79312170e-01 -1.11776795e-02  1.39697241e-02  5.56897894e-02
  -1.37610674e-01  3.26809026e-02  8.16103369e-02 -2.13591531e-02
   1.41636562e-02 -4.95127030e-02  2.10250214e-01  1.34598151e-01
  -1.07039459e-01  7.53160194e-02  4.50660437e-02 -7.75749758e-02
  -4.34986539e-02 -3.06180343e-02  1.99666113e-01 -7.78827518e-02
  -6.74764514e-02  2.76344083e-02  1.60506144e-01  5.18198758e-02
  -8.74613225e-02 -7.31236711e-02  3.23760770e-02 -1.00698002e-01
   8.46534781e-03 -3.47928926e-02 -1.02643214e-01  1.85327753e-01
  -1.02067590e-01  1.06227351e-02  2.52044536e-02  3.87662612e-02
   8.33004639e-02 -5.29610440e-02 -7.86390379e-02  1.46556318e-01
   1.02699831e-01 -7.70421028e-02  5.36517911e-02 -1.59607977e-01
   9.73244980e-02 -9.72753763e-02 -9.74683464e-02  1.36542380e-01
  -8.57595354e-02 -9.86892805e-02 -5.41530491e-04  3.41148749e-02
   8.54956284e-02  1.03118494e-02 -4.98286337e-02 -7.70591050e-02
  -6.70057461e-02 -5.77646010e-02 -1.01180650e-01  1.93276182e-01
  -1.09982733e-02  1.95366606e-01 -5.88756911e-02 -5.24479225e-02
  -8.44122097e-02 -5.63146211e-02  1.16144091e-01  2.71579642e-02
  -1.47558246e-02 -1.05403349e-01 -8.26932341e-02 -6.97330534e-02
  -3.99521403e-02 -6.75779581e-02 -6.25824407e-02  1.75785109e-01]
 [ 1.00993320e-01 -6.79041073e-02 -7.82173797e-02 -1.52626023e-01
  -7.93955997e-02  1.09052360e-01 -8.23089406e-02 -4.47092950e-02
  -1.00986652e-01 -2.17222758e-02 -9.88800302e-02  1.10288709e-03
  -9.16060358e-02  9.17745829e-02 -4.74444367e-02  2.82066643e-01
  -9.85524580e-02  6.70425147e-02 -7.33780265e-02  1.05959408e-01
  -5.51574938e-02  8.81745145e-02 -1.78196937e-01 -1.91733427e-02
   1.13742553e-01 -5.06573059e-02  6.65336475e-02  9.05101374e-02
   1.31783977e-01 -6.79683834e-02 -4.51491214e-02  1.14249334e-01
  -6.99787261e-03 -1.24411419e-01 -4.08256017e-02  6.52736574e-02
   2.11420888e-03 -8.70553851e-02  7.90069699e-02  7.20356964e-03
  -2.67282762e-02 -3.90867963e-02 -9.96808037e-02  2.08621565e-02
  -5.25970273e-02 -9.14202258e-02  1.18833415e-01 -8.08154047e-02
  -4.39801253e-02  3.17228213e-02 -1.06381133e-01 -1.40206364e-03
   1.72074810e-01  2.96583045e-02 -2.20429341e-04  3.08209602e-02
  -8.35321620e-02  2.43100487e-02  1.81281984e-01 -7.73801357e-02
   9.07569081e-02 -1.41798370e-02  1.39989868e-01 -8.44766945e-02
   2.39089906e-01  1.01874791e-01  8.53664204e-02  1.72651336e-01
  -7.69897476e-02  3.50126438e-02 -6.59184307e-02  1.27532512e-01
   4.59331349e-02  5.13027608e-02  5.49561419e-02 -6.15376644e-02
  -8.30557793e-02 -3.57107818e-02  6.98967576e-02 -1.55776320e-02
  -7.45734051e-02  1.06956773e-01 -8.03678483e-02 -4.26720195e-02
  -1.34097002e-02 -1.18620850e-01  6.14082254e-03 -6.22171387e-02
   5.92630617e-02  8.51416588e-02  1.69291452e-01  9.58398730e-03
   3.76173342e-03 -3.93296406e-02  1.59304529e-01 -7.84878880e-02
  -8.33038092e-02 -7.56169036e-02 -9.00525749e-02  6.76489472e-02
   7.28880093e-02  1.11551099e-01 -5.55972159e-02  6.80007413e-02
  -8.59608501e-02  1.19150102e-01 -7.02412054e-02  1.04156099e-01
   1.44657400e-02  1.54834002e-01 -7.96060041e-02 -7.54847974e-02
   9.81050059e-02 -7.47201219e-02 -1.08465953e-02 -1.01822596e-02
  -2.39223186e-02 -4.85378951e-02 -6.51591271e-02  1.53852329e-01
  -4.65345085e-02  6.98712235e-03 -3.82775776e-02 -7.74777755e-02
   4.40594107e-02 -1.56791583e-02 -5.54399937e-02 -6.95700422e-02]]
[[-1.78564917e-02 -3.40270959e-02 -3.69477854e-03 -7.30051752e-03
   1.31867811e-01  1.25163347e-01 -6.11286499e-02  3.11352070e-02
   1.14957886e-02 -2.89527737e-02  1.39410689e-01 -8.39089602e-02
  -7.93252066e-02  1.81091949e-01 -1.32887378e-01 -1.74669027e-02
   9.66905877e-02  6.29056916e-02 -5.44100218e-02  8.46624374e-02
   1.24017678e-01  1.80003449e-01 -1.58572029e-02  8.32424387e-02
  -8.34446102e-02  1.05015025e-01 -5.24277799e-02 -1.32970382e-02
  -7.41890399e-03 -8.19537118e-02 -6.40347674e-02 -1.60488524e-02
  -3.20036411e-02  4.07312624e-02  4.57376149e-03  1.08053861e-02
   1.31704941e-01 -1.84837207e-02  2.00445708e-02 -1.08040161e-01
  -2.15509720e-02 -1.08723409e-01 -1.09699644e-01  7.82643929e-02
   8.13417253e-04 -9.39500034e-02 -1.50889913e-02 -6.45303428e-02
  -5.30520976e-02 -4.39621620e-02 -1.19494066e-01 -1.46800540e-02
   1.79312170e-01 -1.11776795e-02  1.39697241e-02  5.56897894e-02
  -1.37610674e-01  3.26809026e-02  8.16103369e-02 -2.13591531e-02
   1.41636562e-02 -4.95127030e-02  2.10250214e-01  1.34598151e-01
  -1.07039459e-01  7.53160194e-02  4.50660437e-02 -7.75749758e-02
  -4.34986539e-02 -3.06180343e-02  1.99666113e-01 -7.78827518e-02
  -6.74764514e-02  2.76344083e-02  1.60506144e-01  5.18198758e-02
  -8.74613225e-02 -7.31236711e-02  3.23760770e-02 -1.00698002e-01
   8.46534781e-03 -3.47928926e-02 -1.02643214e-01  1.85327753e-01
  -1.02067590e-01  1.06227351e-02  2.52044536e-02  3.87662612e-02
   8.33004639e-02 -5.29610440e-02 -7.86390379e-02  1.46556318e-01
   1.02699831e-01 -7.70421028e-02  5.36517911e-02 -1.59607977e-01
   9.73244980e-02 -9.72753763e-02 -9.74683464e-02  1.36542380e-01
  -8.57595354e-02 -9.86892805e-02 -5.41530491e-04  3.41148749e-02
   8.54956284e-02  1.03118494e-02 -4.98286337e-02 -7.70591050e-02
  -6.70057461e-02 -5.77646010e-02 -1.01180650e-01  1.93276182e-01
  -1.09982733e-02  1.95366606e-01 -5.88756911e-02 -5.24479225e-02
  -8.44122097e-02 -5.63146211e-02  1.16144091e-01  2.71579642e-02
  -1.47558246e-02 -1.05403349e-01 -8.26932341e-02 -6.97330534e-02
  -3.99521403e-02 -6.75779581e-02 -6.25824407e-02  1.75785109e-01]
 [ 1.00993320e-01 -6.79041073e-02 -7.82173797e-02 -1.52626023e-01
  -7.93955997e-02  1.09052360e-01 -8.23089406e-02 -4.47092950e-02
  -1.00986652e-01 -2.17222758e-02 -9.88800302e-02  1.10288709e-03
  -9.16060358e-02  9.17745829e-02 -4.74444367e-02  2.82066643e-01
  -9.85524580e-02  6.70425147e-02 -7.33780265e-02  1.05959408e-01
  -5.51574938e-02  8.81745145e-02 -1.78196937e-01 -1.91733427e-02
   1.13742553e-01 -5.06573059e-02  6.65336475e-02  9.05101374e-02
   1.31783977e-01 -6.79683834e-02 -4.51491214e-02  1.14249334e-01
  -6.99787261e-03 -1.24411419e-01 -4.08256017e-02  6.52736574e-02
   2.11420888e-03 -8.70553851e-02  7.90069699e-02  7.20356964e-03
  -2.67282762e-02 -3.90867963e-02 -9.96808037e-02  2.08621565e-02
  -5.25970273e-02 -9.14202258e-02  1.18833415e-01 -8.08154047e-02
  -4.39801253e-02  3.17228213e-02 -1.06381133e-01 -1.40206364e-03
   1.72074810e-01  2.96583045e-02 -2.20429341e-04  3.08209602e-02
  -8.35321620e-02  2.43100487e-02  1.81281984e-01 -7.73801357e-02
   9.07569081e-02 -1.41798370e-02  1.39989868e-01 -8.44766945e-02
   2.39089906e-01  1.01874791e-01  8.53664204e-02  1.72651336e-01
  -7.69897476e-02  3.50126438e-02 -6.59184307e-02  1.27532512e-01
   4.59331349e-02  5.13027608e-02  5.49561419e-02 -6.15376644e-02
  -8.30557793e-02 -3.57107818e-02  6.98967576e-02 -1.55776320e-02
  -7.45734051e-02  1.06956773e-01 -8.03678483e-02 -4.26720195e-02
  -1.34097002e-02 -1.18620850e-01  6.14082254e-03 -6.22171387e-02
   5.92630617e-02  8.51416588e-02  1.69291452e-01  9.58398730e-03
   3.76173342e-03 -3.93296406e-02  1.59304529e-01 -7.84878880e-02
  -8.33038092e-02 -7.56169036e-02 -9.00525749e-02  6.76489472e-02
   7.28880093e-02  1.11551099e-01 -5.55972159e-02  6.80007413e-02
  -8.59608501e-02  1.19150102e-01 -7.02412054e-02  1.04156099e-01
   1.44657400e-02  1.54834002e-01 -7.96060041e-02 -7.54847974e-02
   9.81050059e-02 -7.47201219e-02 -1.08465953e-02 -1.01822596e-02
  -2.39223186e-02 -4.85378951e-02 -6.51591271e-02  1.53852329e-01
  -4.65345085e-02  6.98712235e-03 -3.82775776e-02 -7.74777755e-02
   4.40594107e-02 -1.56791583e-02 -5.54399937e-02 -6.95700422e-02]]
[[-1.78564917e-02 -3.40270959e-02 -3.69477854e-03 -7.30051752e-03
   1.31867811e-01  1.25163347e-01 -6.11286499e-02  3.11352070e-02
   1.14957886e-02 -2.89527737e-02  1.39410689e-01 -8.39089602e-02
  -7.93252066e-02  1.81091949e-01 -1.32887378e-01 -1.74669027e-02
   9.66905877e-02  6.29056916e-02 -5.44100218e-02  8.46624374e-02
   1.24017678e-01  1.80003449e-01 -1.58572029e-02  8.32424387e-02
  -8.34446102e-02  1.05015025e-01 -5.24277799e-02 -1.32970382e-02
  -7.41890399e-03 -8.19537118e-02 -6.40347674e-02 -1.60488524e-02
  -3.20036411e-02  4.07312624e-02  4.57376149e-03  1.08053861e-02
   1.31704941e-01 -1.84837207e-02  2.00445708e-02 -1.08040161e-01
  -2.15509720e-02 -1.08723409e-01 -1.09699644e-01  7.82643929e-02
   8.13417253e-04 -9.39500034e-02 -1.50889913e-02 -6.45303428e-02
  -5.30520976e-02 -4.39621620e-02 -1.19494066e-01 -1.46800540e-02
   1.79312170e-01 -1.11776795e-02  1.39697241e-02  5.56897894e-02
  -1.37610674e-01  3.26809026e-02  8.16103369e-02 -2.13591531e-02
   1.41636562e-02 -4.95127030e-02  2.10250214e-01  1.34598151e-01
  -1.07039459e-01  7.53160194e-02  4.50660437e-02 -7.75749758e-02
  -4.34986539e-02 -3.06180343e-02  1.99666113e-01 -7.78827518e-02
  -6.74764514e-02  2.76344083e-02  1.60506144e-01  5.18198758e-02
  -8.74613225e-02 -7.31236711e-02  3.23760770e-02 -1.00698002e-01
   8.46534781e-03 -3.47928926e-02 -1.02643214e-01  1.85327753e-01
  -1.02067590e-01  1.06227351e-02  2.52044536e-02  3.87662612e-02
   8.33004639e-02 -5.29610440e-02 -7.86390379e-02  1.46556318e-01
   1.02699831e-01 -7.70421028e-02  5.36517911e-02 -1.59607977e-01
   9.73244980e-02 -9.72753763e-02 -9.74683464e-02  1.36542380e-01
  -8.57595354e-02 -9.86892805e-02 -5.41530491e-04  3.41148749e-02
   8.54956284e-02  1.03118494e-02 -4.98286337e-02 -7.70591050e-02
  -6.70057461e-02 -5.77646010e-02 -1.01180650e-01  1.93276182e-01
  -1.09982733e-02  1.95366606e-01 -5.88756911e-02 -5.24479225e-02
  -8.44122097e-02 -5.63146211e-02  1.16144091e-01  2.71579642e-02
  -1.47558246e-02 -1.05403349e-01 -8.26932341e-02 -6.97330534e-02
  -3.99521403e-02 -6.75779581e-02 -6.25824407e-02  1.75785109e-01]
 [ 1.00993320e-01 -6.79041073e-02 -7.82173797e-02 -1.52626023e-01
  -7.93955997e-02  1.09052360e-01 -8.23089406e-02 -4.47092950e-02
  -1.00986652e-01 -2.17222758e-02 -9.88800302e-02  1.10288709e-03
  -9.16060358e-02  9.17745829e-02 -4.74444367e-02  2.82066643e-01
  -9.85524580e-02  6.70425147e-02 -7.33780265e-02  1.05959408e-01
  -5.51574938e-02  8.81745145e-02 -1.78196937e-01 -1.91733427e-02
   1.13742553e-01 -5.06573059e-02  6.65336475e-02  9.05101374e-02
   1.31783977e-01 -6.79683834e-02 -4.51491214e-02  1.14249334e-01
  -6.99787261e-03 -1.24411419e-01 -4.08256017e-02  6.52736574e-02
   2.11420888e-03 -8.70553851e-02  7.90069699e-02  7.20356964e-03
  -2.67282762e-02 -3.90867963e-02 -9.96808037e-02  2.08621565e-02
  -5.25970273e-02 -9.14202258e-02  1.18833415e-01 -8.08154047e-02
  -4.39801253e-02  3.17228213e-02 -1.06381133e-01 -1.40206364e-03
   1.72074810e-01  2.96583045e-02 -2.20429341e-04  3.08209602e-02
  -8.35321620e-02  2.43100487e-02  1.81281984e-01 -7.73801357e-02
   9.07569081e-02 -1.41798370e-02  1.39989868e-01 -8.44766945e-02
   2.39089906e-01  1.01874791e-01  8.53664204e-02  1.72651336e-01
  -7.69897476e-02  3.50126438e-02 -6.59184307e-02  1.27532512e-01
   4.59331349e-02  5.13027608e-02  5.49561419e-02 -6.15376644e-02
  -8.30557793e-02 -3.57107818e-02  6.98967576e-02 -1.55776320e-02
  -7.45734051e-02  1.06956773e-01 -8.03678483e-02 -4.26720195e-02
  -1.34097002e-02 -1.18620850e-01  6.14082254e-03 -6.22171387e-02
   5.92630617e-02  8.51416588e-02  1.69291452e-01  9.58398730e-03
   3.76173342e-03 -3.93296406e-02  1.59304529e-01 -7.84878880e-02
  -8.33038092e-02 -7.56169036e-02 -9.00525749e-02  6.76489472e-02
   7.28880093e-02  1.11551099e-01 -5.55972159e-02  6.80007413e-02
  -8.59608501e-02  1.19150102e-01 -7.02412054e-02  1.04156099e-01
   1.44657400e-02  1.54834002e-01 -7.96060041e-02 -7.54847974e-02
   9.81050059e-02 -7.47201219e-02 -1.08465953e-02 -1.01822596e-02
  -2.39223186e-02 -4.85378951e-02 -6.51591271e-02  1.53852329e-01
  -4.65345085e-02  6.98712235e-03 -3.82775776e-02 -7.74777755e-02
   4.40594107e-02 -1.56791583e-02 -5.54399937e-02 -6.95700422e-02]]
[[-1.78564917e-02 -3.40270959e-02 -3.69477854e-03 -7.30051752e-03
   1.31867811e-01  1.25163347e-01 -6.11286499e-02  3.11352070e-02
   1.14957886e-02 -2.89527737e-02  1.39410689e-01 -8.39089602e-02
  -7.93252066e-02  1.81091949e-01 -1.32887378e-01 -1.74669027e-02
   9.66905877e-02  6.29056916e-02 -5.44100218e-02  8.46624374e-02
   1.24017678e-01  1.80003449e-01 -1.58572029e-02  8.32424387e-02
  -8.34446102e-02  1.05015025e-01 -5.24277799e-02 -1.32970382e-02
  -7.41890399e-03 -8.19537118e-02 -6.40347674e-02 -1.60488524e-02
  -3.20036411e-02  4.07312624e-02  4.57376149e-03  1.08053861e-02
   1.31704941e-01 -1.84837207e-02  2.00445708e-02 -1.08040161e-01
  -2.15509720e-02 -1.08723409e-01 -1.09699644e-01  7.82643929e-02
   8.13417253e-04 -9.39500034e-02 -1.50889913e-02 -6.45303428e-02
  -5.30520976e-02 -4.39621620e-02 -1.19494066e-01 -1.46800540e-02
   1.79312170e-01 -1.11776795e-02  1.39697241e-02  5.56897894e-02
  -1.37610674e-01  3.26809026e-02  8.16103369e-02 -2.13591531e-02
   1.41636562e-02 -4.95127030e-02  2.10250214e-01  1.34598151e-01
  -1.07039459e-01  7.53160194e-02  4.50660437e-02 -7.75749758e-02
  -4.34986539e-02 -3.06180343e-02  1.99666113e-01 -7.78827518e-02
  -6.74764514e-02  2.76344083e-02  1.60506144e-01  5.18198758e-02
  -8.74613225e-02 -7.31236711e-02  3.23760770e-02 -1.00698002e-01
   8.46534781e-03 -3.47928926e-02 -1.02643214e-01  1.85327753e-01
  -1.02067590e-01  1.06227351e-02  2.52044536e-02  3.87662612e-02
   8.33004639e-02 -5.29610440e-02 -7.86390379e-02  1.46556318e-01
   1.02699831e-01 -7.70421028e-02  5.36517911e-02 -1.59607977e-01
   9.73244980e-02 -9.72753763e-02 -9.74683464e-02  1.36542380e-01
  -8.57595354e-02 -9.86892805e-02 -5.41530491e-04  3.41148749e-02
   8.54956284e-02  1.03118494e-02 -4.98286337e-02 -7.70591050e-02
  -6.70057461e-02 -5.77646010e-02 -1.01180650e-01  1.93276182e-01
  -1.09982733e-02  1.95366606e-01 -5.88756911e-02 -5.24479225e-02
  -8.44122097e-02 -5.63146211e-02  1.16144091e-01  2.71579642e-02
  -1.47558246e-02 -1.05403349e-01 -8.26932341e-02 -6.97330534e-02
  -3.99521403e-02 -6.75779581e-02 -6.25824407e-02  1.75785109e-01]
 [ 1.00993320e-01 -6.79041073e-02 -7.82173797e-02 -1.52626023e-01
  -7.93955997e-02  1.09052360e-01 -8.23089406e-02 -4.47092950e-02
  -1.00986652e-01 -2.17222758e-02 -9.88800302e-02  1.10288709e-03
  -9.16060358e-02  9.17745829e-02 -4.74444367e-02  2.82066643e-01
  -9.85524580e-02  6.70425147e-02 -7.33780265e-02  1.05959408e-01
  -5.51574938e-02  8.81745145e-02 -1.78196937e-01 -1.91733427e-02
   1.13742553e-01 -5.06573059e-02  6.65336475e-02  9.05101374e-02
   1.31783977e-01 -6.79683834e-02 -4.51491214e-02  1.14249334e-01
  -6.99787261e-03 -1.24411419e-01 -4.08256017e-02  6.52736574e-02
   2.11420888e-03 -8.70553851e-02  7.90069699e-02  7.20356964e-03
  -2.67282762e-02 -3.90867963e-02 -9.96808037e-02  2.08621565e-02
  -5.25970273e-02 -9.14202258e-02  1.18833415e-01 -8.08154047e-02
  -4.39801253e-02  3.17228213e-02 -1.06381133e-01 -1.40206364e-03
   1.72074810e-01  2.96583045e-02 -2.20429341e-04  3.08209602e-02
  -8.35321620e-02  2.43100487e-02  1.81281984e-01 -7.73801357e-02
   9.07569081e-02 -1.41798370e-02  1.39989868e-01 -8.44766945e-02
   2.39089906e-01  1.01874791e-01  8.53664204e-02  1.72651336e-01
  -7.69897476e-02  3.50126438e-02 -6.59184307e-02  1.27532512e-01
   4.59331349e-02  5.13027608e-02  5.49561419e-02 -6.15376644e-02
  -8.30557793e-02 -3.57107818e-02  6.98967576e-02 -1.55776320e-02
  -7.45734051e-02  1.06956773e-01 -8.03678483e-02 -4.26720195e-02
  -1.34097002e-02 -1.18620850e-01  6.14082254e-03 -6.22171387e-02
   5.92630617e-02  8.51416588e-02  1.69291452e-01  9.58398730e-03
   3.76173342e-03 -3.93296406e-02  1.59304529e-01 -7.84878880e-02
  -8.33038092e-02 -7.56169036e-02 -9.00525749e-02  6.76489472e-02
   7.28880093e-02  1.11551099e-01 -5.55972159e-02  6.80007413e-02
  -8.59608501e-02  1.19150102e-01 -7.02412054e-02  1.04156099e-01
   1.44657400e-02  1.54834002e-01 -7.96060041e-02 -7.54847974e-02
   9.81050059e-02 -7.47201219e-02 -1.08465953e-02 -1.01822596e-02
  -2.39223186e-02 -4.85378951e-02 -6.51591271e-02  1.53852329e-01
  -4.65345085e-02  6.98712235e-03 -3.82775776e-02 -7.74777755e-02
   4.40594107e-02 -1.56791583e-02 -5.54399937e-02 -6.95700422e-02]]
