[[-4.69145477e-02 -3.50182801e-02 -1.98453944e-03  2.17762729e-03
   1.54777914e-01  1.20993607e-01 -6.68390542e-02  5.00712767e-02
   1.60750300e-02 -3.34368683e-02  1.41308323e-01 -9.49218422e-02
  -8.69845375e-02  1.87898993e-01 -1.29878208e-01 -4.19386243e-03
   8.40490088e-02  2.92676147e-02 -6.06965683e-02  6.32949173e-02
   1.41102314e-01  1.76534474e-01 -9.03900526e-03  5.30574545e-02
  -6.49828464e-02  1.01537645e-01 -7.17230663e-02 -2.73707584e-02
  -2.18934678e-02 -8.43160003e-02 -6.21036105e-02 -2.53357068e-02
  -6.09213114e-02  5.39899729e-02  2.06227880e-02  8.58425349e-03
   1.20001197e-01 -1.88150760e-02 -1.35851884e-02 -1.10498801e-01
  -1.44885806e-02 -1.11019403e-01 -1.03773773e-01  9.07839760e-02
  -8.53315555e-03 -9.59738493e-02 -2.22225264e-02 -6.53270185e-02
  -3.43637578e-02 -6.17093369e-02 -1.28625453e-01 -3.53107601e-02
   1.49326518e-01 -2.44515464e-02 -1.89460758e-02  1.62736122e-02
  -1.43436804e-01  3.78851779e-02  7.15422779e-02 -2.90580676e-03
   2.00657826e-02 -7.39880055e-02  2.09423512e-01  1.54008955e-01
  -9.82208028e-02  7.03691468e-02  3.09479889e-02 -7.04824030e-02
  -5.10846004e-02 -4.42900695e-02  2.18671069e-01 -5.55152148e-02
  -6.57774955e-02  6.18755706e-02  1.39197946e-01  5.61373215e-03
  -9.49892327e-02 -7.43634552e-02  6.36903103e-03 -9.72887203e-02
   1.03550978e-04 -3.45642604e-02 -9.65315923e-02  1.59620002e-01
  -1.09832428e-01  1.31686090e-03  2.13666707e-02 -7.59472093e-03
   1.03103064e-01 -5.83760366e-02 -6.56941459e-02  1.64142877e-01
   8.28532651e-02 -7.07500279e-02  7.13280439e-02 -1.76148877e-01
   6.68233559e-02 -1.00900508e-01 -9.49534625e-02  1.37852743e-01
  -8.07532668e-02 -9.40664858e-02 -1.58463400e-02  5.84031716e-02
   8.62395242e-02  1.22707558e-03 -6.88375011e-02 -5.95908873e-02
  -6.07954115e-02 -4.68306392e-02 -1.04496844e-01  1.85152903e-01
  -3.38045619e-02  1.92377105e-01 -6.81409836e-02 -6.57042190e-02
  -7.18947798e-02 -5.97590692e-02  1.00891918e-01  1.11443801e-02
  -1.17236925e-02 -1.03296205e-01 -8.50726515e-02 -6.18724748e-02
  -7.40977228e-02 -6.25684038e-02 -6.44548088e-02  1.80154160e-01]
 [ 1.14398867e-01 -5.45232743e-02 -7.13243708e-02 -1.45510048e-01
  -6.78803623e-02  1.05521232e-01 -7.85675868e-02 -3.82478870e-02
  -9.96610597e-02 -9.59077384e-03 -9.39240977e-02  1.66598298e-02
  -9.26601961e-02  1.01496682e-01 -6.90051690e-02  2.82171756e-01
  -8.79815966e-02  7.13102892e-02 -7.30287954e-02  8.96016508e-02
  -4.76479791e-02  8.75745863e-02 -1.75783485e-01  4.20098426e-03
   1.18771620e-01 -4.91300225e-02  4.56143133e-02  1.00048184e-01
   1.42097637e-01 -6.63952231e-02 -5.19650914e-02  7.78165013e-02
  -6.57385960e-03 -8.52959603e-02 -3.35748382e-02  4.99014594e-02
   4.25291508e-02 -7.99470618e-02  7.58235678e-02  6.42676791e-03
  -3.43629462e-03 -5.19705489e-02 -9.20548290e-02 -1.40545247e-02
  -4.36452888e-02 -9.20618549e-02  1.27106324e-01 -8.26564208e-02
  -5.42197414e-02  5.17267957e-02 -9.51223746e-02 -5.17657306e-03
   1.38693959e-01  7.33231939e-03 -5.36184199e-03 -8.20668973e-03
  -8.23838338e-02  1.78346112e-02  1.76286951e-01 -7.38867000e-02
   8.53704587e-02 -4.24817465e-02  1.67977437e-01 -6.81939349e-02
   2.22600192e-01  1.44834056e-01  7.48685598e-02  1.96124241e-01
  -7.96816126e-02  1.91564427e-03 -5.92728145e-02  1.19949177e-01
   7.16097280e-02  8.77664089e-02  7.38035440e-02 -6.28754050e-02
  -7.35880509e-02 -4.33460958e-02  8.64428654e-02 -1.43096559e-02
  -6.73601255e-02  1.26408786e-01 -7.48736039e-02 -4.50989231e-02
  -1.39974467e-02 -9.80800167e-02 -1.42547237e-02 -5.74798360e-02
   3.59910689e-02  9.62177590e-02  1.76447615e-01  1.09796384e-02
  -9.49240942e-03 -1.73744112e-02  1.70446992e-01 -1.08159855e-01
  -8.33738521e-02 -6.97984025e-02 -8.68836045e-02  7.78730586e-02
   6.29826486e-02  1.12284422e-01 -5.95386326e-02  9.87882167e-02
  -6.58265352e-02  1.40003279e-01 -7.45418519e-02  1.14414573e-01
   2.95069963e-02  1.39436066e-01 -8.47723633e-02 -6.77789748e-02
   8.82027075e-02 -6.38753846e-02  2.01112665e-02  5.08924713e-04
  -3.86717990e-02 -4.60581295e-02 -6.15522712e-02  1.57603860e-01
  -3.07989102e-02  2.05797842e-03 -4.22452949e-02 -7.43572786e-02
   3.51051390e-02 -2.08835006e-02 -6.57041594e-02 -6.56176135e-02]]
[[-4.69145477e-02 -3.50182801e-02 -1.98453944e-03  2.17762729e-03
   1.54777914e-01  1.20993607e-01 -6.68390542e-02  5.00712767e-02
   1.60750300e-02 -3.34368683e-02  1.41308323e-01 -9.49218422e-02
  -8.69845375e-02  1.87898993e-01 -1.29878208e-01 -4.19386243e-03
   8.40490088e-02  2.92676147e-02 -6.06965683e-02  6.32949173e-02
   1.41102314e-01  1.76534474e-01 -9.03900526e-03  5.30574545e-02
  -6.49828464e-02  1.01537645e-01 -7.17230663e-02 -2.73707584e-02
  -2.18934678e-02 -8.43160003e-02 -6.21036105e-02 -2.53357068e-02
  -6.09213114e-02  5.39899729e-02  2.06227880e-02  8.58425349e-03
   1.20001197e-01 -1.88150760e-02 -1.35851884e-02 -1.10498801e-01
  -1.44885806e-02 -1.11019403e-01 -1.03773773e-01  9.07839760e-02
  -8.53315555e-03 -9.59738493e-02 -2.22225264e-02 -6.53270185e-02
  -3.43637578e-02 -6.17093369e-02 -1.28625453e-01 -3.53107601e-02
   1.49326518e-01 -2.44515464e-02 -1.89460758e-02  1.62736122e-02
  -1.43436804e-01  3.78851779e-02  7.15422779e-02 -2.90580676e-03
   2.00657826e-02 -7.39880055e-02  2.09423512e-01  1.54008955e-01
  -9.82208028e-02  7.03691468e-02  3.09479889e-02 -7.04824030e-02
  -5.10846004e-02 -4.42900695e-02  2.18671069e-01 -5.55152148e-02
  -6.57774955e-02  6.18755706e-02  1.39197946e-01  5.61373215e-03
  -9.49892327e-02 -7.43634552e-02  6.36903103e-03 -9.72887203e-02
   1.03550978e-04 -3.45642604e-02 -9.65315923e-02  1.59620002e-01
  -1.09832428e-01  1.31686090e-03  2.13666707e-02 -7.59472093e-03
   1.03103064e-01 -5.83760366e-02 -6.56941459e-02  1.64142877e-01
   8.28532651e-02 -7.07500279e-02  7.13280439e-02 -1.76148877e-01
   6.68233559e-02 -1.00900508e-01 -9.49534625e-02  1.37852743e-01
  -8.07532668e-02 -9.40664858e-02 -1.58463400e-02  5.84031716e-02
   8.62395242e-02  1.22707558e-03 -6.88375011e-02 -5.95908873e-02
  -6.07954115e-02 -4.68306392e-02 -1.04496844e-01  1.85152903e-01
  -3.38045619e-02  1.92377105e-01 -6.81409836e-02 -6.57042190e-02
  -7.18947798e-02 -5.97590692e-02  1.00891918e-01  1.11443801e-02
  -1.17236925e-02 -1.03296205e-01 -8.50726515e-02 -6.18724748e-02
  -7.40977228e-02 -6.25684038e-02 -6.44548088e-02  1.80154160e-01]
 [ 1.14398867e-01 -5.45232743e-02 -7.13243708e-02 -1.45510048e-01
  -6.78803623e-02  1.05521232e-01 -7.85675868e-02 -3.82478870e-02
  -9.96610597e-02 -9.59077384e-03 -9.39240977e-02  1.66598298e-02
  -9.26601961e-02  1.01496682e-01 -6.90051690e-02  2.82171756e-01
  -8.79815966e-02  7.13102892e-02 -7.30287954e-02  8.96016508e-02
  -4.76479791e-02  8.75745863e-02 -1.75783485e-01  4.20098426e-03
   1.18771620e-01 -4.91300225e-02  4.56143133e-02  1.00048184e-01
   1.42097637e-01 -6.63952231e-02 -5.19650914e-02  7.78165013e-02
  -6.57385960e-03 -8.52959603e-02 -3.35748382e-02  4.99014594e-02
   4.25291508e-02 -7.99470618e-02  7.58235678e-02  6.42676791e-03
  -3.43629462e-03 -5.19705489e-02 -9.20548290e-02 -1.40545247e-02
  -4.36452888e-02 -9.20618549e-02  1.27106324e-01 -8.26564208e-02
  -5.42197414e-02  5.17267957e-02 -9.51223746e-02 -5.17657306e-03
   1.38693959e-01  7.33231939e-03 -5.36184199e-03 -8.20668973e-03
  -8.23838338e-02  1.78346112e-02  1.76286951e-01 -7.38867000e-02
   8.53704587e-02 -4.24817465e-02  1.67977437e-01 -6.81939349e-02
   2.22600192e-01  1.44834056e-01  7.48685598e-02  1.96124241e-01
  -7.96816126e-02  1.91564427e-03 -5.92728145e-02  1.19949177e-01
   7.16097280e-02  8.77664089e-02  7.38035440e-02 -6.28754050e-02
  -7.35880509e-02 -4.33460958e-02  8.64428654e-02 -1.43096559e-02
  -6.73601255e-02  1.26408786e-01 -7.48736039e-02 -4.50989231e-02
  -1.39974467e-02 -9.80800167e-02 -1.42547237e-02 -5.74798360e-02
   3.59910689e-02  9.62177590e-02  1.76447615e-01  1.09796384e-02
  -9.49240942e-03 -1.73744112e-02  1.70446992e-01 -1.08159855e-01
  -8.33738521e-02 -6.97984025e-02 -8.68836045e-02  7.78730586e-02
   6.29826486e-02  1.12284422e-01 -5.95386326e-02  9.87882167e-02
  -6.58265352e-02  1.40003279e-01 -7.45418519e-02  1.14414573e-01
   2.95069963e-02  1.39436066e-01 -8.47723633e-02 -6.77789748e-02
   8.82027075e-02 -6.38753846e-02  2.01112665e-02  5.08924713e-04
  -3.86717990e-02 -4.60581295e-02 -6.15522712e-02  1.57603860e-01
  -3.07989102e-02  2.05797842e-03 -4.22452949e-02 -7.43572786e-02
   3.51051390e-02 -2.08835006e-02 -6.57041594e-02 -6.56176135e-02]]
[[-4.69145477e-02 -3.50182801e-02 -1.98453944e-03  2.17762729e-03
   1.54777914e-01  1.20993607e-01 -6.68390542e-02  5.00712767e-02
   1.60750300e-02 -3.34368683e-02  1.41308323e-01 -9.49218422e-02
  -8.69845375e-02  1.87898993e-01 -1.29878208e-01 -4.19386243e-03
   8.40490088e-02  2.92676147e-02 -6.06965683e-02  6.32949173e-02
   1.41102314e-01  1.76534474e-01 -9.03900526e-03  5.30574545e-02
  -6.49828464e-02  1.01537645e-01 -7.17230663e-02 -2.73707584e-02
  -2.18934678e-02 -8.43160003e-02 -6.21036105e-02 -2.53357068e-02
  -6.09213114e-02  5.39899729e-02  2.06227880e-02  8.58425349e-03
   1.20001197e-01 -1.88150760e-02 -1.35851884e-02 -1.10498801e-01
  -1.44885806e-02 -1.11019403e-01 -1.03773773e-01  9.07839760e-02
  -8.53315555e-03 -9.59738493e-02 -2.22225264e-02 -6.53270185e-02
  -3.43637578e-02 -6.17093369e-02 -1.28625453e-01 -3.53107601e-02
   1.49326518e-01 -2.44515464e-02 -1.89460758e-02  1.62736122e-02
  -1.43436804e-01  3.78851779e-02  7.15422779e-02 -2.90580676e-03
   2.00657826e-02 -7.39880055e-02  2.09423512e-01  1.54008955e-01
  -9.82208028e-02  7.03691468e-02  3.09479889e-02 -7.04824030e-02
  -5.10846004e-02 -4.42900695e-02  2.18671069e-01 -5.55152148e-02
  -6.57774955e-02  6.18755706e-02  1.39197946e-01  5.61373215e-03
  -9.49892327e-02 -7.43634552e-02  6.36903103e-03 -9.72887203e-02
   1.03550978e-04 -3.45642604e-02 -9.65315923e-02  1.59620002e-01
  -1.09832428e-01  1.31686090e-03  2.13666707e-02 -7.59472093e-03
   1.03103064e-01 -5.83760366e-02 -6.56941459e-02  1.64142877e-01
   8.28532651e-02 -7.07500279e-02  7.13280439e-02 -1.76148877e-01
   6.68233559e-02 -1.00900508e-01 -9.49534625e-02  1.37852743e-01
  -8.07532668e-02 -9.40664858e-02 -1.58463400e-02  5.84031716e-02
   8.62395242e-02  1.22707558e-03 -6.88375011e-02 -5.95908873e-02
  -6.07954115e-02 -4.68306392e-02 -1.04496844e-01  1.85152903e-01
  -3.38045619e-02  1.92377105e-01 -6.81409836e-02 -6.57042190e-02
  -7.18947798e-02 -5.97590692e-02  1.00891918e-01  1.11443801e-02
  -1.17236925e-02 -1.03296205e-01 -8.50726515e-02 -6.18724748e-02
  -7.40977228e-02 -6.25684038e-02 -6.44548088e-02  1.80154160e-01]
 [ 1.14398867e-01 -5.45232743e-02 -7.13243708e-02 -1.45510048e-01
  -6.78803623e-02  1.05521232e-01 -7.85675868e-02 -3.82478870e-02
  -9.96610597e-02 -9.59077384e-03 -9.39240977e-02  1.66598298e-02
  -9.26601961e-02  1.01496682e-01 -6.90051690e-02  2.82171756e-01
  -8.79815966e-02  7.13102892e-02 -7.30287954e-02  8.96016508e-02
  -4.76479791e-02  8.75745863e-02 -1.75783485e-01  4.20098426e-03
   1.18771620e-01 -4.91300225e-02  4.56143133e-02  1.00048184e-01
   1.42097637e-01 -6.63952231e-02 -5.19650914e-02  7.78165013e-02
  -6.57385960e-03 -8.52959603e-02 -3.35748382e-02  4.99014594e-02
   4.25291508e-02 -7.99470618e-02  7.58235678e-02  6.42676791e-03
  -3.43629462e-03 -5.19705489e-02 -9.20548290e-02 -1.40545247e-02
  -4.36452888e-02 -9.20618549e-02  1.27106324e-01 -8.26564208e-02
  -5.42197414e-02  5.17267957e-02 -9.51223746e-02 -5.17657306e-03
   1.38693959e-01  7.33231939e-03 -5.36184199e-03 -8.20668973e-03
  -8.23838338e-02  1.78346112e-02  1.76286951e-01 -7.38867000e-02
   8.53704587e-02 -4.24817465e-02  1.67977437e-01 -6.81939349e-02
   2.22600192e-01  1.44834056e-01  7.48685598e-02  1.96124241e-01
  -7.96816126e-02  1.91564427e-03 -5.92728145e-02  1.19949177e-01
   7.16097280e-02  8.77664089e-02  7.38035440e-02 -6.28754050e-02
  -7.35880509e-02 -4.33460958e-02  8.64428654e-02 -1.43096559e-02
  -6.73601255e-02  1.26408786e-01 -7.48736039e-02 -4.50989231e-02
  -1.39974467e-02 -9.80800167e-02 -1.42547237e-02 -5.74798360e-02
   3.59910689e-02  9.62177590e-02  1.76447615e-01  1.09796384e-02
  -9.49240942e-03 -1.73744112e-02  1.70446992e-01 -1.08159855e-01
  -8.33738521e-02 -6.97984025e-02 -8.68836045e-02  7.78730586e-02
   6.29826486e-02  1.12284422e-01 -5.95386326e-02  9.87882167e-02
  -6.58265352e-02  1.40003279e-01 -7.45418519e-02  1.14414573e-01
   2.95069963e-02  1.39436066e-01 -8.47723633e-02 -6.77789748e-02
   8.82027075e-02 -6.38753846e-02  2.01112665e-02  5.08924713e-04
  -3.86717990e-02 -4.60581295e-02 -6.15522712e-02  1.57603860e-01
  -3.07989102e-02  2.05797842e-03 -4.22452949e-02 -7.43572786e-02
   3.51051390e-02 -2.08835006e-02 -6.57041594e-02 -6.56176135e-02]]
[[-4.69145477e-02 -3.50182801e-02 -1.98453944e-03  2.17762729e-03
   1.54777914e-01  1.20993607e-01 -6.68390542e-02  5.00712767e-02
   1.60750300e-02 -3.34368683e-02  1.41308323e-01 -9.49218422e-02
  -8.69845375e-02  1.87898993e-01 -1.29878208e-01 -4.19386243e-03
   8.40490088e-02  2.92676147e-02 -6.06965683e-02  6.32949173e-02
   1.41102314e-01  1.76534474e-01 -9.03900526e-03  5.30574545e-02
  -6.49828464e-02  1.01537645e-01 -7.17230663e-02 -2.73707584e-02
  -2.18934678e-02 -8.43160003e-02 -6.21036105e-02 -2.53357068e-02
  -6.09213114e-02  5.39899729e-02  2.06227880e-02  8.58425349e-03
   1.20001197e-01 -1.88150760e-02 -1.35851884e-02 -1.10498801e-01
  -1.44885806e-02 -1.11019403e-01 -1.03773773e-01  9.07839760e-02
  -8.53315555e-03 -9.59738493e-02 -2.22225264e-02 -6.53270185e-02
  -3.43637578e-02 -6.17093369e-02 -1.28625453e-01 -3.53107601e-02
   1.49326518e-01 -2.44515464e-02 -1.89460758e-02  1.62736122e-02
  -1.43436804e-01  3.78851779e-02  7.15422779e-02 -2.90580676e-03
   2.00657826e-02 -7.39880055e-02  2.09423512e-01  1.54008955e-01
  -9.82208028e-02  7.03691468e-02  3.09479889e-02 -7.04824030e-02
  -5.10846004e-02 -4.42900695e-02  2.18671069e-01 -5.55152148e-02
  -6.57774955e-02  6.18755706e-02  1.39197946e-01  5.61373215e-03
  -9.49892327e-02 -7.43634552e-02  6.36903103e-03 -9.72887203e-02
   1.03550978e-04 -3.45642604e-02 -9.65315923e-02  1.59620002e-01
  -1.09832428e-01  1.31686090e-03  2.13666707e-02 -7.59472093e-03
   1.03103064e-01 -5.83760366e-02 -6.56941459e-02  1.64142877e-01
   8.28532651e-02 -7.07500279e-02  7.13280439e-02 -1.76148877e-01
   6.68233559e-02 -1.00900508e-01 -9.49534625e-02  1.37852743e-01
  -8.07532668e-02 -9.40664858e-02 -1.58463400e-02  5.84031716e-02
   8.62395242e-02  1.22707558e-03 -6.88375011e-02 -5.95908873e-02
  -6.07954115e-02 -4.68306392e-02 -1.04496844e-01  1.85152903e-01
  -3.38045619e-02  1.92377105e-01 -6.81409836e-02 -6.57042190e-02
  -7.18947798e-02 -5.97590692e-02  1.00891918e-01  1.11443801e-02
  -1.17236925e-02 -1.03296205e-01 -8.50726515e-02 -6.18724748e-02
  -7.40977228e-02 -6.25684038e-02 -6.44548088e-02  1.80154160e-01]
 [ 1.14398867e-01 -5.45232743e-02 -7.13243708e-02 -1.45510048e-01
  -6.78803623e-02  1.05521232e-01 -7.85675868e-02 -3.82478870e-02
  -9.96610597e-02 -9.59077384e-03 -9.39240977e-02  1.66598298e-02
  -9.26601961e-02  1.01496682e-01 -6.90051690e-02  2.82171756e-01
  -8.79815966e-02  7.13102892e-02 -7.30287954e-02  8.96016508e-02
  -4.76479791e-02  8.75745863e-02 -1.75783485e-01  4.20098426e-03
   1.18771620e-01 -4.91300225e-02  4.56143133e-02  1.00048184e-01
   1.42097637e-01 -6.63952231e-02 -5.19650914e-02  7.78165013e-02
  -6.57385960e-03 -8.52959603e-02 -3.35748382e-02  4.99014594e-02
   4.25291508e-02 -7.99470618e-02  7.58235678e-02  6.42676791e-03
  -3.43629462e-03 -5.19705489e-02 -9.20548290e-02 -1.40545247e-02
  -4.36452888e-02 -9.20618549e-02  1.27106324e-01 -8.26564208e-02
  -5.42197414e-02  5.17267957e-02 -9.51223746e-02 -5.17657306e-03
   1.38693959e-01  7.33231939e-03 -5.36184199e-03 -8.20668973e-03
  -8.23838338e-02  1.78346112e-02  1.76286951e-01 -7.38867000e-02
   8.53704587e-02 -4.24817465e-02  1.67977437e-01 -6.81939349e-02
   2.22600192e-01  1.44834056e-01  7.48685598e-02  1.96124241e-01
  -7.96816126e-02  1.91564427e-03 -5.92728145e-02  1.19949177e-01
   7.16097280e-02  8.77664089e-02  7.38035440e-02 -6.28754050e-02
  -7.35880509e-02 -4.33460958e-02  8.64428654e-02 -1.43096559e-02
  -6.73601255e-02  1.26408786e-01 -7.48736039e-02 -4.50989231e-02
  -1.39974467e-02 -9.80800167e-02 -1.42547237e-02 -5.74798360e-02
   3.59910689e-02  9.62177590e-02  1.76447615e-01  1.09796384e-02
  -9.49240942e-03 -1.73744112e-02  1.70446992e-01 -1.08159855e-01
  -8.33738521e-02 -6.97984025e-02 -8.68836045e-02  7.78730586e-02
   6.29826486e-02  1.12284422e-01 -5.95386326e-02  9.87882167e-02
  -6.58265352e-02  1.40003279e-01 -7.45418519e-02  1.14414573e-01
   2.95069963e-02  1.39436066e-01 -8.47723633e-02 -6.77789748e-02
   8.82027075e-02 -6.38753846e-02  2.01112665e-02  5.08924713e-04
  -3.86717990e-02 -4.60581295e-02 -6.15522712e-02  1.57603860e-01
  -3.07989102e-02  2.05797842e-03 -4.22452949e-02 -7.43572786e-02
   3.51051390e-02 -2.08835006e-02 -6.57041594e-02 -6.56176135e-02]]
