[[ 4.16679159e-02 -6.26704544e-02 -7.35090077e-02 -7.18716756e-02
   8.06612745e-02  1.68234572e-01 -5.01522012e-02  2.63446234e-02
  -3.02230157e-02 -4.74668257e-02  1.88642532e-01 -1.18193179e-01
  -8.78759697e-02  1.51023671e-01 -1.22369744e-01 -1.55861611e-02
   9.27092955e-02  3.48588564e-02 -7.31506497e-02  8.31207708e-02
   1.80544943e-01  1.64904848e-01  9.84544959e-03  4.23273407e-02
  -4.07859534e-02  1.04364440e-01 -7.16785714e-02 -2.54860949e-02
  -1.15561280e-02 -6.86072856e-02 -4.63800542e-02 -5.12026586e-02
  -3.10357963e-03  7.06360340e-02  6.45205230e-02 -1.91665161e-02
   1.98944241e-01 -3.89976092e-02  3.59003395e-02 -4.57258746e-02
   7.97073916e-03 -9.53235105e-02 -5.65584302e-02  1.07894726e-01
  -2.10657548e-02 -7.16174915e-02  1.71705615e-02 -7.52971172e-02
  -5.97994253e-02 -8.17863445e-04 -9.89749357e-02 -1.60795916e-02
   1.11966662e-01 -5.72399385e-02  1.28321216e-01  1.09020211e-02
  -1.28194943e-01  6.73604459e-02  1.13178693e-01 -5.68593778e-02
  -4.84460331e-02 -4.81035188e-02  2.47784600e-01  6.71487674e-02
  -6.77679181e-02  1.21749066e-01 -2.43046246e-02 -5.97081222e-02
  -6.42672777e-02 -5.16666435e-02  1.43232211e-01 -4.96311374e-02
   6.76891301e-03 -6.32912712e-03  1.75085217e-01  4.65020239e-02
  -6.83975369e-02 -6.95814118e-02  3.17043066e-02 -8.57068449e-02
   1.58626004e-04 -2.47936491e-02 -9.47944447e-02  1.09424844e-01
  -1.02357090e-01 -2.92407144e-02  2.41850782e-02  7.51871243e-02
   4.25634310e-02 -6.68433607e-02 -3.34486812e-02  1.92918733e-01
   1.38397977e-01 -5.36968894e-02  1.14049464e-01 -1.08080499e-01
   1.23310417e-01 -6.68370277e-02 -1.11127526e-01  1.56127214e-01
  -5.86949550e-02 -8.18172544e-02 -2.27205269e-02  5.09106517e-02
   2.73326691e-02  2.03824826e-02 -7.11135045e-02 -3.95494998e-02
  -7.69961476e-02 -2.18110578e-03 -9.53360125e-02  2.30719090e-01
   5.19139133e-02  1.65863767e-01 -4.77485824e-03 -2.04430856e-02
  -6.98613152e-02 -7.33221248e-02  3.59398983e-02  1.10958062e-01
   3.00847292e-02 -8.87125880e-02 -6.98605925e-02 -7.73056224e-02
  -6.52195513e-02 -9.61165316e-03 -6.43565804e-02  1.71782136e-01]
 [ 9.75981578e-02 -5.86406887e-02 -7.32790530e-02 -1.67209744e-01
  -8.20473284e-02  7.76140168e-02 -8.00577998e-02 -3.71307544e-02
  -1.04421362e-01 -1.67970061e-02 -9.78112519e-02  2.23065494e-03
  -8.48605111e-02  9.83216688e-02 -5.14054708e-02  2.75925726e-01
  -9.61630493e-02  8.87362882e-02 -7.50587583e-02  9.19602662e-02
  -5.03475927e-02  9.66389105e-02 -1.52032286e-01 -4.13665595e-03
   1.39522865e-01 -4.87060212e-02  6.37937561e-02  1.00643486e-01
   1.10367790e-01 -6.50423914e-02 -5.07374443e-02  1.02590434e-01
   5.56433853e-03 -1.32093236e-01 -4.61243056e-02  6.63635060e-02
   1.62383001e-02 -8.82228315e-02  7.47644454e-02  3.17553431e-02
  -1.91422421e-02 -4.06332575e-02 -1.02056943e-01  2.45705061e-02
  -5.02820611e-02 -8.97343308e-02  1.44164130e-01 -8.15153494e-02
  -3.89918014e-02  4.33270931e-02 -1.09160818e-01  6.20589824e-03
   1.57312915e-01  3.82052734e-02  6.63999096e-03  1.44111020e-02
  -9.16040614e-02  3.28675881e-02  1.88011795e-01 -7.73082972e-02
   7.86337480e-02 -2.15437636e-02  1.43085569e-01 -8.23257640e-02
   2.36855030e-01  9.62500498e-02  8.23120475e-02  1.65611744e-01
  -7.91754425e-02  2.27088202e-02 -6.93911463e-02  1.17829971e-01
   4.71228436e-02  3.63724157e-02  8.69370401e-02 -6.29421920e-02
  -7.98175484e-02 -2.75023747e-02  7.45497793e-02 -1.50562180e-02
  -7.15788081e-02  1.16287552e-01 -8.01033601e-02 -5.91676645e-02
  -2.75300089e-02 -1.29082158e-01  3.65403335e-04 -6.48646206e-02
   4.80875038e-02  7.05773383e-02  1.53075904e-01  5.74248796e-03
   9.09654703e-03 -3.70627157e-02  1.71520084e-01 -7.02737495e-02
  -8.53507966e-02 -7.36728907e-02 -9.05819163e-02  8.23142305e-02
   7.48073459e-02  1.10078096e-01 -5.29759601e-02  6.10989705e-02
  -8.71252343e-02  1.16061069e-01 -7.03056604e-02  1.22112907e-01
  -5.50737604e-03  1.52506888e-01 -8.04156512e-02 -6.97686225e-02
   1.34025276e-01 -7.46109858e-02  2.49545649e-02 -3.21962163e-02
  -3.17523889e-02 -5.16485460e-02 -6.24163151e-02  1.40838906e-01
  -3.96425650e-02  2.02922579e-02 -4.61789966e-02 -7.75023028e-02
   3.09978090e-02 -1.53084407e-02 -5.68722524e-02 -6.60656318e-02]]
[[ 4.16679159e-02 -6.26704544e-02 -7.35090077e-02 -7.18716756e-02
   8.06612745e-02  1.68234572e-01 -5.01522012e-02  2.63446234e-02
  -3.02230157e-02 -4.74668257e-02  1.88642532e-01 -1.18193179e-01
  -8.78759697e-02  1.51023671e-01 -1.22369744e-01 -1.55861611e-02
   9.27092955e-02  3.48588564e-02 -7.31506497e-02  8.31207708e-02
   1.80544943e-01  1.64904848e-01  9.84544959e-03  4.23273407e-02
  -4.07859534e-02  1.04364440e-01 -7.16785714e-02 -2.54860949e-02
  -1.15561280e-02 -6.86072856e-02 -4.63800542e-02 -5.12026586e-02
  -3.10357963e-03  7.06360340e-02  6.45205230e-02 -1.91665161e-02
   1.98944241e-01 -3.89976092e-02  3.59003395e-02 -4.57258746e-02
   7.97073916e-03 -9.53235105e-02 -5.65584302e-02  1.07894726e-01
  -2.10657548e-02 -7.16174915e-02  1.71705615e-02 -7.52971172e-02
  -5.97994253e-02 -8.17863445e-04 -9.89749357e-02 -1.60795916e-02
   1.11966662e-01 -5.72399385e-02  1.28321216e-01  1.09020211e-02
  -1.28194943e-01  6.73604459e-02  1.13178693e-01 -5.68593778e-02
  -4.84460331e-02 -4.81035188e-02  2.47784600e-01  6.71487674e-02
  -6.77679181e-02  1.21749066e-01 -2.43046246e-02 -5.97081222e-02
  -6.42672777e-02 -5.16666435e-02  1.43232211e-01 -4.96311374e-02
   6.76891301e-03 -6.32912712e-03  1.75085217e-01  4.65020239e-02
  -6.83975369e-02 -6.95814118e-02  3.17043066e-02 -8.57068449e-02
   1.58626004e-04 -2.47936491e-02 -9.47944447e-02  1.09424844e-01
  -1.02357090e-01 -2.92407144e-02  2.41850782e-02  7.51871243e-02
   4.25634310e-02 -6.68433607e-02 -3.34486812e-02  1.92918733e-01
   1.38397977e-01 -5.36968894e-02  1.14049464e-01 -1.08080499e-01
   1.23310417e-01 -6.68370277e-02 -1.11127526e-01  1.56127214e-01
  -5.86949550e-02 -8.18172544e-02 -2.27205269e-02  5.09106517e-02
   2.73326691e-02  2.03824826e-02 -7.11135045e-02 -3.95494998e-02
  -7.69961476e-02 -2.18110578e-03 -9.53360125e-02  2.30719090e-01
   5.19139133e-02  1.65863767e-01 -4.77485824e-03 -2.04430856e-02
  -6.98613152e-02 -7.33221248e-02  3.59398983e-02  1.10958062e-01
   3.00847292e-02 -8.87125880e-02 -6.98605925e-02 -7.73056224e-02
  -6.52195513e-02 -9.61165316e-03 -6.43565804e-02  1.71782136e-01]
 [ 9.75981578e-02 -5.86406887e-02 -7.32790530e-02 -1.67209744e-01
  -8.20473284e-02  7.76140168e-02 -8.00577998e-02 -3.71307544e-02
  -1.04421362e-01 -1.67970061e-02 -9.78112519e-02  2.23065494e-03
  -8.48605111e-02  9.83216688e-02 -5.14054708e-02  2.75925726e-01
  -9.61630493e-02  8.87362882e-02 -7.50587583e-02  9.19602662e-02
  -5.03475927e-02  9.66389105e-02 -1.52032286e-01 -4.13665595e-03
   1.39522865e-01 -4.87060212e-02  6.37937561e-02  1.00643486e-01
   1.10367790e-01 -6.50423914e-02 -5.07374443e-02  1.02590434e-01
   5.56433853e-03 -1.32093236e-01 -4.61243056e-02  6.63635060e-02
   1.62383001e-02 -8.82228315e-02  7.47644454e-02  3.17553431e-02
  -1.91422421e-02 -4.06332575e-02 -1.02056943e-01  2.45705061e-02
  -5.02820611e-02 -8.97343308e-02  1.44164130e-01 -8.15153494e-02
  -3.89918014e-02  4.33270931e-02 -1.09160818e-01  6.20589824e-03
   1.57312915e-01  3.82052734e-02  6.63999096e-03  1.44111020e-02
  -9.16040614e-02  3.28675881e-02  1.88011795e-01 -7.73082972e-02
   7.86337480e-02 -2.15437636e-02  1.43085569e-01 -8.23257640e-02
   2.36855030e-01  9.62500498e-02  8.23120475e-02  1.65611744e-01
  -7.91754425e-02  2.27088202e-02 -6.93911463e-02  1.17829971e-01
   4.71228436e-02  3.63724157e-02  8.69370401e-02 -6.29421920e-02
  -7.98175484e-02 -2.75023747e-02  7.45497793e-02 -1.50562180e-02
  -7.15788081e-02  1.16287552e-01 -8.01033601e-02 -5.91676645e-02
  -2.75300089e-02 -1.29082158e-01  3.65403335e-04 -6.48646206e-02
   4.80875038e-02  7.05773383e-02  1.53075904e-01  5.74248796e-03
   9.09654703e-03 -3.70627157e-02  1.71520084e-01 -7.02737495e-02
  -8.53507966e-02 -7.36728907e-02 -9.05819163e-02  8.23142305e-02
   7.48073459e-02  1.10078096e-01 -5.29759601e-02  6.10989705e-02
  -8.71252343e-02  1.16061069e-01 -7.03056604e-02  1.22112907e-01
  -5.50737604e-03  1.52506888e-01 -8.04156512e-02 -6.97686225e-02
   1.34025276e-01 -7.46109858e-02  2.49545649e-02 -3.21962163e-02
  -3.17523889e-02 -5.16485460e-02 -6.24163151e-02  1.40838906e-01
  -3.96425650e-02  2.02922579e-02 -4.61789966e-02 -7.75023028e-02
   3.09978090e-02 -1.53084407e-02 -5.68722524e-02 -6.60656318e-02]]
[[ 4.16679159e-02 -6.26704544e-02 -7.35090077e-02 -7.18716756e-02
   8.06612745e-02  1.68234572e-01 -5.01522012e-02  2.63446234e-02
  -3.02230157e-02 -4.74668257e-02  1.88642532e-01 -1.18193179e-01
  -8.78759697e-02  1.51023671e-01 -1.22369744e-01 -1.55861611e-02
   9.27092955e-02  3.48588564e-02 -7.31506497e-02  8.31207708e-02
   1.80544943e-01  1.64904848e-01  9.84544959e-03  4.23273407e-02
  -4.07859534e-02  1.04364440e-01 -7.16785714e-02 -2.54860949e-02
  -1.15561280e-02 -6.86072856e-02 -4.63800542e-02 -5.12026586e-02
  -3.10357963e-03  7.06360340e-02  6.45205230e-02 -1.91665161e-02
   1.98944241e-01 -3.89976092e-02  3.59003395e-02 -4.57258746e-02
   7.97073916e-03 -9.53235105e-02 -5.65584302e-02  1.07894726e-01
  -2.10657548e-02 -7.16174915e-02  1.71705615e-02 -7.52971172e-02
  -5.97994253e-02 -8.17863445e-04 -9.89749357e-02 -1.60795916e-02
   1.11966662e-01 -5.72399385e-02  1.28321216e-01  1.09020211e-02
  -1.28194943e-01  6.73604459e-02  1.13178693e-01 -5.68593778e-02
  -4.84460331e-02 -4.81035188e-02  2.47784600e-01  6.71487674e-02
  -6.77679181e-02  1.21749066e-01 -2.43046246e-02 -5.97081222e-02
  -6.42672777e-02 -5.16666435e-02  1.43232211e-01 -4.96311374e-02
   6.76891301e-03 -6.32912712e-03  1.75085217e-01  4.65020239e-02
  -6.83975369e-02 -6.95814118e-02  3.17043066e-02 -8.57068449e-02
   1.58626004e-04 -2.47936491e-02 -9.47944447e-02  1.09424844e-01
  -1.02357090e-01 -2.92407144e-02  2.41850782e-02  7.51871243e-02
   4.25634310e-02 -6.68433607e-02 -3.34486812e-02  1.92918733e-01
   1.38397977e-01 -5.36968894e-02  1.14049464e-01 -1.08080499e-01
   1.23310417e-01 -6.68370277e-02 -1.11127526e-01  1.56127214e-01
  -5.86949550e-02 -8.18172544e-02 -2.27205269e-02  5.09106517e-02
   2.73326691e-02  2.03824826e-02 -7.11135045e-02 -3.95494998e-02
  -7.69961476e-02 -2.18110578e-03 -9.53360125e-02  2.30719090e-01
   5.19139133e-02  1.65863767e-01 -4.77485824e-03 -2.04430856e-02
  -6.98613152e-02 -7.33221248e-02  3.59398983e-02  1.10958062e-01
   3.00847292e-02 -8.87125880e-02 -6.98605925e-02 -7.73056224e-02
  -6.52195513e-02 -9.61165316e-03 -6.43565804e-02  1.71782136e-01]
 [ 9.75981578e-02 -5.86406887e-02 -7.32790530e-02 -1.67209744e-01
  -8.20473284e-02  7.76140168e-02 -8.00577998e-02 -3.71307544e-02
  -1.04421362e-01 -1.67970061e-02 -9.78112519e-02  2.23065494e-03
  -8.48605111e-02  9.83216688e-02 -5.14054708e-02  2.75925726e-01
  -9.61630493e-02  8.87362882e-02 -7.50587583e-02  9.19602662e-02
  -5.03475927e-02  9.66389105e-02 -1.52032286e-01 -4.13665595e-03
   1.39522865e-01 -4.87060212e-02  6.37937561e-02  1.00643486e-01
   1.10367790e-01 -6.50423914e-02 -5.07374443e-02  1.02590434e-01
   5.56433853e-03 -1.32093236e-01 -4.61243056e-02  6.63635060e-02
   1.62383001e-02 -8.82228315e-02  7.47644454e-02  3.17553431e-02
  -1.91422421e-02 -4.06332575e-02 -1.02056943e-01  2.45705061e-02
  -5.02820611e-02 -8.97343308e-02  1.44164130e-01 -8.15153494e-02
  -3.89918014e-02  4.33270931e-02 -1.09160818e-01  6.20589824e-03
   1.57312915e-01  3.82052734e-02  6.63999096e-03  1.44111020e-02
  -9.16040614e-02  3.28675881e-02  1.88011795e-01 -7.73082972e-02
   7.86337480e-02 -2.15437636e-02  1.43085569e-01 -8.23257640e-02
   2.36855030e-01  9.62500498e-02  8.23120475e-02  1.65611744e-01
  -7.91754425e-02  2.27088202e-02 -6.93911463e-02  1.17829971e-01
   4.71228436e-02  3.63724157e-02  8.69370401e-02 -6.29421920e-02
  -7.98175484e-02 -2.75023747e-02  7.45497793e-02 -1.50562180e-02
  -7.15788081e-02  1.16287552e-01 -8.01033601e-02 -5.91676645e-02
  -2.75300089e-02 -1.29082158e-01  3.65403335e-04 -6.48646206e-02
   4.80875038e-02  7.05773383e-02  1.53075904e-01  5.74248796e-03
   9.09654703e-03 -3.70627157e-02  1.71520084e-01 -7.02737495e-02
  -8.53507966e-02 -7.36728907e-02 -9.05819163e-02  8.23142305e-02
   7.48073459e-02  1.10078096e-01 -5.29759601e-02  6.10989705e-02
  -8.71252343e-02  1.16061069e-01 -7.03056604e-02  1.22112907e-01
  -5.50737604e-03  1.52506888e-01 -8.04156512e-02 -6.97686225e-02
   1.34025276e-01 -7.46109858e-02  2.49545649e-02 -3.21962163e-02
  -3.17523889e-02 -5.16485460e-02 -6.24163151e-02  1.40838906e-01
  -3.96425650e-02  2.02922579e-02 -4.61789966e-02 -7.75023028e-02
   3.09978090e-02 -1.53084407e-02 -5.68722524e-02 -6.60656318e-02]]
[[ 4.16679159e-02 -6.26704544e-02 -7.35090077e-02 -7.18716756e-02
   8.06612745e-02  1.68234572e-01 -5.01522012e-02  2.63446234e-02
  -3.02230157e-02 -4.74668257e-02  1.88642532e-01 -1.18193179e-01
  -8.78759697e-02  1.51023671e-01 -1.22369744e-01 -1.55861611e-02
   9.27092955e-02  3.48588564e-02 -7.31506497e-02  8.31207708e-02
   1.80544943e-01  1.64904848e-01  9.84544959e-03  4.23273407e-02
  -4.07859534e-02  1.04364440e-01 -7.16785714e-02 -2.54860949e-02
  -1.15561280e-02 -6.86072856e-02 -4.63800542e-02 -5.12026586e-02
  -3.10357963e-03  7.06360340e-02  6.45205230e-02 -1.91665161e-02
   1.98944241e-01 -3.89976092e-02  3.59003395e-02 -4.57258746e-02
   7.97073916e-03 -9.53235105e-02 -5.65584302e-02  1.07894726e-01
  -2.10657548e-02 -7.16174915e-02  1.71705615e-02 -7.52971172e-02
  -5.97994253e-02 -8.17863445e-04 -9.89749357e-02 -1.60795916e-02
   1.11966662e-01 -5.72399385e-02  1.28321216e-01  1.09020211e-02
  -1.28194943e-01  6.73604459e-02  1.13178693e-01 -5.68593778e-02
  -4.84460331e-02 -4.81035188e-02  2.47784600e-01  6.71487674e-02
  -6.77679181e-02  1.21749066e-01 -2.43046246e-02 -5.97081222e-02
  -6.42672777e-02 -5.16666435e-02  1.43232211e-01 -4.96311374e-02
   6.76891301e-03 -6.32912712e-03  1.75085217e-01  4.65020239e-02
  -6.83975369e-02 -6.95814118e-02  3.17043066e-02 -8.57068449e-02
   1.58626004e-04 -2.47936491e-02 -9.47944447e-02  1.09424844e-01
  -1.02357090e-01 -2.92407144e-02  2.41850782e-02  7.51871243e-02
   4.25634310e-02 -6.68433607e-02 -3.34486812e-02  1.92918733e-01
   1.38397977e-01 -5.36968894e-02  1.14049464e-01 -1.08080499e-01
   1.23310417e-01 -6.68370277e-02 -1.11127526e-01  1.56127214e-01
  -5.86949550e-02 -8.18172544e-02 -2.27205269e-02  5.09106517e-02
   2.73326691e-02  2.03824826e-02 -7.11135045e-02 -3.95494998e-02
  -7.69961476e-02 -2.18110578e-03 -9.53360125e-02  2.30719090e-01
   5.19139133e-02  1.65863767e-01 -4.77485824e-03 -2.04430856e-02
  -6.98613152e-02 -7.33221248e-02  3.59398983e-02  1.10958062e-01
   3.00847292e-02 -8.87125880e-02 -6.98605925e-02 -7.73056224e-02
  -6.52195513e-02 -9.61165316e-03 -6.43565804e-02  1.71782136e-01]
 [ 9.75981578e-02 -5.86406887e-02 -7.32790530e-02 -1.67209744e-01
  -8.20473284e-02  7.76140168e-02 -8.00577998e-02 -3.71307544e-02
  -1.04421362e-01 -1.67970061e-02 -9.78112519e-02  2.23065494e-03
  -8.48605111e-02  9.83216688e-02 -5.14054708e-02  2.75925726e-01
  -9.61630493e-02  8.87362882e-02 -7.50587583e-02  9.19602662e-02
  -5.03475927e-02  9.66389105e-02 -1.52032286e-01 -4.13665595e-03
   1.39522865e-01 -4.87060212e-02  6.37937561e-02  1.00643486e-01
   1.10367790e-01 -6.50423914e-02 -5.07374443e-02  1.02590434e-01
   5.56433853e-03 -1.32093236e-01 -4.61243056e-02  6.63635060e-02
   1.62383001e-02 -8.82228315e-02  7.47644454e-02  3.17553431e-02
  -1.91422421e-02 -4.06332575e-02 -1.02056943e-01  2.45705061e-02
  -5.02820611e-02 -8.97343308e-02  1.44164130e-01 -8.15153494e-02
  -3.89918014e-02  4.33270931e-02 -1.09160818e-01  6.20589824e-03
   1.57312915e-01  3.82052734e-02  6.63999096e-03  1.44111020e-02
  -9.16040614e-02  3.28675881e-02  1.88011795e-01 -7.73082972e-02
   7.86337480e-02 -2.15437636e-02  1.43085569e-01 -8.23257640e-02
   2.36855030e-01  9.62500498e-02  8.23120475e-02  1.65611744e-01
  -7.91754425e-02  2.27088202e-02 -6.93911463e-02  1.17829971e-01
   4.71228436e-02  3.63724157e-02  8.69370401e-02 -6.29421920e-02
  -7.98175484e-02 -2.75023747e-02  7.45497793e-02 -1.50562180e-02
  -7.15788081e-02  1.16287552e-01 -8.01033601e-02 -5.91676645e-02
  -2.75300089e-02 -1.29082158e-01  3.65403335e-04 -6.48646206e-02
   4.80875038e-02  7.05773383e-02  1.53075904e-01  5.74248796e-03
   9.09654703e-03 -3.70627157e-02  1.71520084e-01 -7.02737495e-02
  -8.53507966e-02 -7.36728907e-02 -9.05819163e-02  8.23142305e-02
   7.48073459e-02  1.10078096e-01 -5.29759601e-02  6.10989705e-02
  -8.71252343e-02  1.16061069e-01 -7.03056604e-02  1.22112907e-01
  -5.50737604e-03  1.52506888e-01 -8.04156512e-02 -6.97686225e-02
   1.34025276e-01 -7.46109858e-02  2.49545649e-02 -3.21962163e-02
  -3.17523889e-02 -5.16485460e-02 -6.24163151e-02  1.40838906e-01
  -3.96425650e-02  2.02922579e-02 -4.61789966e-02 -7.75023028e-02
   3.09978090e-02 -1.53084407e-02 -5.68722524e-02 -6.60656318e-02]]
