[[-0.0171307  -0.04589937 -0.00879056  0.02841363  0.15781271  0.14908913
  -0.03644424  0.0435323  -0.01539112 -0.02982916  0.13127515 -0.11404701
  -0.09745748  0.18973474 -0.12051173  0.01329297  0.1353113  -0.01960161
  -0.06625121  0.09921359  0.13989545  0.16318463 -0.01787155  0.05925698
  -0.072133    0.16492054 -0.08872268 -0.03715845 -0.05095504 -0.08499815
  -0.06864864 -0.01876383 -0.0652866   0.03750923  0.05553759  0.00346629
   0.18804173 -0.02002204 -0.00328027 -0.07186389  0.01389709 -0.1051146
  -0.07564798  0.11592375  0.02652398 -0.07998516  0.00637559 -0.04701004
  -0.05358887 -0.05769779 -0.133539   -0.01787052  0.0322434  -0.03158502
   0.03754715  0.00181878 -0.14223209  0.05068529  0.12914819 -0.01612229
  -0.04456352 -0.08264837  0.17902064  0.13931338 -0.06114351  0.08462692
  -0.00052583 -0.06628572 -0.01612024 -0.07428037  0.23189615 -0.03970388
  -0.04119073  0.01568031  0.10422731  0.00343548 -0.10093495 -0.07103012
   0.0706938  -0.05488734 -0.02900228 -0.0423906  -0.08566785  0.11891772
  -0.1010257  -0.00799936  0.08894694  0.01927848  0.08312029 -0.09398697
   0.00449391  0.19021037  0.08117223 -0.0476905   0.12064278 -0.11507945
   0.08970243 -0.09876923 -0.09780651  0.13337423 -0.02740802 -0.08328689
  -0.03955989  0.0972496   0.00612783 -0.01009604 -0.08067396 -0.04739696
  -0.08903776  0.02687703 -0.09895945  0.15292019 -0.02976243  0.18197411
  -0.07768124 -0.02360744 -0.05725808 -0.07979443  0.11094987  0.06995668
  -0.00337464 -0.09415919 -0.06727794 -0.06293752 -0.12228566 -0.05388232
  -0.07367573  0.17772582]
 [ 0.13203101 -0.05523477 -0.07277183 -0.16387981 -0.07291972  0.08764191
  -0.07550121 -0.05863193 -0.10243455 -0.02098191 -0.08912065  0.02464082
  -0.09204454  0.13092183 -0.0550504   0.25803614 -0.08053352  0.07286754
  -0.07214434  0.10120094 -0.06395496  0.09943865 -0.17223006  0.02622358
   0.09993947 -0.05184068  0.03178567  0.10356984  0.13099529 -0.06264459
  -0.05829406  0.03066294  0.04775824 -0.07644974 -0.03407111  0.00859585
   0.05256546 -0.07420667  0.05333147  0.00519896  0.06121602 -0.06020656
  -0.09205814 -0.0306852  -0.04771357 -0.08740699  0.12864497 -0.07890189
  -0.05775524  0.06940053 -0.08957542  0.01657675  0.13903207 -0.0109324
   0.02986335 -0.0214664  -0.06812127  0.01135423  0.15868843 -0.07216933
   0.05174201 -0.04867091  0.18203147 -0.06551815  0.20642786  0.15636076
   0.04471943  0.19849862 -0.07498004 -0.02264413 -0.05631346  0.13099663
   0.08065417  0.09612001  0.04147273 -0.06532745 -0.08772559 -0.04384002
   0.05124333 -0.02896177 -0.06216509  0.15930286 -0.07049839 -0.05386267
  -0.02461975 -0.05013674 -0.00571782 -0.06074101 -0.00988053  0.13130526
   0.14487873  0.00638073 -0.03978044 -0.00592161  0.17910053 -0.08453401
  -0.07469304 -0.06630471 -0.08506071  0.06135131  0.04258476  0.11307109
  -0.04839812  0.03987037 -0.06631026  0.1748918  -0.06072477  0.12665199
   0.03897649  0.14222316 -0.08398508 -0.06319772  0.07282817 -0.06343943
   0.02988295 -0.00103122 -0.05503102 -0.05764912 -0.05054238  0.21261847
  -0.03518434 -0.00291109 -0.05584139 -0.07182275  0.03815705 -0.02480729
  -0.07120319 -0.05767131]]
[[-0.0171307  -0.04589937 -0.00879056  0.02841363  0.15781271  0.14908913
  -0.03644424  0.0435323  -0.01539112 -0.02982916  0.13127515 -0.11404701
  -0.09745748  0.18973474 -0.12051173  0.01329297  0.1353113  -0.01960161
  -0.06625121  0.09921359  0.13989545  0.16318463 -0.01787155  0.05925698
  -0.072133    0.16492054 -0.08872268 -0.03715845 -0.05095504 -0.08499815
  -0.06864864 -0.01876383 -0.0652866   0.03750923  0.05553759  0.00346629
   0.18804173 -0.02002204 -0.00328027 -0.07186389  0.01389709 -0.1051146
  -0.07564798  0.11592375  0.02652398 -0.07998516  0.00637559 -0.04701004
  -0.05358887 -0.05769779 -0.133539   -0.01787052  0.0322434  -0.03158502
   0.03754715  0.00181878 -0.14223209  0.05068529  0.12914819 -0.01612229
  -0.04456352 -0.08264837  0.17902064  0.13931338 -0.06114351  0.08462692
  -0.00052583 -0.06628572 -0.01612024 -0.07428037  0.23189615 -0.03970388
  -0.04119073  0.01568031  0.10422731  0.00343548 -0.10093495 -0.07103012
   0.0706938  -0.05488734 -0.02900228 -0.0423906  -0.08566785  0.11891772
  -0.1010257  -0.00799936  0.08894694  0.01927848  0.08312029 -0.09398697
   0.00449391  0.19021037  0.08117223 -0.0476905   0.12064278 -0.11507945
   0.08970243 -0.09876923 -0.09780651  0.13337423 -0.02740802 -0.08328689
  -0.03955989  0.0972496   0.00612783 -0.01009604 -0.08067396 -0.04739696
  -0.08903776  0.02687703 -0.09895945  0.15292019 -0.02976243  0.18197411
  -0.07768124 -0.02360744 -0.05725808 -0.07979443  0.11094987  0.06995668
  -0.00337464 -0.09415919 -0.06727794 -0.06293752 -0.12228566 -0.05388232
  -0.07367573  0.17772582]
 [ 0.13203101 -0.05523477 -0.07277183 -0.16387981 -0.07291972  0.08764191
  -0.07550121 -0.05863193 -0.10243455 -0.02098191 -0.08912065  0.02464082
  -0.09204454  0.13092183 -0.0550504   0.25803614 -0.08053352  0.07286754
  -0.07214434  0.10120094 -0.06395496  0.09943865 -0.17223006  0.02622358
   0.09993947 -0.05184068  0.03178567  0.10356984  0.13099529 -0.06264459
  -0.05829406  0.03066294  0.04775824 -0.07644974 -0.03407111  0.00859585
   0.05256546 -0.07420667  0.05333147  0.00519896  0.06121602 -0.06020656
  -0.09205814 -0.0306852  -0.04771357 -0.08740699  0.12864497 -0.07890189
  -0.05775524  0.06940053 -0.08957542  0.01657675  0.13903207 -0.0109324
   0.02986335 -0.0214664  -0.06812127  0.01135423  0.15868843 -0.07216933
   0.05174201 -0.04867091  0.18203147 -0.06551815  0.20642786  0.15636076
   0.04471943  0.19849862 -0.07498004 -0.02264413 -0.05631346  0.13099663
   0.08065417  0.09612001  0.04147273 -0.06532745 -0.08772559 -0.04384002
   0.05124333 -0.02896177 -0.06216509  0.15930286 -0.07049839 -0.05386267
  -0.02461975 -0.05013674 -0.00571782 -0.06074101 -0.00988053  0.13130526
   0.14487873  0.00638073 -0.03978044 -0.00592161  0.17910053 -0.08453401
  -0.07469304 -0.06630471 -0.08506071  0.06135131  0.04258476  0.11307109
  -0.04839812  0.03987037 -0.06631026  0.1748918  -0.06072477  0.12665199
   0.03897649  0.14222316 -0.08398508 -0.06319772  0.07282817 -0.06343943
   0.02988295 -0.00103122 -0.05503102 -0.05764912 -0.05054238  0.21261847
  -0.03518434 -0.00291109 -0.05584139 -0.07182275  0.03815705 -0.02480729
  -0.07120319 -0.05767131]]
[[-0.0171307  -0.04589937 -0.00879056  0.02841363  0.15781271  0.14908913
  -0.03644424  0.0435323  -0.01539112 -0.02982916  0.13127515 -0.11404701
  -0.09745748  0.18973474 -0.12051173  0.01329297  0.1353113  -0.01960161
  -0.06625121  0.09921359  0.13989545  0.16318463 -0.01787155  0.05925698
  -0.072133    0.16492054 -0.08872268 -0.03715845 -0.05095504 -0.08499815
  -0.06864864 -0.01876383 -0.0652866   0.03750923  0.05553759  0.00346629
   0.18804173 -0.02002204 -0.00328027 -0.07186389  0.01389709 -0.1051146
  -0.07564798  0.11592375  0.02652398 -0.07998516  0.00637559 -0.04701004
  -0.05358887 -0.05769779 -0.133539   -0.01787052  0.0322434  -0.03158502
   0.03754715  0.00181878 -0.14223209  0.05068529  0.12914819 -0.01612229
  -0.04456352 -0.08264837  0.17902064  0.13931338 -0.06114351  0.08462692
  -0.00052583 -0.06628572 -0.01612024 -0.07428037  0.23189615 -0.03970388
  -0.04119073  0.01568031  0.10422731  0.00343548 -0.10093495 -0.07103012
   0.0706938  -0.05488734 -0.02900228 -0.0423906  -0.08566785  0.11891772
  -0.1010257  -0.00799936  0.08894694  0.01927848  0.08312029 -0.09398697
   0.00449391  0.19021037  0.08117223 -0.0476905   0.12064278 -0.11507945
   0.08970243 -0.09876923 -0.09780651  0.13337423 -0.02740802 -0.08328689
  -0.03955989  0.0972496   0.00612783 -0.01009604 -0.08067396 -0.04739696
  -0.08903776  0.02687703 -0.09895945  0.15292019 -0.02976243  0.18197411
  -0.07768124 -0.02360744 -0.05725808 -0.07979443  0.11094987  0.06995668
  -0.00337464 -0.09415919 -0.06727794 -0.06293752 -0.12228566 -0.05388232
  -0.07367573  0.17772582]
 [ 0.13203101 -0.05523477 -0.07277183 -0.16387981 -0.07291972  0.08764191
  -0.07550121 -0.05863193 -0.10243455 -0.02098191 -0.08912065  0.02464082
  -0.09204454  0.13092183 -0.0550504   0.25803614 -0.08053352  0.07286754
  -0.07214434  0.10120094 -0.06395496  0.09943865 -0.17223006  0.02622358
   0.09993947 -0.05184068  0.03178567  0.10356984  0.13099529 -0.06264459
  -0.05829406  0.03066294  0.04775824 -0.07644974 -0.03407111  0.00859585
   0.05256546 -0.07420667  0.05333147  0.00519896  0.06121602 -0.06020656
  -0.09205814 -0.0306852  -0.04771357 -0.08740699  0.12864497 -0.07890189
  -0.05775524  0.06940053 -0.08957542  0.01657675  0.13903207 -0.0109324
   0.02986335 -0.0214664  -0.06812127  0.01135423  0.15868843 -0.07216933
   0.05174201 -0.04867091  0.18203147 -0.06551815  0.20642786  0.15636076
   0.04471943  0.19849862 -0.07498004 -0.02264413 -0.05631346  0.13099663
   0.08065417  0.09612001  0.04147273 -0.06532745 -0.08772559 -0.04384002
   0.05124333 -0.02896177 -0.06216509  0.15930286 -0.07049839 -0.05386267
  -0.02461975 -0.05013674 -0.00571782 -0.06074101 -0.00988053  0.13130526
   0.14487873  0.00638073 -0.03978044 -0.00592161  0.17910053 -0.08453401
  -0.07469304 -0.06630471 -0.08506071  0.06135131  0.04258476  0.11307109
  -0.04839812  0.03987037 -0.06631026  0.1748918  -0.06072477  0.12665199
   0.03897649  0.14222316 -0.08398508 -0.06319772  0.07282817 -0.06343943
   0.02988295 -0.00103122 -0.05503102 -0.05764912 -0.05054238  0.21261847
  -0.03518434 -0.00291109 -0.05584139 -0.07182275  0.03815705 -0.02480729
  -0.07120319 -0.05767131]]
[[-0.0171307  -0.04589937 -0.00879056  0.02841363  0.15781271  0.14908913
  -0.03644424  0.0435323  -0.01539112 -0.02982916  0.13127515 -0.11404701
  -0.09745748  0.18973474 -0.12051173  0.01329297  0.1353113  -0.01960161
  -0.06625121  0.09921359  0.13989545  0.16318463 -0.01787155  0.05925698
  -0.072133    0.16492054 -0.08872268 -0.03715845 -0.05095504 -0.08499815
  -0.06864864 -0.01876383 -0.0652866   0.03750923  0.05553759  0.00346629
   0.18804173 -0.02002204 -0.00328027 -0.07186389  0.01389709 -0.1051146
  -0.07564798  0.11592375  0.02652398 -0.07998516  0.00637559 -0.04701004
  -0.05358887 -0.05769779 -0.133539   -0.01787052  0.0322434  -0.03158502
   0.03754715  0.00181878 -0.14223209  0.05068529  0.12914819 -0.01612229
  -0.04456352 -0.08264837  0.17902064  0.13931338 -0.06114351  0.08462692
  -0.00052583 -0.06628572 -0.01612024 -0.07428037  0.23189615 -0.03970388
  -0.04119073  0.01568031  0.10422731  0.00343548 -0.10093495 -0.07103012
   0.0706938  -0.05488734 -0.02900228 -0.0423906  -0.08566785  0.11891772
  -0.1010257  -0.00799936  0.08894694  0.01927848  0.08312029 -0.09398697
   0.00449391  0.19021037  0.08117223 -0.0476905   0.12064278 -0.11507945
   0.08970243 -0.09876923 -0.09780651  0.13337423 -0.02740802 -0.08328689
  -0.03955989  0.0972496   0.00612783 -0.01009604 -0.08067396 -0.04739696
  -0.08903776  0.02687703 -0.09895945  0.15292019 -0.02976243  0.18197411
  -0.07768124 -0.02360744 -0.05725808 -0.07979443  0.11094987  0.06995668
  -0.00337464 -0.09415919 -0.06727794 -0.06293752 -0.12228566 -0.05388232
  -0.07367573  0.17772582]
 [ 0.13203101 -0.05523477 -0.07277183 -0.16387981 -0.07291972  0.08764191
  -0.07550121 -0.05863193 -0.10243455 -0.02098191 -0.08912065  0.02464082
  -0.09204454  0.13092183 -0.0550504   0.25803614 -0.08053352  0.07286754
  -0.07214434  0.10120094 -0.06395496  0.09943865 -0.17223006  0.02622358
   0.09993947 -0.05184068  0.03178567  0.10356984  0.13099529 -0.06264459
  -0.05829406  0.03066294  0.04775824 -0.07644974 -0.03407111  0.00859585
   0.05256546 -0.07420667  0.05333147  0.00519896  0.06121602 -0.06020656
  -0.09205814 -0.0306852  -0.04771357 -0.08740699  0.12864497 -0.07890189
  -0.05775524  0.06940053 -0.08957542  0.01657675  0.13903207 -0.0109324
   0.02986335 -0.0214664  -0.06812127  0.01135423  0.15868843 -0.07216933
   0.05174201 -0.04867091  0.18203147 -0.06551815  0.20642786  0.15636076
   0.04471943  0.19849862 -0.07498004 -0.02264413 -0.05631346  0.13099663
   0.08065417  0.09612001  0.04147273 -0.06532745 -0.08772559 -0.04384002
   0.05124333 -0.02896177 -0.06216509  0.15930286 -0.07049839 -0.05386267
  -0.02461975 -0.05013674 -0.00571782 -0.06074101 -0.00988053  0.13130526
   0.14487873  0.00638073 -0.03978044 -0.00592161  0.17910053 -0.08453401
  -0.07469304 -0.06630471 -0.08506071  0.06135131  0.04258476  0.11307109
  -0.04839812  0.03987037 -0.06631026  0.1748918  -0.06072477  0.12665199
   0.03897649  0.14222316 -0.08398508 -0.06319772  0.07282817 -0.06343943
   0.02988295 -0.00103122 -0.05503102 -0.05764912 -0.05054238  0.21261847
  -0.03518434 -0.00291109 -0.05584139 -0.07182275  0.03815705 -0.02480729
  -0.07120319 -0.05767131]]
