[[ 0.03980732 -0.05822319 -0.06034722 -0.06607977  0.09210672  0.14927326
  -0.03574155  0.03150222 -0.03891341 -0.03792138  0.17991896 -0.12388039
  -0.07918257  0.15619309 -0.1195481  -0.00367026  0.1053355   0.05009668
  -0.07143144  0.09413566  0.16820131  0.18454206 -0.00434358  0.08061629
  -0.03550826  0.11875029 -0.07252564 -0.02610957 -0.01920419 -0.06406713
  -0.05036186 -0.05170561 -0.00151004  0.0640314   0.07363544 -0.01652312
   0.20217086 -0.04894277  0.04515201 -0.05775968  0.00984685 -0.09755783
  -0.05660891  0.11270863 -0.00037412 -0.06719776  0.00467575 -0.0720224
  -0.06222293  0.01117561 -0.09575301 -0.00718756  0.10908233 -0.06296564
   0.11404143  0.01507583 -0.1247506   0.05391886  0.11327219 -0.06822963
  -0.03728511 -0.04433419  0.26670057  0.07332362 -0.06950091  0.13068299
  -0.0166985  -0.04744072 -0.05580658 -0.05101361  0.15998806 -0.04598903
   0.01632793  0.00500156  0.1752341   0.05039726 -0.07606829 -0.06662843
   0.05721712 -0.08208169  0.01073947 -0.03015627 -0.09544221  0.12197806
  -0.09356679 -0.02906516  0.02710259  0.07016893  0.04037717 -0.05260382
  -0.02660425  0.20031506  0.14833589 -0.04862385  0.11004309 -0.0975673
   0.1010363  -0.07639369 -0.10813507  0.14786749 -0.04213642 -0.07742402
  -0.01457453  0.07804979  0.02656071  0.02825967 -0.07196126 -0.02502161
  -0.0732653   0.00494892 -0.09354649  0.21371119  0.05545963  0.18046764
   0.00289344 -0.01914714 -0.07430124 -0.07276353  0.03101131  0.08753287
   0.00531325 -0.0881053  -0.069905   -0.07536305 -0.05899772 -0.01523558
  -0.06625453  0.15245308]
 [ 0.09164735 -0.05059154 -0.07998105 -0.18003419 -0.0821925   0.07558473
  -0.08456832 -0.05069962 -0.1099625  -0.01647802 -0.09917958  0.01873775
  -0.07845925  0.10441834 -0.04242079  0.26111504 -0.09629046  0.08587386
  -0.0760699   0.08267624 -0.05955438  0.07768751 -0.14798738  0.01618916
   0.11800572 -0.04601186  0.05795587  0.09035518  0.12994409 -0.06354362
  -0.05785458  0.10286276  0.01948917 -0.13671035 -0.05233847  0.06426053
   0.02842425 -0.09154653  0.06785433  0.04401183  0.01923333 -0.05319379
  -0.10580477  0.01150392 -0.05832432 -0.0898395   0.16995052 -0.08062115
  -0.04831915  0.04235974 -0.10583148  0.01282845  0.13279212  0.04912486
   0.00929123 -0.00482665 -0.07070231  0.03779763  0.19724993 -0.08086151
   0.06761795 -0.03227348  0.14948162 -0.07987663  0.22450472  0.091601
   0.06770503  0.16570458 -0.07153045  0.00417211 -0.07330462  0.11341041
   0.04509878  0.05230678  0.07861491 -0.06252622 -0.0834977  -0.01626111
   0.06951255 -0.00760724 -0.07140833  0.12847987 -0.08090877 -0.06037976
  -0.02488051 -0.11971038  0.00274003 -0.0631208  -0.0025113   0.08346647
   0.14452587  0.0016612  -0.01744656 -0.03605294  0.1896619  -0.0618621
  -0.08394242 -0.06330832 -0.09482066  0.08847078  0.08281235  0.11092906
  -0.05522765  0.04341222 -0.08272619  0.127234   -0.06876817  0.12474919
  -0.00712088  0.15881267 -0.08384326 -0.06648541  0.12447359 -0.07537969
   0.02561619 -0.02165704 -0.04945113 -0.05713794 -0.05343204  0.16280673
  -0.04059178 -0.00956027 -0.05209462 -0.07789259  0.03384558 -0.0248481
  -0.05421732 -0.06558165]]
[[ 0.03980732 -0.05822319 -0.06034722 -0.06607977  0.09210672  0.14927326
  -0.03574155  0.03150222 -0.03891341 -0.03792138  0.17991896 -0.12388039
  -0.07918257  0.15619309 -0.1195481  -0.00367026  0.1053355   0.05009668
  -0.07143144  0.09413566  0.16820131  0.18454206 -0.00434358  0.08061629
  -0.03550826  0.11875029 -0.07252564 -0.02610957 -0.01920419 -0.06406713
  -0.05036186 -0.05170561 -0.00151004  0.0640314   0.07363544 -0.01652312
   0.20217086 -0.04894277  0.04515201 -0.05775968  0.00984685 -0.09755783
  -0.05660891  0.11270863 -0.00037412 -0.06719776  0.00467575 -0.0720224
  -0.06222293  0.01117561 -0.09575301 -0.00718756  0.10908233 -0.06296564
   0.11404143  0.01507583 -0.1247506   0.05391886  0.11327219 -0.06822963
  -0.03728511 -0.04433419  0.26670057  0.07332362 -0.06950091  0.13068299
  -0.0166985  -0.04744072 -0.05580658 -0.05101361  0.15998806 -0.04598903
   0.01632793  0.00500156  0.1752341   0.05039726 -0.07606829 -0.06662843
   0.05721712 -0.08208169  0.01073947 -0.03015627 -0.09544221  0.12197806
  -0.09356679 -0.02906516  0.02710259  0.07016893  0.04037717 -0.05260382
  -0.02660425  0.20031506  0.14833589 -0.04862385  0.11004309 -0.0975673
   0.1010363  -0.07639369 -0.10813507  0.14786749 -0.04213642 -0.07742402
  -0.01457453  0.07804979  0.02656071  0.02825967 -0.07196126 -0.02502161
  -0.0732653   0.00494892 -0.09354649  0.21371119  0.05545963  0.18046764
   0.00289344 -0.01914714 -0.07430124 -0.07276353  0.03101131  0.08753287
   0.00531325 -0.0881053  -0.069905   -0.07536305 -0.05899772 -0.01523558
  -0.06625453  0.15245308]
 [ 0.09164735 -0.05059154 -0.07998105 -0.18003419 -0.0821925   0.07558473
  -0.08456832 -0.05069962 -0.1099625  -0.01647802 -0.09917958  0.01873775
  -0.07845925  0.10441834 -0.04242079  0.26111504 -0.09629046  0.08587386
  -0.0760699   0.08267624 -0.05955438  0.07768751 -0.14798738  0.01618916
   0.11800572 -0.04601186  0.05795587  0.09035518  0.12994409 -0.06354362
  -0.05785458  0.10286276  0.01948917 -0.13671035 -0.05233847  0.06426053
   0.02842425 -0.09154653  0.06785433  0.04401183  0.01923333 -0.05319379
  -0.10580477  0.01150392 -0.05832432 -0.0898395   0.16995052 -0.08062115
  -0.04831915  0.04235974 -0.10583148  0.01282845  0.13279212  0.04912486
   0.00929123 -0.00482665 -0.07070231  0.03779763  0.19724993 -0.08086151
   0.06761795 -0.03227348  0.14948162 -0.07987663  0.22450472  0.091601
   0.06770503  0.16570458 -0.07153045  0.00417211 -0.07330462  0.11341041
   0.04509878  0.05230678  0.07861491 -0.06252622 -0.0834977  -0.01626111
   0.06951255 -0.00760724 -0.07140833  0.12847987 -0.08090877 -0.06037976
  -0.02488051 -0.11971038  0.00274003 -0.0631208  -0.0025113   0.08346647
   0.14452587  0.0016612  -0.01744656 -0.03605294  0.1896619  -0.0618621
  -0.08394242 -0.06330832 -0.09482066  0.08847078  0.08281235  0.11092906
  -0.05522765  0.04341222 -0.08272619  0.127234   -0.06876817  0.12474919
  -0.00712088  0.15881267 -0.08384326 -0.06648541  0.12447359 -0.07537969
   0.02561619 -0.02165704 -0.04945113 -0.05713794 -0.05343204  0.16280673
  -0.04059178 -0.00956027 -0.05209462 -0.07789259  0.03384558 -0.0248481
  -0.05421732 -0.06558165]]
[[ 0.03980732 -0.05822319 -0.06034722 -0.06607977  0.09210672  0.14927326
  -0.03574155  0.03150222 -0.03891341 -0.03792138  0.17991896 -0.12388039
  -0.07918257  0.15619309 -0.1195481  -0.00367026  0.1053355   0.05009668
  -0.07143144  0.09413566  0.16820131  0.18454206 -0.00434358  0.08061629
  -0.03550826  0.11875029 -0.07252564 -0.02610957 -0.01920419 -0.06406713
  -0.05036186 -0.05170561 -0.00151004  0.0640314   0.07363544 -0.01652312
   0.20217086 -0.04894277  0.04515201 -0.05775968  0.00984685 -0.09755783
  -0.05660891  0.11270863 -0.00037412 -0.06719776  0.00467575 -0.0720224
  -0.06222293  0.01117561 -0.09575301 -0.00718756  0.10908233 -0.06296564
   0.11404143  0.01507583 -0.1247506   0.05391886  0.11327219 -0.06822963
  -0.03728511 -0.04433419  0.26670057  0.07332362 -0.06950091  0.13068299
  -0.0166985  -0.04744072 -0.05580658 -0.05101361  0.15998806 -0.04598903
   0.01632793  0.00500156  0.1752341   0.05039726 -0.07606829 -0.06662843
   0.05721712 -0.08208169  0.01073947 -0.03015627 -0.09544221  0.12197806
  -0.09356679 -0.02906516  0.02710259  0.07016893  0.04037717 -0.05260382
  -0.02660425  0.20031506  0.14833589 -0.04862385  0.11004309 -0.0975673
   0.1010363  -0.07639369 -0.10813507  0.14786749 -0.04213642 -0.07742402
  -0.01457453  0.07804979  0.02656071  0.02825967 -0.07196126 -0.02502161
  -0.0732653   0.00494892 -0.09354649  0.21371119  0.05545963  0.18046764
   0.00289344 -0.01914714 -0.07430124 -0.07276353  0.03101131  0.08753287
   0.00531325 -0.0881053  -0.069905   -0.07536305 -0.05899772 -0.01523558
  -0.06625453  0.15245308]
 [ 0.09164735 -0.05059154 -0.07998105 -0.18003419 -0.0821925   0.07558473
  -0.08456832 -0.05069962 -0.1099625  -0.01647802 -0.09917958  0.01873775
  -0.07845925  0.10441834 -0.04242079  0.26111504 -0.09629046  0.08587386
  -0.0760699   0.08267624 -0.05955438  0.07768751 -0.14798738  0.01618916
   0.11800572 -0.04601186  0.05795587  0.09035518  0.12994409 -0.06354362
  -0.05785458  0.10286276  0.01948917 -0.13671035 -0.05233847  0.06426053
   0.02842425 -0.09154653  0.06785433  0.04401183  0.01923333 -0.05319379
  -0.10580477  0.01150392 -0.05832432 -0.0898395   0.16995052 -0.08062115
  -0.04831915  0.04235974 -0.10583148  0.01282845  0.13279212  0.04912486
   0.00929123 -0.00482665 -0.07070231  0.03779763  0.19724993 -0.08086151
   0.06761795 -0.03227348  0.14948162 -0.07987663  0.22450472  0.091601
   0.06770503  0.16570458 -0.07153045  0.00417211 -0.07330462  0.11341041
   0.04509878  0.05230678  0.07861491 -0.06252622 -0.0834977  -0.01626111
   0.06951255 -0.00760724 -0.07140833  0.12847987 -0.08090877 -0.06037976
  -0.02488051 -0.11971038  0.00274003 -0.0631208  -0.0025113   0.08346647
   0.14452587  0.0016612  -0.01744656 -0.03605294  0.1896619  -0.0618621
  -0.08394242 -0.06330832 -0.09482066  0.08847078  0.08281235  0.11092906
  -0.05522765  0.04341222 -0.08272619  0.127234   -0.06876817  0.12474919
  -0.00712088  0.15881267 -0.08384326 -0.06648541  0.12447359 -0.07537969
   0.02561619 -0.02165704 -0.04945113 -0.05713794 -0.05343204  0.16280673
  -0.04059178 -0.00956027 -0.05209462 -0.07789259  0.03384558 -0.0248481
  -0.05421732 -0.06558165]]
[[ 0.03980732 -0.05822319 -0.06034722 -0.06607977  0.09210672  0.14927326
  -0.03574155  0.03150222 -0.03891341 -0.03792138  0.17991896 -0.12388039
  -0.07918257  0.15619309 -0.1195481  -0.00367026  0.1053355   0.05009668
  -0.07143144  0.09413566  0.16820131  0.18454206 -0.00434358  0.08061629
  -0.03550826  0.11875029 -0.07252564 -0.02610957 -0.01920419 -0.06406713
  -0.05036186 -0.05170561 -0.00151004  0.0640314   0.07363544 -0.01652312
   0.20217086 -0.04894277  0.04515201 -0.05775968  0.00984685 -0.09755783
  -0.05660891  0.11270863 -0.00037412 -0.06719776  0.00467575 -0.0720224
  -0.06222293  0.01117561 -0.09575301 -0.00718756  0.10908233 -0.06296564
   0.11404143  0.01507583 -0.1247506   0.05391886  0.11327219 -0.06822963
  -0.03728511 -0.04433419  0.26670057  0.07332362 -0.06950091  0.13068299
  -0.0166985  -0.04744072 -0.05580658 -0.05101361  0.15998806 -0.04598903
   0.01632793  0.00500156  0.1752341   0.05039726 -0.07606829 -0.06662843
   0.05721712 -0.08208169  0.01073947 -0.03015627 -0.09544221  0.12197806
  -0.09356679 -0.02906516  0.02710259  0.07016893  0.04037717 -0.05260382
  -0.02660425  0.20031506  0.14833589 -0.04862385  0.11004309 -0.0975673
   0.1010363  -0.07639369 -0.10813507  0.14786749 -0.04213642 -0.07742402
  -0.01457453  0.07804979  0.02656071  0.02825967 -0.07196126 -0.02502161
  -0.0732653   0.00494892 -0.09354649  0.21371119  0.05545963  0.18046764
   0.00289344 -0.01914714 -0.07430124 -0.07276353  0.03101131  0.08753287
   0.00531325 -0.0881053  -0.069905   -0.07536305 -0.05899772 -0.01523558
  -0.06625453  0.15245308]
 [ 0.09164735 -0.05059154 -0.07998105 -0.18003419 -0.0821925   0.07558473
  -0.08456832 -0.05069962 -0.1099625  -0.01647802 -0.09917958  0.01873775
  -0.07845925  0.10441834 -0.04242079  0.26111504 -0.09629046  0.08587386
  -0.0760699   0.08267624 -0.05955438  0.07768751 -0.14798738  0.01618916
   0.11800572 -0.04601186  0.05795587  0.09035518  0.12994409 -0.06354362
  -0.05785458  0.10286276  0.01948917 -0.13671035 -0.05233847  0.06426053
   0.02842425 -0.09154653  0.06785433  0.04401183  0.01923333 -0.05319379
  -0.10580477  0.01150392 -0.05832432 -0.0898395   0.16995052 -0.08062115
  -0.04831915  0.04235974 -0.10583148  0.01282845  0.13279212  0.04912486
   0.00929123 -0.00482665 -0.07070231  0.03779763  0.19724993 -0.08086151
   0.06761795 -0.03227348  0.14948162 -0.07987663  0.22450472  0.091601
   0.06770503  0.16570458 -0.07153045  0.00417211 -0.07330462  0.11341041
   0.04509878  0.05230678  0.07861491 -0.06252622 -0.0834977  -0.01626111
   0.06951255 -0.00760724 -0.07140833  0.12847987 -0.08090877 -0.06037976
  -0.02488051 -0.11971038  0.00274003 -0.0631208  -0.0025113   0.08346647
   0.14452587  0.0016612  -0.01744656 -0.03605294  0.1896619  -0.0618621
  -0.08394242 -0.06330832 -0.09482066  0.08847078  0.08281235  0.11092906
  -0.05522765  0.04341222 -0.08272619  0.127234   -0.06876817  0.12474919
  -0.00712088  0.15881267 -0.08384326 -0.06648541  0.12447359 -0.07537969
   0.02561619 -0.02165704 -0.04945113 -0.05713794 -0.05343204  0.16280673
  -0.04059178 -0.00956027 -0.05209462 -0.07789259  0.03384558 -0.0248481
  -0.05421732 -0.06558165]]
