[[ 1.18923199e-03 -5.02591915e-02 -5.93039803e-02 -2.80082338e-02
   1.14067882e-01  1.13048613e-01 -4.55102064e-02  4.13566716e-02
  -1.55487657e-02 -2.58210842e-02  1.93858862e-01 -1.14457101e-01
  -6.62543103e-02  1.85241297e-01 -1.20922878e-01  1.08995731e-03
   1.13718010e-01  3.62895727e-02 -5.43075986e-02  6.58798516e-02
   1.45739272e-01  1.86466098e-01 -2.14736462e-02  1.15518257e-01
  -5.17812707e-02  9.87823829e-02 -8.41661394e-02 -4.34670597e-02
  -3.18839550e-02 -7.68559650e-02 -5.69072291e-02 -4.70633432e-02
  -2.33291052e-02  7.39999935e-02  7.00467601e-02 -2.08315365e-02
   1.78556800e-01 -4.33989204e-02  2.23470870e-02 -6.40683174e-02
   2.88799386e-02 -1.00215927e-01 -7.73271918e-02  1.22027621e-01
   2.47763540e-03 -6.43686801e-02 -9.89438687e-03 -6.52917996e-02
  -5.66877201e-02 -2.81145945e-02 -1.12387955e-01  5.80908789e-04
   9.07419026e-02 -5.12413643e-02  5.58669455e-02 -7.11309956e-03
  -1.35638088e-01  4.61851396e-02  1.06245346e-01 -5.61634004e-02
  -2.22615711e-02 -7.52525702e-02  2.58190572e-01  1.02889299e-01
  -7.92193860e-02  1.62998736e-01 -1.75953396e-02 -4.76160608e-02
  -5.98851182e-02 -5.60920164e-02  1.63013175e-01 -5.98969124e-02
   2.50824378e-03 -9.04522184e-03  1.58593550e-01  2.31945626e-02
  -9.43461135e-02 -6.98808208e-02  8.24853778e-02 -7.81628415e-02
   6.84906356e-03 -3.06258965e-02 -9.62637886e-02  1.09408267e-01
  -9.35301408e-02 -1.92010365e-02  2.91878115e-02  2.37496346e-02
   5.65743074e-02 -5.44749573e-02 -1.39537519e-02  2.10621223e-01
   1.37944788e-01 -5.99556863e-02  9.95166749e-02 -9.74679440e-02
   7.21761957e-02 -9.38185975e-02 -1.00725383e-01  1.46809950e-01
  -3.63536365e-02 -8.66865441e-02 -1.74789578e-02  7.66604170e-02
   9.35472921e-03  1.15750423e-02 -8.39339569e-02 -1.84648782e-02
  -7.90559351e-02  3.66357784e-03 -9.34993476e-02  1.91418126e-01
   3.57982479e-02  1.67603821e-01 -5.36327921e-02 -2.58989595e-02
  -7.02764913e-02 -7.37802237e-02  4.48674411e-02  6.41443878e-02
   2.35429537e-02 -1.02946453e-01 -6.69327974e-02 -7.46906549e-02
  -1.03330761e-01 -3.60984243e-02 -4.36996408e-02  1.99231386e-01]
 [ 9.06039774e-02 -4.79766764e-02 -6.72623143e-02 -1.64839700e-01
  -8.06567073e-02  8.26686621e-02 -8.31392929e-02 -4.94405292e-02
  -1.07744500e-01  1.59123912e-02 -9.76645574e-02  3.03499252e-02
  -7.76010752e-02  1.15732834e-01 -3.87746058e-02  2.75665224e-01
  -9.79459509e-02  6.84686452e-02 -6.60585240e-02  1.01628251e-01
  -6.03415370e-02  7.04386532e-02 -1.52091265e-01  3.54293287e-02
   9.38641950e-02 -5.02652526e-02  6.28225282e-02  6.72295243e-02
   1.42760858e-01 -7.04813078e-02 -5.00795618e-02  1.01639405e-01
   7.65629578e-03 -1.27878189e-01 -4.65630218e-02  5.87649383e-02
   3.04563753e-02 -9.11513343e-02  1.02651305e-01  2.97111422e-02
   3.21047120e-02 -4.10633348e-02 -1.01882584e-01 -2.92971265e-03
  -5.71494214e-02 -8.58425200e-02  1.78375244e-01 -7.70988986e-02
  -4.91833501e-02  4.43016700e-02 -1.04165435e-01  3.10430489e-02
   1.15730695e-01  3.34024690e-02  3.00664315e-03 -2.16186959e-02
  -5.45183085e-02  2.84365937e-02  1.83548570e-01 -7.54567757e-02
   7.82768875e-02 -4.65600565e-02  1.31542712e-01 -8.31510350e-02
   2.24278450e-01  8.92429128e-02  7.37270564e-02  1.75840244e-01
  -7.58443475e-02  1.38961570e-02 -7.57709891e-02  9.89845321e-02
   5.40688597e-02  6.70835078e-02  7.41920844e-02 -5.95977008e-02
  -8.30069408e-02 -7.75353052e-03  9.42914113e-02 -2.95215566e-02
  -6.71356469e-02  1.35029659e-01 -7.90000781e-02 -6.59043491e-02
   4.30587883e-04 -1.15690015e-01  1.80446971e-02 -5.80900013e-02
   1.26871993e-04  8.26625973e-02  1.59662172e-01 -8.76096915e-03
  -5.91995846e-03 -3.51950675e-02  1.94383308e-01 -7.36191720e-02
  -8.48465934e-02 -6.91672936e-02 -8.75730962e-02  6.96680471e-02
   7.16784373e-02  1.01112522e-01 -4.84376885e-02  4.38876934e-02
  -8.80716667e-02  1.65192917e-01 -7.45120198e-02  1.28220007e-01
  -3.65978573e-03  1.47663981e-01 -7.99148083e-02 -6.40660599e-02
   1.36262998e-01 -7.44678080e-02  2.34742649e-02 -2.58942805e-02
  -4.85001653e-02 -5.19431345e-02 -4.46009487e-02  1.53748721e-01
  -3.94594260e-02 -1.30268941e-02 -4.64692079e-02 -7.60190114e-02
   2.33365875e-02 -2.48148218e-02 -5.82339913e-02 -6.75092787e-02]]
[[ 1.18923199e-03 -5.02591915e-02 -5.93039803e-02 -2.80082338e-02
   1.14067882e-01  1.13048613e-01 -4.55102064e-02  4.13566716e-02
  -1.55487657e-02 -2.58210842e-02  1.93858862e-01 -1.14457101e-01
  -6.62543103e-02  1.85241297e-01 -1.20922878e-01  1.08995731e-03
   1.13718010e-01  3.62895727e-02 -5.43075986e-02  6.58798516e-02
   1.45739272e-01  1.86466098e-01 -2.14736462e-02  1.15518257e-01
  -5.17812707e-02  9.87823829e-02 -8.41661394e-02 -4.34670597e-02
  -3.18839550e-02 -7.68559650e-02 -5.69072291e-02 -4.70633432e-02
  -2.33291052e-02  7.39999935e-02  7.00467601e-02 -2.08315365e-02
   1.78556800e-01 -4.33989204e-02  2.23470870e-02 -6.40683174e-02
   2.88799386e-02 -1.00215927e-01 -7.73271918e-02  1.22027621e-01
   2.47763540e-03 -6.43686801e-02 -9.89438687e-03 -6.52917996e-02
  -5.66877201e-02 -2.81145945e-02 -1.12387955e-01  5.80908789e-04
   9.07419026e-02 -5.12413643e-02  5.58669455e-02 -7.11309956e-03
  -1.35638088e-01  4.61851396e-02  1.06245346e-01 -5.61634004e-02
  -2.22615711e-02 -7.52525702e-02  2.58190572e-01  1.02889299e-01
  -7.92193860e-02  1.62998736e-01 -1.75953396e-02 -4.76160608e-02
  -5.98851182e-02 -5.60920164e-02  1.63013175e-01 -5.98969124e-02
   2.50824378e-03 -9.04522184e-03  1.58593550e-01  2.31945626e-02
  -9.43461135e-02 -6.98808208e-02  8.24853778e-02 -7.81628415e-02
   6.84906356e-03 -3.06258965e-02 -9.62637886e-02  1.09408267e-01
  -9.35301408e-02 -1.92010365e-02  2.91878115e-02  2.37496346e-02
   5.65743074e-02 -5.44749573e-02 -1.39537519e-02  2.10621223e-01
   1.37944788e-01 -5.99556863e-02  9.95166749e-02 -9.74679440e-02
   7.21761957e-02 -9.38185975e-02 -1.00725383e-01  1.46809950e-01
  -3.63536365e-02 -8.66865441e-02 -1.74789578e-02  7.66604170e-02
   9.35472921e-03  1.15750423e-02 -8.39339569e-02 -1.84648782e-02
  -7.90559351e-02  3.66357784e-03 -9.34993476e-02  1.91418126e-01
   3.57982479e-02  1.67603821e-01 -5.36327921e-02 -2.58989595e-02
  -7.02764913e-02 -7.37802237e-02  4.48674411e-02  6.41443878e-02
   2.35429537e-02 -1.02946453e-01 -6.69327974e-02 -7.46906549e-02
  -1.03330761e-01 -3.60984243e-02 -4.36996408e-02  1.99231386e-01]
 [ 9.06039774e-02 -4.79766764e-02 -6.72623143e-02 -1.64839700e-01
  -8.06567073e-02  8.26686621e-02 -8.31392929e-02 -4.94405292e-02
  -1.07744500e-01  1.59123912e-02 -9.76645574e-02  3.03499252e-02
  -7.76010752e-02  1.15732834e-01 -3.87746058e-02  2.75665224e-01
  -9.79459509e-02  6.84686452e-02 -6.60585240e-02  1.01628251e-01
  -6.03415370e-02  7.04386532e-02 -1.52091265e-01  3.54293287e-02
   9.38641950e-02 -5.02652526e-02  6.28225282e-02  6.72295243e-02
   1.42760858e-01 -7.04813078e-02 -5.00795618e-02  1.01639405e-01
   7.65629578e-03 -1.27878189e-01 -4.65630218e-02  5.87649383e-02
   3.04563753e-02 -9.11513343e-02  1.02651305e-01  2.97111422e-02
   3.21047120e-02 -4.10633348e-02 -1.01882584e-01 -2.92971265e-03
  -5.71494214e-02 -8.58425200e-02  1.78375244e-01 -7.70988986e-02
  -4.91833501e-02  4.43016700e-02 -1.04165435e-01  3.10430489e-02
   1.15730695e-01  3.34024690e-02  3.00664315e-03 -2.16186959e-02
  -5.45183085e-02  2.84365937e-02  1.83548570e-01 -7.54567757e-02
   7.82768875e-02 -4.65600565e-02  1.31542712e-01 -8.31510350e-02
   2.24278450e-01  8.92429128e-02  7.37270564e-02  1.75840244e-01
  -7.58443475e-02  1.38961570e-02 -7.57709891e-02  9.89845321e-02
   5.40688597e-02  6.70835078e-02  7.41920844e-02 -5.95977008e-02
  -8.30069408e-02 -7.75353052e-03  9.42914113e-02 -2.95215566e-02
  -6.71356469e-02  1.35029659e-01 -7.90000781e-02 -6.59043491e-02
   4.30587883e-04 -1.15690015e-01  1.80446971e-02 -5.80900013e-02
   1.26871993e-04  8.26625973e-02  1.59662172e-01 -8.76096915e-03
  -5.91995846e-03 -3.51950675e-02  1.94383308e-01 -7.36191720e-02
  -8.48465934e-02 -6.91672936e-02 -8.75730962e-02  6.96680471e-02
   7.16784373e-02  1.01112522e-01 -4.84376885e-02  4.38876934e-02
  -8.80716667e-02  1.65192917e-01 -7.45120198e-02  1.28220007e-01
  -3.65978573e-03  1.47663981e-01 -7.99148083e-02 -6.40660599e-02
   1.36262998e-01 -7.44678080e-02  2.34742649e-02 -2.58942805e-02
  -4.85001653e-02 -5.19431345e-02 -4.46009487e-02  1.53748721e-01
  -3.94594260e-02 -1.30268941e-02 -4.64692079e-02 -7.60190114e-02
   2.33365875e-02 -2.48148218e-02 -5.82339913e-02 -6.75092787e-02]]
[[ 1.18923199e-03 -5.02591915e-02 -5.93039803e-02 -2.80082338e-02
   1.14067882e-01  1.13048613e-01 -4.55102064e-02  4.13566716e-02
  -1.55487657e-02 -2.58210842e-02  1.93858862e-01 -1.14457101e-01
  -6.62543103e-02  1.85241297e-01 -1.20922878e-01  1.08995731e-03
   1.13718010e-01  3.62895727e-02 -5.43075986e-02  6.58798516e-02
   1.45739272e-01  1.86466098e-01 -2.14736462e-02  1.15518257e-01
  -5.17812707e-02  9.87823829e-02 -8.41661394e-02 -4.34670597e-02
  -3.18839550e-02 -7.68559650e-02 -5.69072291e-02 -4.70633432e-02
  -2.33291052e-02  7.39999935e-02  7.00467601e-02 -2.08315365e-02
   1.78556800e-01 -4.33989204e-02  2.23470870e-02 -6.40683174e-02
   2.88799386e-02 -1.00215927e-01 -7.73271918e-02  1.22027621e-01
   2.47763540e-03 -6.43686801e-02 -9.89438687e-03 -6.52917996e-02
  -5.66877201e-02 -2.81145945e-02 -1.12387955e-01  5.80908789e-04
   9.07419026e-02 -5.12413643e-02  5.58669455e-02 -7.11309956e-03
  -1.35638088e-01  4.61851396e-02  1.06245346e-01 -5.61634004e-02
  -2.22615711e-02 -7.52525702e-02  2.58190572e-01  1.02889299e-01
  -7.92193860e-02  1.62998736e-01 -1.75953396e-02 -4.76160608e-02
  -5.98851182e-02 -5.60920164e-02  1.63013175e-01 -5.98969124e-02
   2.50824378e-03 -9.04522184e-03  1.58593550e-01  2.31945626e-02
  -9.43461135e-02 -6.98808208e-02  8.24853778e-02 -7.81628415e-02
   6.84906356e-03 -3.06258965e-02 -9.62637886e-02  1.09408267e-01
  -9.35301408e-02 -1.92010365e-02  2.91878115e-02  2.37496346e-02
   5.65743074e-02 -5.44749573e-02 -1.39537519e-02  2.10621223e-01
   1.37944788e-01 -5.99556863e-02  9.95166749e-02 -9.74679440e-02
   7.21761957e-02 -9.38185975e-02 -1.00725383e-01  1.46809950e-01
  -3.63536365e-02 -8.66865441e-02 -1.74789578e-02  7.66604170e-02
   9.35472921e-03  1.15750423e-02 -8.39339569e-02 -1.84648782e-02
  -7.90559351e-02  3.66357784e-03 -9.34993476e-02  1.91418126e-01
   3.57982479e-02  1.67603821e-01 -5.36327921e-02 -2.58989595e-02
  -7.02764913e-02 -7.37802237e-02  4.48674411e-02  6.41443878e-02
   2.35429537e-02 -1.02946453e-01 -6.69327974e-02 -7.46906549e-02
  -1.03330761e-01 -3.60984243e-02 -4.36996408e-02  1.99231386e-01]
 [ 9.06039774e-02 -4.79766764e-02 -6.72623143e-02 -1.64839700e-01
  -8.06567073e-02  8.26686621e-02 -8.31392929e-02 -4.94405292e-02
  -1.07744500e-01  1.59123912e-02 -9.76645574e-02  3.03499252e-02
  -7.76010752e-02  1.15732834e-01 -3.87746058e-02  2.75665224e-01
  -9.79459509e-02  6.84686452e-02 -6.60585240e-02  1.01628251e-01
  -6.03415370e-02  7.04386532e-02 -1.52091265e-01  3.54293287e-02
   9.38641950e-02 -5.02652526e-02  6.28225282e-02  6.72295243e-02
   1.42760858e-01 -7.04813078e-02 -5.00795618e-02  1.01639405e-01
   7.65629578e-03 -1.27878189e-01 -4.65630218e-02  5.87649383e-02
   3.04563753e-02 -9.11513343e-02  1.02651305e-01  2.97111422e-02
   3.21047120e-02 -4.10633348e-02 -1.01882584e-01 -2.92971265e-03
  -5.71494214e-02 -8.58425200e-02  1.78375244e-01 -7.70988986e-02
  -4.91833501e-02  4.43016700e-02 -1.04165435e-01  3.10430489e-02
   1.15730695e-01  3.34024690e-02  3.00664315e-03 -2.16186959e-02
  -5.45183085e-02  2.84365937e-02  1.83548570e-01 -7.54567757e-02
   7.82768875e-02 -4.65600565e-02  1.31542712e-01 -8.31510350e-02
   2.24278450e-01  8.92429128e-02  7.37270564e-02  1.75840244e-01
  -7.58443475e-02  1.38961570e-02 -7.57709891e-02  9.89845321e-02
   5.40688597e-02  6.70835078e-02  7.41920844e-02 -5.95977008e-02
  -8.30069408e-02 -7.75353052e-03  9.42914113e-02 -2.95215566e-02
  -6.71356469e-02  1.35029659e-01 -7.90000781e-02 -6.59043491e-02
   4.30587883e-04 -1.15690015e-01  1.80446971e-02 -5.80900013e-02
   1.26871993e-04  8.26625973e-02  1.59662172e-01 -8.76096915e-03
  -5.91995846e-03 -3.51950675e-02  1.94383308e-01 -7.36191720e-02
  -8.48465934e-02 -6.91672936e-02 -8.75730962e-02  6.96680471e-02
   7.16784373e-02  1.01112522e-01 -4.84376885e-02  4.38876934e-02
  -8.80716667e-02  1.65192917e-01 -7.45120198e-02  1.28220007e-01
  -3.65978573e-03  1.47663981e-01 -7.99148083e-02 -6.40660599e-02
   1.36262998e-01 -7.44678080e-02  2.34742649e-02 -2.58942805e-02
  -4.85001653e-02 -5.19431345e-02 -4.46009487e-02  1.53748721e-01
  -3.94594260e-02 -1.30268941e-02 -4.64692079e-02 -7.60190114e-02
   2.33365875e-02 -2.48148218e-02 -5.82339913e-02 -6.75092787e-02]]
[[ 1.18923199e-03 -5.02591915e-02 -5.93039803e-02 -2.80082338e-02
   1.14067882e-01  1.13048613e-01 -4.55102064e-02  4.13566716e-02
  -1.55487657e-02 -2.58210842e-02  1.93858862e-01 -1.14457101e-01
  -6.62543103e-02  1.85241297e-01 -1.20922878e-01  1.08995731e-03
   1.13718010e-01  3.62895727e-02 -5.43075986e-02  6.58798516e-02
   1.45739272e-01  1.86466098e-01 -2.14736462e-02  1.15518257e-01
  -5.17812707e-02  9.87823829e-02 -8.41661394e-02 -4.34670597e-02
  -3.18839550e-02 -7.68559650e-02 -5.69072291e-02 -4.70633432e-02
  -2.33291052e-02  7.39999935e-02  7.00467601e-02 -2.08315365e-02
   1.78556800e-01 -4.33989204e-02  2.23470870e-02 -6.40683174e-02
   2.88799386e-02 -1.00215927e-01 -7.73271918e-02  1.22027621e-01
   2.47763540e-03 -6.43686801e-02 -9.89438687e-03 -6.52917996e-02
  -5.66877201e-02 -2.81145945e-02 -1.12387955e-01  5.80908789e-04
   9.07419026e-02 -5.12413643e-02  5.58669455e-02 -7.11309956e-03
  -1.35638088e-01  4.61851396e-02  1.06245346e-01 -5.61634004e-02
  -2.22615711e-02 -7.52525702e-02  2.58190572e-01  1.02889299e-01
  -7.92193860e-02  1.62998736e-01 -1.75953396e-02 -4.76160608e-02
  -5.98851182e-02 -5.60920164e-02  1.63013175e-01 -5.98969124e-02
   2.50824378e-03 -9.04522184e-03  1.58593550e-01  2.31945626e-02
  -9.43461135e-02 -6.98808208e-02  8.24853778e-02 -7.81628415e-02
   6.84906356e-03 -3.06258965e-02 -9.62637886e-02  1.09408267e-01
  -9.35301408e-02 -1.92010365e-02  2.91878115e-02  2.37496346e-02
   5.65743074e-02 -5.44749573e-02 -1.39537519e-02  2.10621223e-01
   1.37944788e-01 -5.99556863e-02  9.95166749e-02 -9.74679440e-02
   7.21761957e-02 -9.38185975e-02 -1.00725383e-01  1.46809950e-01
  -3.63536365e-02 -8.66865441e-02 -1.74789578e-02  7.66604170e-02
   9.35472921e-03  1.15750423e-02 -8.39339569e-02 -1.84648782e-02
  -7.90559351e-02  3.66357784e-03 -9.34993476e-02  1.91418126e-01
   3.57982479e-02  1.67603821e-01 -5.36327921e-02 -2.58989595e-02
  -7.02764913e-02 -7.37802237e-02  4.48674411e-02  6.41443878e-02
   2.35429537e-02 -1.02946453e-01 -6.69327974e-02 -7.46906549e-02
  -1.03330761e-01 -3.60984243e-02 -4.36996408e-02  1.99231386e-01]
 [ 9.06039774e-02 -4.79766764e-02 -6.72623143e-02 -1.64839700e-01
  -8.06567073e-02  8.26686621e-02 -8.31392929e-02 -4.94405292e-02
  -1.07744500e-01  1.59123912e-02 -9.76645574e-02  3.03499252e-02
  -7.76010752e-02  1.15732834e-01 -3.87746058e-02  2.75665224e-01
  -9.79459509e-02  6.84686452e-02 -6.60585240e-02  1.01628251e-01
  -6.03415370e-02  7.04386532e-02 -1.52091265e-01  3.54293287e-02
   9.38641950e-02 -5.02652526e-02  6.28225282e-02  6.72295243e-02
   1.42760858e-01 -7.04813078e-02 -5.00795618e-02  1.01639405e-01
   7.65629578e-03 -1.27878189e-01 -4.65630218e-02  5.87649383e-02
   3.04563753e-02 -9.11513343e-02  1.02651305e-01  2.97111422e-02
   3.21047120e-02 -4.10633348e-02 -1.01882584e-01 -2.92971265e-03
  -5.71494214e-02 -8.58425200e-02  1.78375244e-01 -7.70988986e-02
  -4.91833501e-02  4.43016700e-02 -1.04165435e-01  3.10430489e-02
   1.15730695e-01  3.34024690e-02  3.00664315e-03 -2.16186959e-02
  -5.45183085e-02  2.84365937e-02  1.83548570e-01 -7.54567757e-02
   7.82768875e-02 -4.65600565e-02  1.31542712e-01 -8.31510350e-02
   2.24278450e-01  8.92429128e-02  7.37270564e-02  1.75840244e-01
  -7.58443475e-02  1.38961570e-02 -7.57709891e-02  9.89845321e-02
   5.40688597e-02  6.70835078e-02  7.41920844e-02 -5.95977008e-02
  -8.30069408e-02 -7.75353052e-03  9.42914113e-02 -2.95215566e-02
  -6.71356469e-02  1.35029659e-01 -7.90000781e-02 -6.59043491e-02
   4.30587883e-04 -1.15690015e-01  1.80446971e-02 -5.80900013e-02
   1.26871993e-04  8.26625973e-02  1.59662172e-01 -8.76096915e-03
  -5.91995846e-03 -3.51950675e-02  1.94383308e-01 -7.36191720e-02
  -8.48465934e-02 -6.91672936e-02 -8.75730962e-02  6.96680471e-02
   7.16784373e-02  1.01112522e-01 -4.84376885e-02  4.38876934e-02
  -8.80716667e-02  1.65192917e-01 -7.45120198e-02  1.28220007e-01
  -3.65978573e-03  1.47663981e-01 -7.99148083e-02 -6.40660599e-02
   1.36262998e-01 -7.44678080e-02  2.34742649e-02 -2.58942805e-02
  -4.85001653e-02 -5.19431345e-02 -4.46009487e-02  1.53748721e-01
  -3.94594260e-02 -1.30268941e-02 -4.64692079e-02 -7.60190114e-02
   2.33365875e-02 -2.48148218e-02 -5.82339913e-02 -6.75092787e-02]]
