[[-0.05058075 -0.02983459  0.00281969  0.02375253  0.15767159  0.135224
  -0.03802822  0.05306698 -0.01068008 -0.03346772  0.10663179 -0.09699111
  -0.09289815  0.20523338 -0.12542428  0.01830077  0.10100178  0.00191293
  -0.07778999  0.09174267  0.16006303  0.14877017 -0.01756659  0.04899955
  -0.0918139   0.12942612 -0.07464384 -0.03638954 -0.05262276 -0.09172821
  -0.07119729 -0.00235013 -0.05598738  0.02822129  0.00320479 -0.01445686
   0.16764937 -0.0241764   0.00926246 -0.10223322 -0.00208684 -0.11402031
  -0.09554572  0.11575548  0.00086077 -0.08161592 -0.00936009 -0.04027235
  -0.04710129 -0.07953323 -0.14758427 -0.02394835  0.06756409 -0.02801759
  -0.00758954  0.00108106 -0.1412278   0.03909383  0.11528776  0.00126336
  -0.00371723 -0.08322413  0.16463137  0.15831205 -0.08247335  0.06907343
   0.03780419 -0.07157318 -0.0396851  -0.05906478  0.23363884 -0.05182101
  -0.06616323  0.02375347  0.11303885 -0.01085568 -0.11059626 -0.08091953
   0.00779553 -0.07811849 -0.0084734  -0.04140803 -0.09378356  0.13660283
  -0.1051061  -0.01432243  0.06025782  0.0107117   0.09438436 -0.09016944
  -0.03430773  0.17081393  0.08150873 -0.07090971  0.10672882 -0.14732759
   0.07151002 -0.11245841 -0.09015698  0.12746228 -0.04329577 -0.07752609
  -0.04072895  0.05987355  0.01477711 -0.00099085 -0.07803717 -0.05288459
  -0.08530438 -0.00362242 -0.10754248  0.17282028 -0.01780383  0.16410145
  -0.07924528 -0.04704578 -0.06529519 -0.08090666  0.12671255  0.04109191
   0.00288725 -0.10831044 -0.0660622  -0.05957283 -0.11345415 -0.068762
  -0.07806597  0.19604519]
 [ 0.15039115 -0.05426373 -0.07755771 -0.16540067 -0.06905418  0.11480124
  -0.07763533 -0.04604257 -0.10078559 -0.03941532 -0.08996888  0.01257577
  -0.09925388  0.11418617 -0.07161386  0.24854203 -0.07297703  0.09158553
  -0.07355334  0.0639153  -0.05549961  0.11592656 -0.1608088   0.00849708
   0.12100685 -0.0551815   0.0206786   0.0994648   0.1380641  -0.06722753
  -0.06409374  0.04826993  0.02891396 -0.04882578 -0.03602441  0.01375136
   0.05492884 -0.07043468  0.05024737  0.01793918  0.05392559 -0.06708425
  -0.09520136 -0.03210304 -0.0387044  -0.09128324  0.1293616  -0.08404139
  -0.05094791  0.07562391 -0.09442592 -0.0171806   0.13550486  0.0049416
   0.03259355 -0.01465086 -0.09768555  0.01654087  0.17268032 -0.07455243
   0.04508749 -0.05300775  0.19023585 -0.06113311  0.19205369  0.19958222
   0.04272794  0.1959049  -0.07839286 -0.034584   -0.05042091  0.10322647
   0.09971424  0.05571786  0.05056207 -0.06773751 -0.0846636  -0.04398413
   0.07500335 -0.00678576 -0.06306745  0.15803972 -0.06853617 -0.05427557
  -0.03536501 -0.05640703 -0.03628673 -0.05245797  0.01263239  0.10908767
   0.16951668 -0.00627965 -0.02226499  0.00327524  0.18452026 -0.08471694
  -0.07812472 -0.07184895 -0.08355665  0.06438097  0.04751494  0.09514716
  -0.06582476  0.06107657 -0.05425464  0.11828653 -0.06733768  0.11985895
   0.01840799  0.16449416 -0.08509543 -0.06787686  0.05307044 -0.06188571
   0.02325149  0.02942159 -0.04183407 -0.06018818 -0.05969356  0.18145478
  -0.02598951 -0.00334943 -0.04638406 -0.07304341  0.04266567 -0.03352708
  -0.07639492 -0.06249758]]
[[-0.05058075 -0.02983459  0.00281969  0.02375253  0.15767159  0.135224
  -0.03802822  0.05306698 -0.01068008 -0.03346772  0.10663179 -0.09699111
  -0.09289815  0.20523338 -0.12542428  0.01830077  0.10100178  0.00191293
  -0.07778999  0.09174267  0.16006303  0.14877017 -0.01756659  0.04899955
  -0.0918139   0.12942612 -0.07464384 -0.03638954 -0.05262276 -0.09172821
  -0.07119729 -0.00235013 -0.05598738  0.02822129  0.00320479 -0.01445686
   0.16764937 -0.0241764   0.00926246 -0.10223322 -0.00208684 -0.11402031
  -0.09554572  0.11575548  0.00086077 -0.08161592 -0.00936009 -0.04027235
  -0.04710129 -0.07953323 -0.14758427 -0.02394835  0.06756409 -0.02801759
  -0.00758954  0.00108106 -0.1412278   0.03909383  0.11528776  0.00126336
  -0.00371723 -0.08322413  0.16463137  0.15831205 -0.08247335  0.06907343
   0.03780419 -0.07157318 -0.0396851  -0.05906478  0.23363884 -0.05182101
  -0.06616323  0.02375347  0.11303885 -0.01085568 -0.11059626 -0.08091953
   0.00779553 -0.07811849 -0.0084734  -0.04140803 -0.09378356  0.13660283
  -0.1051061  -0.01432243  0.06025782  0.0107117   0.09438436 -0.09016944
  -0.03430773  0.17081393  0.08150873 -0.07090971  0.10672882 -0.14732759
   0.07151002 -0.11245841 -0.09015698  0.12746228 -0.04329577 -0.07752609
  -0.04072895  0.05987355  0.01477711 -0.00099085 -0.07803717 -0.05288459
  -0.08530438 -0.00362242 -0.10754248  0.17282028 -0.01780383  0.16410145
  -0.07924528 -0.04704578 -0.06529519 -0.08090666  0.12671255  0.04109191
   0.00288725 -0.10831044 -0.0660622  -0.05957283 -0.11345415 -0.068762
  -0.07806597  0.19604519]
 [ 0.15039115 -0.05426373 -0.07755771 -0.16540067 -0.06905418  0.11480124
  -0.07763533 -0.04604257 -0.10078559 -0.03941532 -0.08996888  0.01257577
  -0.09925388  0.11418617 -0.07161386  0.24854203 -0.07297703  0.09158553
  -0.07355334  0.0639153  -0.05549961  0.11592656 -0.1608088   0.00849708
   0.12100685 -0.0551815   0.0206786   0.0994648   0.1380641  -0.06722753
  -0.06409374  0.04826993  0.02891396 -0.04882578 -0.03602441  0.01375136
   0.05492884 -0.07043468  0.05024737  0.01793918  0.05392559 -0.06708425
  -0.09520136 -0.03210304 -0.0387044  -0.09128324  0.1293616  -0.08404139
  -0.05094791  0.07562391 -0.09442592 -0.0171806   0.13550486  0.0049416
   0.03259355 -0.01465086 -0.09768555  0.01654087  0.17268032 -0.07455243
   0.04508749 -0.05300775  0.19023585 -0.06113311  0.19205369  0.19958222
   0.04272794  0.1959049  -0.07839286 -0.034584   -0.05042091  0.10322647
   0.09971424  0.05571786  0.05056207 -0.06773751 -0.0846636  -0.04398413
   0.07500335 -0.00678576 -0.06306745  0.15803972 -0.06853617 -0.05427557
  -0.03536501 -0.05640703 -0.03628673 -0.05245797  0.01263239  0.10908767
   0.16951668 -0.00627965 -0.02226499  0.00327524  0.18452026 -0.08471694
  -0.07812472 -0.07184895 -0.08355665  0.06438097  0.04751494  0.09514716
  -0.06582476  0.06107657 -0.05425464  0.11828653 -0.06733768  0.11985895
   0.01840799  0.16449416 -0.08509543 -0.06787686  0.05307044 -0.06188571
   0.02325149  0.02942159 -0.04183407 -0.06018818 -0.05969356  0.18145478
  -0.02598951 -0.00334943 -0.04638406 -0.07304341  0.04266567 -0.03352708
  -0.07639492 -0.06249758]]
[[-0.05058075 -0.02983459  0.00281969  0.02375253  0.15767159  0.135224
  -0.03802822  0.05306698 -0.01068008 -0.03346772  0.10663179 -0.09699111
  -0.09289815  0.20523338 -0.12542428  0.01830077  0.10100178  0.00191293
  -0.07778999  0.09174267  0.16006303  0.14877017 -0.01756659  0.04899955
  -0.0918139   0.12942612 -0.07464384 -0.03638954 -0.05262276 -0.09172821
  -0.07119729 -0.00235013 -0.05598738  0.02822129  0.00320479 -0.01445686
   0.16764937 -0.0241764   0.00926246 -0.10223322 -0.00208684 -0.11402031
  -0.09554572  0.11575548  0.00086077 -0.08161592 -0.00936009 -0.04027235
  -0.04710129 -0.07953323 -0.14758427 -0.02394835  0.06756409 -0.02801759
  -0.00758954  0.00108106 -0.1412278   0.03909383  0.11528776  0.00126336
  -0.00371723 -0.08322413  0.16463137  0.15831205 -0.08247335  0.06907343
   0.03780419 -0.07157318 -0.0396851  -0.05906478  0.23363884 -0.05182101
  -0.06616323  0.02375347  0.11303885 -0.01085568 -0.11059626 -0.08091953
   0.00779553 -0.07811849 -0.0084734  -0.04140803 -0.09378356  0.13660283
  -0.1051061  -0.01432243  0.06025782  0.0107117   0.09438436 -0.09016944
  -0.03430773  0.17081393  0.08150873 -0.07090971  0.10672882 -0.14732759
   0.07151002 -0.11245841 -0.09015698  0.12746228 -0.04329577 -0.07752609
  -0.04072895  0.05987355  0.01477711 -0.00099085 -0.07803717 -0.05288459
  -0.08530438 -0.00362242 -0.10754248  0.17282028 -0.01780383  0.16410145
  -0.07924528 -0.04704578 -0.06529519 -0.08090666  0.12671255  0.04109191
   0.00288725 -0.10831044 -0.0660622  -0.05957283 -0.11345415 -0.068762
  -0.07806597  0.19604519]
 [ 0.15039115 -0.05426373 -0.07755771 -0.16540067 -0.06905418  0.11480124
  -0.07763533 -0.04604257 -0.10078559 -0.03941532 -0.08996888  0.01257577
  -0.09925388  0.11418617 -0.07161386  0.24854203 -0.07297703  0.09158553
  -0.07355334  0.0639153  -0.05549961  0.11592656 -0.1608088   0.00849708
   0.12100685 -0.0551815   0.0206786   0.0994648   0.1380641  -0.06722753
  -0.06409374  0.04826993  0.02891396 -0.04882578 -0.03602441  0.01375136
   0.05492884 -0.07043468  0.05024737  0.01793918  0.05392559 -0.06708425
  -0.09520136 -0.03210304 -0.0387044  -0.09128324  0.1293616  -0.08404139
  -0.05094791  0.07562391 -0.09442592 -0.0171806   0.13550486  0.0049416
   0.03259355 -0.01465086 -0.09768555  0.01654087  0.17268032 -0.07455243
   0.04508749 -0.05300775  0.19023585 -0.06113311  0.19205369  0.19958222
   0.04272794  0.1959049  -0.07839286 -0.034584   -0.05042091  0.10322647
   0.09971424  0.05571786  0.05056207 -0.06773751 -0.0846636  -0.04398413
   0.07500335 -0.00678576 -0.06306745  0.15803972 -0.06853617 -0.05427557
  -0.03536501 -0.05640703 -0.03628673 -0.05245797  0.01263239  0.10908767
   0.16951668 -0.00627965 -0.02226499  0.00327524  0.18452026 -0.08471694
  -0.07812472 -0.07184895 -0.08355665  0.06438097  0.04751494  0.09514716
  -0.06582476  0.06107657 -0.05425464  0.11828653 -0.06733768  0.11985895
   0.01840799  0.16449416 -0.08509543 -0.06787686  0.05307044 -0.06188571
   0.02325149  0.02942159 -0.04183407 -0.06018818 -0.05969356  0.18145478
  -0.02598951 -0.00334943 -0.04638406 -0.07304341  0.04266567 -0.03352708
  -0.07639492 -0.06249758]]
[[-0.05058075 -0.02983459  0.00281969  0.02375253  0.15767159  0.135224
  -0.03802822  0.05306698 -0.01068008 -0.03346772  0.10663179 -0.09699111
  -0.09289815  0.20523338 -0.12542428  0.01830077  0.10100178  0.00191293
  -0.07778999  0.09174267  0.16006303  0.14877017 -0.01756659  0.04899955
  -0.0918139   0.12942612 -0.07464384 -0.03638954 -0.05262276 -0.09172821
  -0.07119729 -0.00235013 -0.05598738  0.02822129  0.00320479 -0.01445686
   0.16764937 -0.0241764   0.00926246 -0.10223322 -0.00208684 -0.11402031
  -0.09554572  0.11575548  0.00086077 -0.08161592 -0.00936009 -0.04027235
  -0.04710129 -0.07953323 -0.14758427 -0.02394835  0.06756409 -0.02801759
  -0.00758954  0.00108106 -0.1412278   0.03909383  0.11528776  0.00126336
  -0.00371723 -0.08322413  0.16463137  0.15831205 -0.08247335  0.06907343
   0.03780419 -0.07157318 -0.0396851  -0.05906478  0.23363884 -0.05182101
  -0.06616323  0.02375347  0.11303885 -0.01085568 -0.11059626 -0.08091953
   0.00779553 -0.07811849 -0.0084734  -0.04140803 -0.09378356  0.13660283
  -0.1051061  -0.01432243  0.06025782  0.0107117   0.09438436 -0.09016944
  -0.03430773  0.17081393  0.08150873 -0.07090971  0.10672882 -0.14732759
   0.07151002 -0.11245841 -0.09015698  0.12746228 -0.04329577 -0.07752609
  -0.04072895  0.05987355  0.01477711 -0.00099085 -0.07803717 -0.05288459
  -0.08530438 -0.00362242 -0.10754248  0.17282028 -0.01780383  0.16410145
  -0.07924528 -0.04704578 -0.06529519 -0.08090666  0.12671255  0.04109191
   0.00288725 -0.10831044 -0.0660622  -0.05957283 -0.11345415 -0.068762
  -0.07806597  0.19604519]
 [ 0.15039115 -0.05426373 -0.07755771 -0.16540067 -0.06905418  0.11480124
  -0.07763533 -0.04604257 -0.10078559 -0.03941532 -0.08996888  0.01257577
  -0.09925388  0.11418617 -0.07161386  0.24854203 -0.07297703  0.09158553
  -0.07355334  0.0639153  -0.05549961  0.11592656 -0.1608088   0.00849708
   0.12100685 -0.0551815   0.0206786   0.0994648   0.1380641  -0.06722753
  -0.06409374  0.04826993  0.02891396 -0.04882578 -0.03602441  0.01375136
   0.05492884 -0.07043468  0.05024737  0.01793918  0.05392559 -0.06708425
  -0.09520136 -0.03210304 -0.0387044  -0.09128324  0.1293616  -0.08404139
  -0.05094791  0.07562391 -0.09442592 -0.0171806   0.13550486  0.0049416
   0.03259355 -0.01465086 -0.09768555  0.01654087  0.17268032 -0.07455243
   0.04508749 -0.05300775  0.19023585 -0.06113311  0.19205369  0.19958222
   0.04272794  0.1959049  -0.07839286 -0.034584   -0.05042091  0.10322647
   0.09971424  0.05571786  0.05056207 -0.06773751 -0.0846636  -0.04398413
   0.07500335 -0.00678576 -0.06306745  0.15803972 -0.06853617 -0.05427557
  -0.03536501 -0.05640703 -0.03628673 -0.05245797  0.01263239  0.10908767
   0.16951668 -0.00627965 -0.02226499  0.00327524  0.18452026 -0.08471694
  -0.07812472 -0.07184895 -0.08355665  0.06438097  0.04751494  0.09514716
  -0.06582476  0.06107657 -0.05425464  0.11828653 -0.06733768  0.11985895
   0.01840799  0.16449416 -0.08509543 -0.06787686  0.05307044 -0.06188571
   0.02325149  0.02942159 -0.04183407 -0.06018818 -0.05969356  0.18145478
  -0.02598951 -0.00334943 -0.04638406 -0.07304341  0.04266567 -0.03352708
  -0.07639492 -0.06249758]]
