[[ 0.01557896 -0.06863511 -0.05245602 -0.04204866  0.12925676  0.16859879
  -0.05985309  0.02260574 -0.00608592 -0.03428479  0.15549676 -0.11862203
  -0.06436794  0.18591574 -0.12066026  0.00244017  0.11439171  0.00817952
  -0.03830388  0.06774082  0.16550298  0.1878492  -0.01936582  0.09581118
  -0.06387387  0.06538786 -0.09385996 -0.04661249 -0.00676923 -0.08181375
  -0.05922873 -0.02731858  0.00822052  0.08239606  0.09242266 -0.02539339
   0.22432047 -0.05075379  0.04377408 -0.06488123  0.03046842 -0.10056786
  -0.07510982  0.11189752 -0.00186673 -0.07428268 -0.01395189 -0.06309406
  -0.0645745  -0.01921656 -0.11269207 -0.0095643   0.12674202 -0.05698393
   0.07660019 -0.01641273 -0.12975574  0.06104643  0.11400095 -0.06945897
  -0.02942031 -0.08145194  0.26058227  0.06192998 -0.0791987   0.15954123
  -0.01328518 -0.05516611 -0.05623414 -0.03774678  0.16614638 -0.0495108
   0.01134817 -0.00494414  0.15326448  0.0145291  -0.08388002 -0.07305034
   0.0838904  -0.08497413  0.00625546 -0.01338506 -0.0993584   0.09264993
  -0.09362525 -0.02998128  0.02141144  0.06075543  0.04320074 -0.06156129
  -0.00996822  0.19731636  0.16305904 -0.05190825  0.09267364 -0.07986406
   0.1012824  -0.09082276 -0.09719141  0.13431586 -0.03938655 -0.0787214
  -0.02201617  0.09065301  0.02394265  0.02702848 -0.07739054 -0.0436094
  -0.07942088  0.02824922 -0.09755047  0.15464559  0.03445354  0.15313862
  -0.05044273 -0.00770116 -0.07412314 -0.06371319  0.05149251  0.06480788
  -0.00635544 -0.10517645 -0.05635741 -0.07344404 -0.08979601 -0.03671262
  -0.06551412  0.14739168]
 [ 0.08016002 -0.03797703 -0.06058907 -0.16846898 -0.07568015  0.06153412
  -0.08042522 -0.04125636 -0.10113598  0.00351169 -0.09834707  0.00886893
  -0.08210813  0.10156494 -0.03525361  0.2630549  -0.10060617  0.09710229
  -0.05998894  0.12932219 -0.04890737  0.11797996 -0.1394046  -0.00140472
   0.13450855 -0.05535164  0.07472169  0.09109304  0.14727274 -0.06617183
  -0.0273455   0.11413896 -0.01391897 -0.14440955 -0.0436314   0.09307954
  -0.00720398 -0.09006149  0.11032469  0.01639949 -0.03231444 -0.02027167
  -0.109097    0.04100096 -0.06147307 -0.08232232  0.13290158 -0.07760742
  -0.03337993  0.02940629 -0.1062514  -0.00543645  0.17916928  0.05539668
   0.01550688 -0.01672009 -0.07732353  0.03191141  0.18152064 -0.083081
   0.11103191 -0.0464131   0.13409989 -0.08390261  0.19338389  0.08705364
   0.09047674  0.17463426 -0.06904083  0.06643061 -0.07646272  0.08566394
   0.05366766  0.02814523  0.0674287  -0.06409303 -0.0752901  -0.01756453
   0.0963257  -0.01474731 -0.06425013  0.07742269 -0.08117014 -0.04515699
   0.02008687 -0.13160555  0.02362121 -0.05753228  0.04877929  0.06992678
   0.13991354  0.00904922  0.04830039 -0.05983519  0.20154475 -0.07768097
  -0.08818886 -0.07499346 -0.09070359  0.0725223   0.08434265  0.08836139
  -0.03571107  0.08529808 -0.09679892  0.11790172 -0.07035991  0.12345251
   0.00041884  0.16287106 -0.06768499 -0.07637952  0.12505804 -0.07795997
   0.00676934 -0.0455799  -0.04529921 -0.03553677 -0.06649248  0.10534899
  -0.04851915  0.01116619  0.0018338  -0.07875995  0.02846635 -0.03459713
  -0.06575367 -0.073807  ]]
[[ 0.01557896 -0.06863511 -0.05245602 -0.04204866  0.12925676  0.16859879
  -0.05985309  0.02260574 -0.00608592 -0.03428479  0.15549676 -0.11862203
  -0.06436794  0.18591574 -0.12066026  0.00244017  0.11439171  0.00817952
  -0.03830388  0.06774082  0.16550298  0.1878492  -0.01936582  0.09581118
  -0.06387387  0.06538786 -0.09385996 -0.04661249 -0.00676923 -0.08181375
  -0.05922873 -0.02731858  0.00822052  0.08239606  0.09242266 -0.02539339
   0.22432047 -0.05075379  0.04377408 -0.06488123  0.03046842 -0.10056786
  -0.07510982  0.11189752 -0.00186673 -0.07428268 -0.01395189 -0.06309406
  -0.0645745  -0.01921656 -0.11269207 -0.0095643   0.12674202 -0.05698393
   0.07660019 -0.01641273 -0.12975574  0.06104643  0.11400095 -0.06945897
  -0.02942031 -0.08145194  0.26058227  0.06192998 -0.0791987   0.15954123
  -0.01328518 -0.05516611 -0.05623414 -0.03774678  0.16614638 -0.0495108
   0.01134817 -0.00494414  0.15326448  0.0145291  -0.08388002 -0.07305034
   0.0838904  -0.08497413  0.00625546 -0.01338506 -0.0993584   0.09264993
  -0.09362525 -0.02998128  0.02141144  0.06075543  0.04320074 -0.06156129
  -0.00996822  0.19731636  0.16305904 -0.05190825  0.09267364 -0.07986406
   0.1012824  -0.09082276 -0.09719141  0.13431586 -0.03938655 -0.0787214
  -0.02201617  0.09065301  0.02394265  0.02702848 -0.07739054 -0.0436094
  -0.07942088  0.02824922 -0.09755047  0.15464559  0.03445354  0.15313862
  -0.05044273 -0.00770116 -0.07412314 -0.06371319  0.05149251  0.06480788
  -0.00635544 -0.10517645 -0.05635741 -0.07344404 -0.08979601 -0.03671262
  -0.06551412  0.14739168]
 [ 0.08016002 -0.03797703 -0.06058907 -0.16846898 -0.07568015  0.06153412
  -0.08042522 -0.04125636 -0.10113598  0.00351169 -0.09834707  0.00886893
  -0.08210813  0.10156494 -0.03525361  0.2630549  -0.10060617  0.09710229
  -0.05998894  0.12932219 -0.04890737  0.11797996 -0.1394046  -0.00140472
   0.13450855 -0.05535164  0.07472169  0.09109304  0.14727274 -0.06617183
  -0.0273455   0.11413896 -0.01391897 -0.14440955 -0.0436314   0.09307954
  -0.00720398 -0.09006149  0.11032469  0.01639949 -0.03231444 -0.02027167
  -0.109097    0.04100096 -0.06147307 -0.08232232  0.13290158 -0.07760742
  -0.03337993  0.02940629 -0.1062514  -0.00543645  0.17916928  0.05539668
   0.01550688 -0.01672009 -0.07732353  0.03191141  0.18152064 -0.083081
   0.11103191 -0.0464131   0.13409989 -0.08390261  0.19338389  0.08705364
   0.09047674  0.17463426 -0.06904083  0.06643061 -0.07646272  0.08566394
   0.05366766  0.02814523  0.0674287  -0.06409303 -0.0752901  -0.01756453
   0.0963257  -0.01474731 -0.06425013  0.07742269 -0.08117014 -0.04515699
   0.02008687 -0.13160555  0.02362121 -0.05753228  0.04877929  0.06992678
   0.13991354  0.00904922  0.04830039 -0.05983519  0.20154475 -0.07768097
  -0.08818886 -0.07499346 -0.09070359  0.0725223   0.08434265  0.08836139
  -0.03571107  0.08529808 -0.09679892  0.11790172 -0.07035991  0.12345251
   0.00041884  0.16287106 -0.06768499 -0.07637952  0.12505804 -0.07795997
   0.00676934 -0.0455799  -0.04529921 -0.03553677 -0.06649248  0.10534899
  -0.04851915  0.01116619  0.0018338  -0.07875995  0.02846635 -0.03459713
  -0.06575367 -0.073807  ]]
[[ 0.01557896 -0.06863511 -0.05245602 -0.04204866  0.12925676  0.16859879
  -0.05985309  0.02260574 -0.00608592 -0.03428479  0.15549676 -0.11862203
  -0.06436794  0.18591574 -0.12066026  0.00244017  0.11439171  0.00817952
  -0.03830388  0.06774082  0.16550298  0.1878492  -0.01936582  0.09581118
  -0.06387387  0.06538786 -0.09385996 -0.04661249 -0.00676923 -0.08181375
  -0.05922873 -0.02731858  0.00822052  0.08239606  0.09242266 -0.02539339
   0.22432047 -0.05075379  0.04377408 -0.06488123  0.03046842 -0.10056786
  -0.07510982  0.11189752 -0.00186673 -0.07428268 -0.01395189 -0.06309406
  -0.0645745  -0.01921656 -0.11269207 -0.0095643   0.12674202 -0.05698393
   0.07660019 -0.01641273 -0.12975574  0.06104643  0.11400095 -0.06945897
  -0.02942031 -0.08145194  0.26058227  0.06192998 -0.0791987   0.15954123
  -0.01328518 -0.05516611 -0.05623414 -0.03774678  0.16614638 -0.0495108
   0.01134817 -0.00494414  0.15326448  0.0145291  -0.08388002 -0.07305034
   0.0838904  -0.08497413  0.00625546 -0.01338506 -0.0993584   0.09264993
  -0.09362525 -0.02998128  0.02141144  0.06075543  0.04320074 -0.06156129
  -0.00996822  0.19731636  0.16305904 -0.05190825  0.09267364 -0.07986406
   0.1012824  -0.09082276 -0.09719141  0.13431586 -0.03938655 -0.0787214
  -0.02201617  0.09065301  0.02394265  0.02702848 -0.07739054 -0.0436094
  -0.07942088  0.02824922 -0.09755047  0.15464559  0.03445354  0.15313862
  -0.05044273 -0.00770116 -0.07412314 -0.06371319  0.05149251  0.06480788
  -0.00635544 -0.10517645 -0.05635741 -0.07344404 -0.08979601 -0.03671262
  -0.06551412  0.14739168]
 [ 0.08016002 -0.03797703 -0.06058907 -0.16846898 -0.07568015  0.06153412
  -0.08042522 -0.04125636 -0.10113598  0.00351169 -0.09834707  0.00886893
  -0.08210813  0.10156494 -0.03525361  0.2630549  -0.10060617  0.09710229
  -0.05998894  0.12932219 -0.04890737  0.11797996 -0.1394046  -0.00140472
   0.13450855 -0.05535164  0.07472169  0.09109304  0.14727274 -0.06617183
  -0.0273455   0.11413896 -0.01391897 -0.14440955 -0.0436314   0.09307954
  -0.00720398 -0.09006149  0.11032469  0.01639949 -0.03231444 -0.02027167
  -0.109097    0.04100096 -0.06147307 -0.08232232  0.13290158 -0.07760742
  -0.03337993  0.02940629 -0.1062514  -0.00543645  0.17916928  0.05539668
   0.01550688 -0.01672009 -0.07732353  0.03191141  0.18152064 -0.083081
   0.11103191 -0.0464131   0.13409989 -0.08390261  0.19338389  0.08705364
   0.09047674  0.17463426 -0.06904083  0.06643061 -0.07646272  0.08566394
   0.05366766  0.02814523  0.0674287  -0.06409303 -0.0752901  -0.01756453
   0.0963257  -0.01474731 -0.06425013  0.07742269 -0.08117014 -0.04515699
   0.02008687 -0.13160555  0.02362121 -0.05753228  0.04877929  0.06992678
   0.13991354  0.00904922  0.04830039 -0.05983519  0.20154475 -0.07768097
  -0.08818886 -0.07499346 -0.09070359  0.0725223   0.08434265  0.08836139
  -0.03571107  0.08529808 -0.09679892  0.11790172 -0.07035991  0.12345251
   0.00041884  0.16287106 -0.06768499 -0.07637952  0.12505804 -0.07795997
   0.00676934 -0.0455799  -0.04529921 -0.03553677 -0.06649248  0.10534899
  -0.04851915  0.01116619  0.0018338  -0.07875995  0.02846635 -0.03459713
  -0.06575367 -0.073807  ]]
[[ 0.01557896 -0.06863511 -0.05245602 -0.04204866  0.12925676  0.16859879
  -0.05985309  0.02260574 -0.00608592 -0.03428479  0.15549676 -0.11862203
  -0.06436794  0.18591574 -0.12066026  0.00244017  0.11439171  0.00817952
  -0.03830388  0.06774082  0.16550298  0.1878492  -0.01936582  0.09581118
  -0.06387387  0.06538786 -0.09385996 -0.04661249 -0.00676923 -0.08181375
  -0.05922873 -0.02731858  0.00822052  0.08239606  0.09242266 -0.02539339
   0.22432047 -0.05075379  0.04377408 -0.06488123  0.03046842 -0.10056786
  -0.07510982  0.11189752 -0.00186673 -0.07428268 -0.01395189 -0.06309406
  -0.0645745  -0.01921656 -0.11269207 -0.0095643   0.12674202 -0.05698393
   0.07660019 -0.01641273 -0.12975574  0.06104643  0.11400095 -0.06945897
  -0.02942031 -0.08145194  0.26058227  0.06192998 -0.0791987   0.15954123
  -0.01328518 -0.05516611 -0.05623414 -0.03774678  0.16614638 -0.0495108
   0.01134817 -0.00494414  0.15326448  0.0145291  -0.08388002 -0.07305034
   0.0838904  -0.08497413  0.00625546 -0.01338506 -0.0993584   0.09264993
  -0.09362525 -0.02998128  0.02141144  0.06075543  0.04320074 -0.06156129
  -0.00996822  0.19731636  0.16305904 -0.05190825  0.09267364 -0.07986406
   0.1012824  -0.09082276 -0.09719141  0.13431586 -0.03938655 -0.0787214
  -0.02201617  0.09065301  0.02394265  0.02702848 -0.07739054 -0.0436094
  -0.07942088  0.02824922 -0.09755047  0.15464559  0.03445354  0.15313862
  -0.05044273 -0.00770116 -0.07412314 -0.06371319  0.05149251  0.06480788
  -0.00635544 -0.10517645 -0.05635741 -0.07344404 -0.08979601 -0.03671262
  -0.06551412  0.14739168]
 [ 0.08016002 -0.03797703 -0.06058907 -0.16846898 -0.07568015  0.06153412
  -0.08042522 -0.04125636 -0.10113598  0.00351169 -0.09834707  0.00886893
  -0.08210813  0.10156494 -0.03525361  0.2630549  -0.10060617  0.09710229
  -0.05998894  0.12932219 -0.04890737  0.11797996 -0.1394046  -0.00140472
   0.13450855 -0.05535164  0.07472169  0.09109304  0.14727274 -0.06617183
  -0.0273455   0.11413896 -0.01391897 -0.14440955 -0.0436314   0.09307954
  -0.00720398 -0.09006149  0.11032469  0.01639949 -0.03231444 -0.02027167
  -0.109097    0.04100096 -0.06147307 -0.08232232  0.13290158 -0.07760742
  -0.03337993  0.02940629 -0.1062514  -0.00543645  0.17916928  0.05539668
   0.01550688 -0.01672009 -0.07732353  0.03191141  0.18152064 -0.083081
   0.11103191 -0.0464131   0.13409989 -0.08390261  0.19338389  0.08705364
   0.09047674  0.17463426 -0.06904083  0.06643061 -0.07646272  0.08566394
   0.05366766  0.02814523  0.0674287  -0.06409303 -0.0752901  -0.01756453
   0.0963257  -0.01474731 -0.06425013  0.07742269 -0.08117014 -0.04515699
   0.02008687 -0.13160555  0.02362121 -0.05753228  0.04877929  0.06992678
   0.13991354  0.00904922  0.04830039 -0.05983519  0.20154475 -0.07768097
  -0.08818886 -0.07499346 -0.09070359  0.0725223   0.08434265  0.08836139
  -0.03571107  0.08529808 -0.09679892  0.11790172 -0.07035991  0.12345251
   0.00041884  0.16287106 -0.06768499 -0.07637952  0.12505804 -0.07795997
   0.00676934 -0.0455799  -0.04529921 -0.03553677 -0.06649248  0.10534899
  -0.04851915  0.01116619  0.0018338  -0.07875995  0.02846635 -0.03459713
  -0.06575367 -0.073807  ]]
