[[ 0.0986923  -0.07634208 -0.152791   -0.25099465 -0.02321186  0.04333881
  -0.09023128 -0.01605885 -0.1146425  -0.04383249 -0.07256467 -0.10548148
  -0.08687538  0.04288158 -0.00142435  0.05229843 -0.11627225 -0.00055432
  -0.05645502 -0.02685071  0.13361429  0.22506683 -0.01623923 -0.07440535
   0.11888567 -0.07932153  0.08070099 -0.02382867  0.04499638 -0.07011152
  -0.07403595  0.00058062 -0.07397425 -0.02720617  0.04303292  0.07044399
  -0.10252766 -0.10012981  0.21492289  0.14536482 -0.07513884 -0.07704432
  -0.11255705  0.20138684 -0.06108753 -0.00513712  0.0364977  -0.07482431
  -0.0450721  -0.05494468 -0.14291373 -0.08186834  0.14417219 -0.04498273
   0.00690954  0.10125026 -0.12046541  0.05823321  0.15015174 -0.11515906
   0.10548411  0.03592912  0.16415483 -0.10921635  0.06708776 -0.05469136
   0.05311175  0.08841167 -0.11451985  0.11237455 -0.04142151  0.07438396
   0.0174391  -0.023889    0.07539535 -0.05910528 -0.05058844 -0.00818904
   0.03271643  0.05581583 -0.07338171 -0.07954491 -0.11008634  0.04919393
  -0.04699833 -0.09900698 -0.02485049  0.07347728  0.16317783 -0.10980505
   0.11742526  0.11022981  0.0773947  -0.088912    0.07188537 -0.08484086
  -0.03768061 -0.11048297 -0.12011848  0.11454589 -0.03043167  0.0494203
   0.00822082  0.179584   -0.07124402 -0.04594171 -0.09747266  0.02103973
  -0.00717991  0.09830731 -0.04725191  0.05150301  0.06623597 -0.06072751
  -0.07849997  0.03628561 -0.04011308 -0.08252867 -0.0769787  -0.04723486
  -0.05262588  0.0110942   0.00855179 -0.07554355  0.06268915  0.00539205
  -0.00267702 -0.09404851]
 [ 0.08622477 -0.07744101 -0.09345077 -0.07399017  0.05670412  0.14905983
  -0.0113493   0.05121481 -0.05297303 -0.03247431  0.14586365 -0.09794088
  -0.10535881  0.17337598 -0.12091883 -0.01157081  0.08174     0.01637421
  -0.10004325  0.03179485  0.16416448  0.16749169 -0.02764414  0.09330867
  -0.04315485  0.11482189 -0.07329933 -0.02223383 -0.02635742 -0.07213333
  -0.07204527 -0.04941547  0.00455462  0.09038098  0.06825745 -0.01375255
   0.15661238  0.01990816  0.0032277  -0.01524795  0.02021032 -0.1091666
  -0.03576646  0.09457066  0.03072822 -0.05771122  0.07975826 -0.08928658
  -0.07246029 -0.02905794 -0.10589154 -0.0282976   0.09267547 -0.04899071
   0.10102164  0.04247951 -0.12157113  0.02909875  0.13044974 -0.07013499
  -0.07002745 -0.02943535  0.2326901   0.03508204 -0.03284273  0.15883712
  -0.02533684 -0.06099144 -0.06061408 -0.07971261  0.18694124 -0.0724589
   0.02676112 -0.01411602  0.15695876  0.06670089 -0.07601059 -0.07041437
   0.0170626  -0.06546953 -0.01095368  0.04531791 -0.09264681  0.05635344
  -0.10631108  0.01434845  0.05659567  0.08105861  0.08719049 -0.09778119
  -0.01988843  0.23371615  0.11078835 -0.03392528  0.06831316 -0.11022378
   0.09415992 -0.07957823 -0.11772703  0.14407505 -0.03813077 -0.07705118
  -0.02510116  0.08239524  0.04819539  0.07531376 -0.08281495 -0.01496404
  -0.08493315 -0.02109747 -0.09897765  0.17799482  0.06972789  0.18383831
  -0.02037188  0.002667   -0.06344143 -0.08886847  0.0591062   0.11248365
   0.04007179 -0.07251509 -0.09987223 -0.06837803 -0.06618753 -0.01404545
  -0.03442229  0.17422159]
 [ 0.12345807 -0.08694939 -0.10821316 -0.20408003 -0.08650351  0.07189316
  -0.09053943 -0.07691984 -0.11248026  0.01330259 -0.10292962 -0.00951516
  -0.08518904  0.12213801 -0.0541949   0.22346118 -0.10499617  0.02683684
  -0.07175641  0.08809479 -0.0582405   0.02935122 -0.17832969  0.04935772
   0.08166433 -0.06595118  0.11827528  0.04332967  0.17463924 -0.07499266
  -0.0781325   0.0613023   0.06035831 -0.05413053 -0.07611412 -0.02043829
   0.04724572 -0.09549159  0.10053187 -0.02259789 -0.02876438 -0.06687977
  -0.09346154 -0.04180193 -0.0565297  -0.09706334  0.14544912 -0.08634677
  -0.08088269  0.03189055 -0.11944409 -0.00986482  0.1387063  -0.03678683
   0.02747877  0.00049637  0.0025454   0.03045253  0.14955258 -0.08589509
   0.06918256 -0.03223197  0.18341847 -0.10066923  0.1822358   0.13392076
   0.09685212  0.14965692 -0.08756131  0.01093856 -0.07060748  0.1081023
   0.04069759  0.09691922  0.03146577 -0.07010675 -0.09149189 -0.04692972
   0.02416436 -0.07943654 -0.067045    0.1767731  -0.08827216 -0.06930091
  -0.04747292 -0.07517257 -0.03313904  0.00598244  0.03025219  0.1359321
   0.06862104  0.01298721 -0.04870242 -0.06509932  0.14048147 -0.07441515
  -0.07946698 -0.08047941 -0.08891243  0.06257792  0.02412419  0.10402306
  -0.05545202  0.02295986 -0.06170985  0.13697039 -0.06834397  0.07690968
   0.06540716  0.09657998 -0.08380033 -0.03402953  0.11045577 -0.07003661
   0.03117405 -0.02373716 -0.0585424  -0.06947493 -0.0149505   0.21452183
  -0.01475116 -0.02188054 -0.07102704 -0.07925792  0.06894933  0.00893878
  -0.06501026 -0.05541155]]
[[ 0.0986923  -0.07634208 -0.152791   -0.25099465 -0.02321186  0.04333881
  -0.09023128 -0.01605885 -0.1146425  -0.04383249 -0.07256467 -0.10548148
  -0.08687538  0.04288158 -0.00142435  0.05229843 -0.11627225 -0.00055432
  -0.05645502 -0.02685071  0.13361429  0.22506683 -0.01623923 -0.07440535
   0.11888567 -0.07932153  0.08070099 -0.02382867  0.04499638 -0.07011152
  -0.07403595  0.00058062 -0.07397425 -0.02720617  0.04303292  0.07044399
  -0.10252766 -0.10012981  0.21492289  0.14536482 -0.07513884 -0.07704432
  -0.11255705  0.20138684 -0.06108753 -0.00513712  0.0364977  -0.07482431
  -0.0450721  -0.05494468 -0.14291373 -0.08186834  0.14417219 -0.04498273
   0.00690954  0.10125026 -0.12046541  0.05823321  0.15015174 -0.11515906
   0.10548411  0.03592912  0.16415483 -0.10921635  0.06708776 -0.05469136
   0.05311175  0.08841167 -0.11451985  0.11237455 -0.04142151  0.07438396
   0.0174391  -0.023889    0.07539535 -0.05910528 -0.05058844 -0.00818904
   0.03271643  0.05581583 -0.07338171 -0.07954491 -0.11008634  0.04919393
  -0.04699833 -0.09900698 -0.02485049  0.07347728  0.16317783 -0.10980505
   0.11742526  0.11022981  0.0773947  -0.088912    0.07188537 -0.08484086
  -0.03768061 -0.11048297 -0.12011848  0.11454589 -0.03043167  0.0494203
   0.00822082  0.179584   -0.07124402 -0.04594171 -0.09747266  0.02103973
  -0.00717991  0.09830731 -0.04725191  0.05150301  0.06623597 -0.06072751
  -0.07849997  0.03628561 -0.04011308 -0.08252867 -0.0769787  -0.04723486
  -0.05262588  0.0110942   0.00855179 -0.07554355  0.06268915  0.00539205
  -0.00267702 -0.09404851]
 [ 0.08622477 -0.07744101 -0.09345077 -0.07399017  0.05670412  0.14905983
  -0.0113493   0.05121481 -0.05297303 -0.03247431  0.14586365 -0.09794088
  -0.10535881  0.17337598 -0.12091883 -0.01157081  0.08174     0.01637421
  -0.10004325  0.03179485  0.16416448  0.16749169 -0.02764414  0.09330867
  -0.04315485  0.11482189 -0.07329933 -0.02223383 -0.02635742 -0.07213333
  -0.07204527 -0.04941547  0.00455462  0.09038098  0.06825745 -0.01375255
   0.15661238  0.01990816  0.0032277  -0.01524795  0.02021032 -0.1091666
  -0.03576646  0.09457066  0.03072822 -0.05771122  0.07975826 -0.08928658
  -0.07246029 -0.02905794 -0.10589154 -0.0282976   0.09267547 -0.04899071
   0.10102164  0.04247951 -0.12157113  0.02909875  0.13044974 -0.07013499
  -0.07002745 -0.02943535  0.2326901   0.03508204 -0.03284273  0.15883712
  -0.02533684 -0.06099144 -0.06061408 -0.07971261  0.18694124 -0.0724589
   0.02676112 -0.01411602  0.15695876  0.06670089 -0.07601059 -0.07041437
   0.0170626  -0.06546953 -0.01095368  0.04531791 -0.09264681  0.05635344
  -0.10631108  0.01434845  0.05659567  0.08105861  0.08719049 -0.09778119
  -0.01988843  0.23371615  0.11078835 -0.03392528  0.06831316 -0.11022378
   0.09415992 -0.07957823 -0.11772703  0.14407505 -0.03813077 -0.07705118
  -0.02510116  0.08239524  0.04819539  0.07531376 -0.08281495 -0.01496404
  -0.08493315 -0.02109747 -0.09897765  0.17799482  0.06972789  0.18383831
  -0.02037188  0.002667   -0.06344143 -0.08886847  0.0591062   0.11248365
   0.04007179 -0.07251509 -0.09987223 -0.06837803 -0.06618753 -0.01404545
  -0.03442229  0.17422159]
 [ 0.12345807 -0.08694939 -0.10821316 -0.20408003 -0.08650351  0.07189316
  -0.09053943 -0.07691984 -0.11248026  0.01330259 -0.10292962 -0.00951516
  -0.08518904  0.12213801 -0.0541949   0.22346118 -0.10499617  0.02683684
  -0.07175641  0.08809479 -0.0582405   0.02935122 -0.17832969  0.04935772
   0.08166433 -0.06595118  0.11827528  0.04332967  0.17463924 -0.07499266
  -0.0781325   0.0613023   0.06035831 -0.05413053 -0.07611412 -0.02043829
   0.04724572 -0.09549159  0.10053187 -0.02259789 -0.02876438 -0.06687977
  -0.09346154 -0.04180193 -0.0565297  -0.09706334  0.14544912 -0.08634677
  -0.08088269  0.03189055 -0.11944409 -0.00986482  0.1387063  -0.03678683
   0.02747877  0.00049637  0.0025454   0.03045253  0.14955258 -0.08589509
   0.06918256 -0.03223197  0.18341847 -0.10066923  0.1822358   0.13392076
   0.09685212  0.14965692 -0.08756131  0.01093856 -0.07060748  0.1081023
   0.04069759  0.09691922  0.03146577 -0.07010675 -0.09149189 -0.04692972
   0.02416436 -0.07943654 -0.067045    0.1767731  -0.08827216 -0.06930091
  -0.04747292 -0.07517257 -0.03313904  0.00598244  0.03025219  0.1359321
   0.06862104  0.01298721 -0.04870242 -0.06509932  0.14048147 -0.07441515
  -0.07946698 -0.08047941 -0.08891243  0.06257792  0.02412419  0.10402306
  -0.05545202  0.02295986 -0.06170985  0.13697039 -0.06834397  0.07690968
   0.06540716  0.09657998 -0.08380033 -0.03402953  0.11045577 -0.07003661
   0.03117405 -0.02373716 -0.0585424  -0.06947493 -0.0149505   0.21452183
  -0.01475116 -0.02188054 -0.07102704 -0.07925792  0.06894933  0.00893878
  -0.06501026 -0.05541155]]
[[ 0.0986923  -0.07634208 -0.152791   -0.25099465 -0.02321186  0.04333881
  -0.09023128 -0.01605885 -0.1146425  -0.04383249 -0.07256467 -0.10548148
  -0.08687538  0.04288158 -0.00142435  0.05229843 -0.11627225 -0.00055432
  -0.05645502 -0.02685071  0.13361429  0.22506683 -0.01623923 -0.07440535
   0.11888567 -0.07932153  0.08070099 -0.02382867  0.04499638 -0.07011152
  -0.07403595  0.00058062 -0.07397425 -0.02720617  0.04303292  0.07044399
  -0.10252766 -0.10012981  0.21492289  0.14536482 -0.07513884 -0.07704432
  -0.11255705  0.20138684 -0.06108753 -0.00513712  0.0364977  -0.07482431
  -0.0450721  -0.05494468 -0.14291373 -0.08186834  0.14417219 -0.04498273
   0.00690954  0.10125026 -0.12046541  0.05823321  0.15015174 -0.11515906
   0.10548411  0.03592912  0.16415483 -0.10921635  0.06708776 -0.05469136
   0.05311175  0.08841167 -0.11451985  0.11237455 -0.04142151  0.07438396
   0.0174391  -0.023889    0.07539535 -0.05910528 -0.05058844 -0.00818904
   0.03271643  0.05581583 -0.07338171 -0.07954491 -0.11008634  0.04919393
  -0.04699833 -0.09900698 -0.02485049  0.07347728  0.16317783 -0.10980505
   0.11742526  0.11022981  0.0773947  -0.088912    0.07188537 -0.08484086
  -0.03768061 -0.11048297 -0.12011848  0.11454589 -0.03043167  0.0494203
   0.00822082  0.179584   -0.07124402 -0.04594171 -0.09747266  0.02103973
  -0.00717991  0.09830731 -0.04725191  0.05150301  0.06623597 -0.06072751
  -0.07849997  0.03628561 -0.04011308 -0.08252867 -0.0769787  -0.04723486
  -0.05262588  0.0110942   0.00855179 -0.07554355  0.06268915  0.00539205
  -0.00267702 -0.09404851]
 [ 0.08622477 -0.07744101 -0.09345077 -0.07399017  0.05670412  0.14905983
  -0.0113493   0.05121481 -0.05297303 -0.03247431  0.14586365 -0.09794088
  -0.10535881  0.17337598 -0.12091883 -0.01157081  0.08174     0.01637421
  -0.10004325  0.03179485  0.16416448  0.16749169 -0.02764414  0.09330867
  -0.04315485  0.11482189 -0.07329933 -0.02223383 -0.02635742 -0.07213333
  -0.07204527 -0.04941547  0.00455462  0.09038098  0.06825745 -0.01375255
   0.15661238  0.01990816  0.0032277  -0.01524795  0.02021032 -0.1091666
  -0.03576646  0.09457066  0.03072822 -0.05771122  0.07975826 -0.08928658
  -0.07246029 -0.02905794 -0.10589154 -0.0282976   0.09267547 -0.04899071
   0.10102164  0.04247951 -0.12157113  0.02909875  0.13044974 -0.07013499
  -0.07002745 -0.02943535  0.2326901   0.03508204 -0.03284273  0.15883712
  -0.02533684 -0.06099144 -0.06061408 -0.07971261  0.18694124 -0.0724589
   0.02676112 -0.01411602  0.15695876  0.06670089 -0.07601059 -0.07041437
   0.0170626  -0.06546953 -0.01095368  0.04531791 -0.09264681  0.05635344
  -0.10631108  0.01434845  0.05659567  0.08105861  0.08719049 -0.09778119
  -0.01988843  0.23371615  0.11078835 -0.03392528  0.06831316 -0.11022378
   0.09415992 -0.07957823 -0.11772703  0.14407505 -0.03813077 -0.07705118
  -0.02510116  0.08239524  0.04819539  0.07531376 -0.08281495 -0.01496404
  -0.08493315 -0.02109747 -0.09897765  0.17799482  0.06972789  0.18383831
  -0.02037188  0.002667   -0.06344143 -0.08886847  0.0591062   0.11248365
   0.04007179 -0.07251509 -0.09987223 -0.06837803 -0.06618753 -0.01404545
  -0.03442229  0.17422159]
 [ 0.12345807 -0.08694939 -0.10821316 -0.20408003 -0.08650351  0.07189316
  -0.09053943 -0.07691984 -0.11248026  0.01330259 -0.10292962 -0.00951516
  -0.08518904  0.12213801 -0.0541949   0.22346118 -0.10499617  0.02683684
  -0.07175641  0.08809479 -0.0582405   0.02935122 -0.17832969  0.04935772
   0.08166433 -0.06595118  0.11827528  0.04332967  0.17463924 -0.07499266
  -0.0781325   0.0613023   0.06035831 -0.05413053 -0.07611412 -0.02043829
   0.04724572 -0.09549159  0.10053187 -0.02259789 -0.02876438 -0.06687977
  -0.09346154 -0.04180193 -0.0565297  -0.09706334  0.14544912 -0.08634677
  -0.08088269  0.03189055 -0.11944409 -0.00986482  0.1387063  -0.03678683
   0.02747877  0.00049637  0.0025454   0.03045253  0.14955258 -0.08589509
   0.06918256 -0.03223197  0.18341847 -0.10066923  0.1822358   0.13392076
   0.09685212  0.14965692 -0.08756131  0.01093856 -0.07060748  0.1081023
   0.04069759  0.09691922  0.03146577 -0.07010675 -0.09149189 -0.04692972
   0.02416436 -0.07943654 -0.067045    0.1767731  -0.08827216 -0.06930091
  -0.04747292 -0.07517257 -0.03313904  0.00598244  0.03025219  0.1359321
   0.06862104  0.01298721 -0.04870242 -0.06509932  0.14048147 -0.07441515
  -0.07946698 -0.08047941 -0.08891243  0.06257792  0.02412419  0.10402306
  -0.05545202  0.02295986 -0.06170985  0.13697039 -0.06834397  0.07690968
   0.06540716  0.09657998 -0.08380033 -0.03402953  0.11045577 -0.07003661
   0.03117405 -0.02373716 -0.0585424  -0.06947493 -0.0149505   0.21452183
  -0.01475116 -0.02188054 -0.07102704 -0.07925792  0.06894933  0.00893878
  -0.06501026 -0.05541155]]
[[ 0.0986923  -0.07634208 -0.152791   -0.25099465 -0.02321186  0.04333881
  -0.09023128 -0.01605885 -0.1146425  -0.04383249 -0.07256467 -0.10548148
  -0.08687538  0.04288158 -0.00142435  0.05229843 -0.11627225 -0.00055432
  -0.05645502 -0.02685071  0.13361429  0.22506683 -0.01623923 -0.07440535
   0.11888567 -0.07932153  0.08070099 -0.02382867  0.04499638 -0.07011152
  -0.07403595  0.00058062 -0.07397425 -0.02720617  0.04303292  0.07044399
  -0.10252766 -0.10012981  0.21492289  0.14536482 -0.07513884 -0.07704432
  -0.11255705  0.20138684 -0.06108753 -0.00513712  0.0364977  -0.07482431
  -0.0450721  -0.05494468 -0.14291373 -0.08186834  0.14417219 -0.04498273
   0.00690954  0.10125026 -0.12046541  0.05823321  0.15015174 -0.11515906
   0.10548411  0.03592912  0.16415483 -0.10921635  0.06708776 -0.05469136
   0.05311175  0.08841167 -0.11451985  0.11237455 -0.04142151  0.07438396
   0.0174391  -0.023889    0.07539535 -0.05910528 -0.05058844 -0.00818904
   0.03271643  0.05581583 -0.07338171 -0.07954491 -0.11008634  0.04919393
  -0.04699833 -0.09900698 -0.02485049  0.07347728  0.16317783 -0.10980505
   0.11742526  0.11022981  0.0773947  -0.088912    0.07188537 -0.08484086
  -0.03768061 -0.11048297 -0.12011848  0.11454589 -0.03043167  0.0494203
   0.00822082  0.179584   -0.07124402 -0.04594171 -0.09747266  0.02103973
  -0.00717991  0.09830731 -0.04725191  0.05150301  0.06623597 -0.06072751
  -0.07849997  0.03628561 -0.04011308 -0.08252867 -0.0769787  -0.04723486
  -0.05262588  0.0110942   0.00855179 -0.07554355  0.06268915  0.00539205
  -0.00267702 -0.09404851]
 [ 0.08622477 -0.07744101 -0.09345077 -0.07399017  0.05670412  0.14905983
  -0.0113493   0.05121481 -0.05297303 -0.03247431  0.14586365 -0.09794088
  -0.10535881  0.17337598 -0.12091883 -0.01157081  0.08174     0.01637421
  -0.10004325  0.03179485  0.16416448  0.16749169 -0.02764414  0.09330867
  -0.04315485  0.11482189 -0.07329933 -0.02223383 -0.02635742 -0.07213333
  -0.07204527 -0.04941547  0.00455462  0.09038098  0.06825745 -0.01375255
   0.15661238  0.01990816  0.0032277  -0.01524795  0.02021032 -0.1091666
  -0.03576646  0.09457066  0.03072822 -0.05771122  0.07975826 -0.08928658
  -0.07246029 -0.02905794 -0.10589154 -0.0282976   0.09267547 -0.04899071
   0.10102164  0.04247951 -0.12157113  0.02909875  0.13044974 -0.07013499
  -0.07002745 -0.02943535  0.2326901   0.03508204 -0.03284273  0.15883712
  -0.02533684 -0.06099144 -0.06061408 -0.07971261  0.18694124 -0.0724589
   0.02676112 -0.01411602  0.15695876  0.06670089 -0.07601059 -0.07041437
   0.0170626  -0.06546953 -0.01095368  0.04531791 -0.09264681  0.05635344
  -0.10631108  0.01434845  0.05659567  0.08105861  0.08719049 -0.09778119
  -0.01988843  0.23371615  0.11078835 -0.03392528  0.06831316 -0.11022378
   0.09415992 -0.07957823 -0.11772703  0.14407505 -0.03813077 -0.07705118
  -0.02510116  0.08239524  0.04819539  0.07531376 -0.08281495 -0.01496404
  -0.08493315 -0.02109747 -0.09897765  0.17799482  0.06972789  0.18383831
  -0.02037188  0.002667   -0.06344143 -0.08886847  0.0591062   0.11248365
   0.04007179 -0.07251509 -0.09987223 -0.06837803 -0.06618753 -0.01404545
  -0.03442229  0.17422159]
 [ 0.12345807 -0.08694939 -0.10821316 -0.20408003 -0.08650351  0.07189316
  -0.09053943 -0.07691984 -0.11248026  0.01330259 -0.10292962 -0.00951516
  -0.08518904  0.12213801 -0.0541949   0.22346118 -0.10499617  0.02683684
  -0.07175641  0.08809479 -0.0582405   0.02935122 -0.17832969  0.04935772
   0.08166433 -0.06595118  0.11827528  0.04332967  0.17463924 -0.07499266
  -0.0781325   0.0613023   0.06035831 -0.05413053 -0.07611412 -0.02043829
   0.04724572 -0.09549159  0.10053187 -0.02259789 -0.02876438 -0.06687977
  -0.09346154 -0.04180193 -0.0565297  -0.09706334  0.14544912 -0.08634677
  -0.08088269  0.03189055 -0.11944409 -0.00986482  0.1387063  -0.03678683
   0.02747877  0.00049637  0.0025454   0.03045253  0.14955258 -0.08589509
   0.06918256 -0.03223197  0.18341847 -0.10066923  0.1822358   0.13392076
   0.09685212  0.14965692 -0.08756131  0.01093856 -0.07060748  0.1081023
   0.04069759  0.09691922  0.03146577 -0.07010675 -0.09149189 -0.04692972
   0.02416436 -0.07943654 -0.067045    0.1767731  -0.08827216 -0.06930091
  -0.04747292 -0.07517257 -0.03313904  0.00598244  0.03025219  0.1359321
   0.06862104  0.01298721 -0.04870242 -0.06509932  0.14048147 -0.07441515
  -0.07946698 -0.08047941 -0.08891243  0.06257792  0.02412419  0.10402306
  -0.05545202  0.02295986 -0.06170985  0.13697039 -0.06834397  0.07690968
   0.06540716  0.09657998 -0.08380033 -0.03402953  0.11045577 -0.07003661
   0.03117405 -0.02373716 -0.0585424  -0.06947493 -0.0149505   0.21452183
  -0.01475116 -0.02188054 -0.07102704 -0.07925792  0.06894933  0.00893878
  -0.06501026 -0.05541155]]
