[[ 3.61380875e-02 -5.29107079e-02 -2.54733805e-02 -1.53877754e-02
   5.96729070e-02  1.95029959e-01 -2.87336707e-02  2.69864071e-02
  -5.56708388e-02 -5.89638464e-02  1.37548953e-01 -1.11161701e-01
  -1.22580528e-01  1.65102214e-01 -1.28240734e-01 -2.36456953e-02
   1.10201582e-01 -2.96585951e-02 -9.20093879e-02  7.47176856e-02
   1.99714348e-01  1.09949209e-01 -3.46678607e-02  5.81196658e-02
  -4.94529270e-02  1.58448845e-01 -8.87744799e-02  1.09863188e-02
  -5.88511378e-02 -7.52414763e-02 -7.61628896e-02 -3.11323311e-02
  -2.12499350e-02  7.04245940e-02  6.94167838e-02 -2.09823567e-02
   1.71283588e-01  3.40099372e-02 -1.61082540e-02 -5.90853672e-03
   6.41945451e-02 -1.07690878e-01 -8.40082392e-02  6.33573309e-02
  -1.43521791e-02 -6.81590959e-02  2.91291066e-03 -8.31210390e-02
  -7.19468072e-02 -3.77956331e-02 -9.36321616e-02  1.42549472e-02
   6.83006132e-03 -4.96842451e-02  1.41647622e-01  5.20114275e-03
  -1.20274574e-01  4.11966778e-02  1.17979534e-01 -5.13175270e-03
  -8.96301195e-02 -7.82460496e-02  2.08008975e-01  8.26084986e-02
  -2.88828276e-02  7.31965825e-02  1.10429619e-02 -6.72724247e-02
  -2.04724222e-02 -8.55924785e-02  2.08251208e-01 -5.34267575e-02
  -2.99272947e-02 -1.11003146e-02  1.36217639e-01  2.94181108e-02
  -7.06534013e-02 -7.55732805e-02 -1.00835282e-02 -6.09543584e-02
  -2.40614731e-02  3.98151157e-03 -8.43041167e-02  8.22053626e-02
  -1.09049745e-01 -2.23158568e-04  1.15677938e-01  2.17047501e-02
   8.94266441e-02 -1.15056753e-01  6.55808160e-03  1.82353050e-01
   6.86920136e-02 -1.10561000e-02  6.49933442e-02 -1.00491516e-01
   1.25070989e-01 -7.93931112e-02 -1.09736234e-01  1.36845738e-01
  -2.04796623e-02 -8.95135030e-02 -1.19945835e-02  7.50253648e-02
  -2.46108286e-02  4.92364988e-02 -9.38910842e-02 -2.98816543e-02
  -9.96604264e-02 -6.50839182e-03 -9.87411737e-02  2.16994494e-01
   3.18055525e-02  1.74266562e-01 -3.83352824e-02  3.90626583e-03
  -7.18579143e-02 -9.07086730e-02  7.28052706e-02  1.14316478e-01
   2.38847528e-02 -6.27378523e-02 -8.00108537e-02 -5.62491007e-02
  -8.91042277e-02 -2.73732748e-02 -7.21037611e-02  2.33159930e-01]
 [ 9.35870782e-02 -8.74303952e-02 -1.06183179e-01 -1.96507886e-01
  -8.18571076e-02  5.11512570e-02 -8.81550908e-02 -5.96293435e-02
  -1.11381494e-01 -2.61050928e-02 -9.71862003e-02 -1.47616696e-02
  -9.06620696e-02  1.37288868e-01 -6.33007064e-02  2.18026817e-01
  -8.86308923e-02  3.61138545e-02 -7.90365413e-02  1.04548216e-01
  -6.26326054e-02  9.54226479e-02 -1.61361307e-01  1.88523140e-02
   1.41465962e-01 -5.08386567e-02  5.67422509e-02  7.00249523e-02
   1.08878233e-01 -7.00089335e-02 -7.56219774e-02  5.46155237e-02
   2.91508809e-02 -8.69800299e-02 -6.61339834e-02  4.00634184e-02
   6.01273030e-02 -9.10952985e-02  7.82612562e-02 -1.95942894e-02
   1.96171063e-03 -7.20851570e-02 -1.02534518e-01  6.86779805e-03
  -5.25666289e-02 -9.77173299e-02  1.52097657e-01 -9.01944488e-02
  -7.03536496e-02  3.81593108e-02 -1.15086608e-01 -4.03523678e-03
   1.55495062e-01 -9.83647164e-03  3.14612500e-02 -6.22007251e-03
  -5.49868271e-02  3.40722241e-02  1.73795000e-01 -8.53224248e-02
   5.70364930e-02 -4.10233550e-02  1.94895327e-01 -8.68888721e-02
   1.94003507e-01  1.28913164e-01  5.45005389e-02  1.71173647e-01
  -8.18636417e-02 -1.33147100e-02 -6.07580692e-02  1.45379856e-01
   3.36089358e-02  8.95285010e-02  3.98785621e-02 -6.29301444e-02
  -9.33437571e-02 -3.96349393e-02  5.78409880e-02 -4.09203060e-02
  -6.61113933e-02  1.39446855e-01 -8.34361538e-02 -5.28048314e-02
  -5.32730334e-02 -9.95744988e-02  5.98912360e-03 -3.52149345e-02
   1.84385292e-02  1.29978359e-01  1.11784123e-01  7.05660582e-02
  -3.78754251e-02 -4.67226282e-02  1.80229396e-01 -5.14917597e-02
  -7.86948726e-02 -8.25180411e-02 -9.59236473e-02  6.29621670e-02
   4.82980460e-02  1.25819638e-01 -5.81027344e-02  4.02724817e-02
  -6.48635626e-02  9.70805809e-02 -6.01724423e-02  9.67252553e-02
   3.92238908e-02  1.39906853e-01 -8.86237398e-02 -5.82126789e-02
   6.88172355e-02 -6.24896400e-02  1.38499530e-03 -2.14264337e-02
  -6.13914914e-02 -7.02455789e-02 -4.43269871e-02  2.00546294e-01
  -1.38488486e-02 -8.02000705e-03 -7.17729852e-02 -7.94747844e-02
   5.71796484e-02 -1.17543573e-02 -7.14973360e-02 -5.18278517e-02]]
[[ 3.61380875e-02 -5.29107079e-02 -2.54733805e-02 -1.53877754e-02
   5.96729070e-02  1.95029959e-01 -2.87336707e-02  2.69864071e-02
  -5.56708388e-02 -5.89638464e-02  1.37548953e-01 -1.11161701e-01
  -1.22580528e-01  1.65102214e-01 -1.28240734e-01 -2.36456953e-02
   1.10201582e-01 -2.96585951e-02 -9.20093879e-02  7.47176856e-02
   1.99714348e-01  1.09949209e-01 -3.46678607e-02  5.81196658e-02
  -4.94529270e-02  1.58448845e-01 -8.87744799e-02  1.09863188e-02
  -5.88511378e-02 -7.52414763e-02 -7.61628896e-02 -3.11323311e-02
  -2.12499350e-02  7.04245940e-02  6.94167838e-02 -2.09823567e-02
   1.71283588e-01  3.40099372e-02 -1.61082540e-02 -5.90853672e-03
   6.41945451e-02 -1.07690878e-01 -8.40082392e-02  6.33573309e-02
  -1.43521791e-02 -6.81590959e-02  2.91291066e-03 -8.31210390e-02
  -7.19468072e-02 -3.77956331e-02 -9.36321616e-02  1.42549472e-02
   6.83006132e-03 -4.96842451e-02  1.41647622e-01  5.20114275e-03
  -1.20274574e-01  4.11966778e-02  1.17979534e-01 -5.13175270e-03
  -8.96301195e-02 -7.82460496e-02  2.08008975e-01  8.26084986e-02
  -2.88828276e-02  7.31965825e-02  1.10429619e-02 -6.72724247e-02
  -2.04724222e-02 -8.55924785e-02  2.08251208e-01 -5.34267575e-02
  -2.99272947e-02 -1.11003146e-02  1.36217639e-01  2.94181108e-02
  -7.06534013e-02 -7.55732805e-02 -1.00835282e-02 -6.09543584e-02
  -2.40614731e-02  3.98151157e-03 -8.43041167e-02  8.22053626e-02
  -1.09049745e-01 -2.23158568e-04  1.15677938e-01  2.17047501e-02
   8.94266441e-02 -1.15056753e-01  6.55808160e-03  1.82353050e-01
   6.86920136e-02 -1.10561000e-02  6.49933442e-02 -1.00491516e-01
   1.25070989e-01 -7.93931112e-02 -1.09736234e-01  1.36845738e-01
  -2.04796623e-02 -8.95135030e-02 -1.19945835e-02  7.50253648e-02
  -2.46108286e-02  4.92364988e-02 -9.38910842e-02 -2.98816543e-02
  -9.96604264e-02 -6.50839182e-03 -9.87411737e-02  2.16994494e-01
   3.18055525e-02  1.74266562e-01 -3.83352824e-02  3.90626583e-03
  -7.18579143e-02 -9.07086730e-02  7.28052706e-02  1.14316478e-01
   2.38847528e-02 -6.27378523e-02 -8.00108537e-02 -5.62491007e-02
  -8.91042277e-02 -2.73732748e-02 -7.21037611e-02  2.33159930e-01]
 [ 9.35870782e-02 -8.74303952e-02 -1.06183179e-01 -1.96507886e-01
  -8.18571076e-02  5.11512570e-02 -8.81550908e-02 -5.96293435e-02
  -1.11381494e-01 -2.61050928e-02 -9.71862003e-02 -1.47616696e-02
  -9.06620696e-02  1.37288868e-01 -6.33007064e-02  2.18026817e-01
  -8.86308923e-02  3.61138545e-02 -7.90365413e-02  1.04548216e-01
  -6.26326054e-02  9.54226479e-02 -1.61361307e-01  1.88523140e-02
   1.41465962e-01 -5.08386567e-02  5.67422509e-02  7.00249523e-02
   1.08878233e-01 -7.00089335e-02 -7.56219774e-02  5.46155237e-02
   2.91508809e-02 -8.69800299e-02 -6.61339834e-02  4.00634184e-02
   6.01273030e-02 -9.10952985e-02  7.82612562e-02 -1.95942894e-02
   1.96171063e-03 -7.20851570e-02 -1.02534518e-01  6.86779805e-03
  -5.25666289e-02 -9.77173299e-02  1.52097657e-01 -9.01944488e-02
  -7.03536496e-02  3.81593108e-02 -1.15086608e-01 -4.03523678e-03
   1.55495062e-01 -9.83647164e-03  3.14612500e-02 -6.22007251e-03
  -5.49868271e-02  3.40722241e-02  1.73795000e-01 -8.53224248e-02
   5.70364930e-02 -4.10233550e-02  1.94895327e-01 -8.68888721e-02
   1.94003507e-01  1.28913164e-01  5.45005389e-02  1.71173647e-01
  -8.18636417e-02 -1.33147100e-02 -6.07580692e-02  1.45379856e-01
   3.36089358e-02  8.95285010e-02  3.98785621e-02 -6.29301444e-02
  -9.33437571e-02 -3.96349393e-02  5.78409880e-02 -4.09203060e-02
  -6.61113933e-02  1.39446855e-01 -8.34361538e-02 -5.28048314e-02
  -5.32730334e-02 -9.95744988e-02  5.98912360e-03 -3.52149345e-02
   1.84385292e-02  1.29978359e-01  1.11784123e-01  7.05660582e-02
  -3.78754251e-02 -4.67226282e-02  1.80229396e-01 -5.14917597e-02
  -7.86948726e-02 -8.25180411e-02 -9.59236473e-02  6.29621670e-02
   4.82980460e-02  1.25819638e-01 -5.81027344e-02  4.02724817e-02
  -6.48635626e-02  9.70805809e-02 -6.01724423e-02  9.67252553e-02
   3.92238908e-02  1.39906853e-01 -8.86237398e-02 -5.82126789e-02
   6.88172355e-02 -6.24896400e-02  1.38499530e-03 -2.14264337e-02
  -6.13914914e-02 -7.02455789e-02 -4.43269871e-02  2.00546294e-01
  -1.38488486e-02 -8.02000705e-03 -7.17729852e-02 -7.94747844e-02
   5.71796484e-02 -1.17543573e-02 -7.14973360e-02 -5.18278517e-02]]
[[ 3.61380875e-02 -5.29107079e-02 -2.54733805e-02 -1.53877754e-02
   5.96729070e-02  1.95029959e-01 -2.87336707e-02  2.69864071e-02
  -5.56708388e-02 -5.89638464e-02  1.37548953e-01 -1.11161701e-01
  -1.22580528e-01  1.65102214e-01 -1.28240734e-01 -2.36456953e-02
   1.10201582e-01 -2.96585951e-02 -9.20093879e-02  7.47176856e-02
   1.99714348e-01  1.09949209e-01 -3.46678607e-02  5.81196658e-02
  -4.94529270e-02  1.58448845e-01 -8.87744799e-02  1.09863188e-02
  -5.88511378e-02 -7.52414763e-02 -7.61628896e-02 -3.11323311e-02
  -2.12499350e-02  7.04245940e-02  6.94167838e-02 -2.09823567e-02
   1.71283588e-01  3.40099372e-02 -1.61082540e-02 -5.90853672e-03
   6.41945451e-02 -1.07690878e-01 -8.40082392e-02  6.33573309e-02
  -1.43521791e-02 -6.81590959e-02  2.91291066e-03 -8.31210390e-02
  -7.19468072e-02 -3.77956331e-02 -9.36321616e-02  1.42549472e-02
   6.83006132e-03 -4.96842451e-02  1.41647622e-01  5.20114275e-03
  -1.20274574e-01  4.11966778e-02  1.17979534e-01 -5.13175270e-03
  -8.96301195e-02 -7.82460496e-02  2.08008975e-01  8.26084986e-02
  -2.88828276e-02  7.31965825e-02  1.10429619e-02 -6.72724247e-02
  -2.04724222e-02 -8.55924785e-02  2.08251208e-01 -5.34267575e-02
  -2.99272947e-02 -1.11003146e-02  1.36217639e-01  2.94181108e-02
  -7.06534013e-02 -7.55732805e-02 -1.00835282e-02 -6.09543584e-02
  -2.40614731e-02  3.98151157e-03 -8.43041167e-02  8.22053626e-02
  -1.09049745e-01 -2.23158568e-04  1.15677938e-01  2.17047501e-02
   8.94266441e-02 -1.15056753e-01  6.55808160e-03  1.82353050e-01
   6.86920136e-02 -1.10561000e-02  6.49933442e-02 -1.00491516e-01
   1.25070989e-01 -7.93931112e-02 -1.09736234e-01  1.36845738e-01
  -2.04796623e-02 -8.95135030e-02 -1.19945835e-02  7.50253648e-02
  -2.46108286e-02  4.92364988e-02 -9.38910842e-02 -2.98816543e-02
  -9.96604264e-02 -6.50839182e-03 -9.87411737e-02  2.16994494e-01
   3.18055525e-02  1.74266562e-01 -3.83352824e-02  3.90626583e-03
  -7.18579143e-02 -9.07086730e-02  7.28052706e-02  1.14316478e-01
   2.38847528e-02 -6.27378523e-02 -8.00108537e-02 -5.62491007e-02
  -8.91042277e-02 -2.73732748e-02 -7.21037611e-02  2.33159930e-01]
 [ 9.35870782e-02 -8.74303952e-02 -1.06183179e-01 -1.96507886e-01
  -8.18571076e-02  5.11512570e-02 -8.81550908e-02 -5.96293435e-02
  -1.11381494e-01 -2.61050928e-02 -9.71862003e-02 -1.47616696e-02
  -9.06620696e-02  1.37288868e-01 -6.33007064e-02  2.18026817e-01
  -8.86308923e-02  3.61138545e-02 -7.90365413e-02  1.04548216e-01
  -6.26326054e-02  9.54226479e-02 -1.61361307e-01  1.88523140e-02
   1.41465962e-01 -5.08386567e-02  5.67422509e-02  7.00249523e-02
   1.08878233e-01 -7.00089335e-02 -7.56219774e-02  5.46155237e-02
   2.91508809e-02 -8.69800299e-02 -6.61339834e-02  4.00634184e-02
   6.01273030e-02 -9.10952985e-02  7.82612562e-02 -1.95942894e-02
   1.96171063e-03 -7.20851570e-02 -1.02534518e-01  6.86779805e-03
  -5.25666289e-02 -9.77173299e-02  1.52097657e-01 -9.01944488e-02
  -7.03536496e-02  3.81593108e-02 -1.15086608e-01 -4.03523678e-03
   1.55495062e-01 -9.83647164e-03  3.14612500e-02 -6.22007251e-03
  -5.49868271e-02  3.40722241e-02  1.73795000e-01 -8.53224248e-02
   5.70364930e-02 -4.10233550e-02  1.94895327e-01 -8.68888721e-02
   1.94003507e-01  1.28913164e-01  5.45005389e-02  1.71173647e-01
  -8.18636417e-02 -1.33147100e-02 -6.07580692e-02  1.45379856e-01
   3.36089358e-02  8.95285010e-02  3.98785621e-02 -6.29301444e-02
  -9.33437571e-02 -3.96349393e-02  5.78409880e-02 -4.09203060e-02
  -6.61113933e-02  1.39446855e-01 -8.34361538e-02 -5.28048314e-02
  -5.32730334e-02 -9.95744988e-02  5.98912360e-03 -3.52149345e-02
   1.84385292e-02  1.29978359e-01  1.11784123e-01  7.05660582e-02
  -3.78754251e-02 -4.67226282e-02  1.80229396e-01 -5.14917597e-02
  -7.86948726e-02 -8.25180411e-02 -9.59236473e-02  6.29621670e-02
   4.82980460e-02  1.25819638e-01 -5.81027344e-02  4.02724817e-02
  -6.48635626e-02  9.70805809e-02 -6.01724423e-02  9.67252553e-02
   3.92238908e-02  1.39906853e-01 -8.86237398e-02 -5.82126789e-02
   6.88172355e-02 -6.24896400e-02  1.38499530e-03 -2.14264337e-02
  -6.13914914e-02 -7.02455789e-02 -4.43269871e-02  2.00546294e-01
  -1.38488486e-02 -8.02000705e-03 -7.17729852e-02 -7.94747844e-02
   5.71796484e-02 -1.17543573e-02 -7.14973360e-02 -5.18278517e-02]]
[[ 3.61380875e-02 -5.29107079e-02 -2.54733805e-02 -1.53877754e-02
   5.96729070e-02  1.95029959e-01 -2.87336707e-02  2.69864071e-02
  -5.56708388e-02 -5.89638464e-02  1.37548953e-01 -1.11161701e-01
  -1.22580528e-01  1.65102214e-01 -1.28240734e-01 -2.36456953e-02
   1.10201582e-01 -2.96585951e-02 -9.20093879e-02  7.47176856e-02
   1.99714348e-01  1.09949209e-01 -3.46678607e-02  5.81196658e-02
  -4.94529270e-02  1.58448845e-01 -8.87744799e-02  1.09863188e-02
  -5.88511378e-02 -7.52414763e-02 -7.61628896e-02 -3.11323311e-02
  -2.12499350e-02  7.04245940e-02  6.94167838e-02 -2.09823567e-02
   1.71283588e-01  3.40099372e-02 -1.61082540e-02 -5.90853672e-03
   6.41945451e-02 -1.07690878e-01 -8.40082392e-02  6.33573309e-02
  -1.43521791e-02 -6.81590959e-02  2.91291066e-03 -8.31210390e-02
  -7.19468072e-02 -3.77956331e-02 -9.36321616e-02  1.42549472e-02
   6.83006132e-03 -4.96842451e-02  1.41647622e-01  5.20114275e-03
  -1.20274574e-01  4.11966778e-02  1.17979534e-01 -5.13175270e-03
  -8.96301195e-02 -7.82460496e-02  2.08008975e-01  8.26084986e-02
  -2.88828276e-02  7.31965825e-02  1.10429619e-02 -6.72724247e-02
  -2.04724222e-02 -8.55924785e-02  2.08251208e-01 -5.34267575e-02
  -2.99272947e-02 -1.11003146e-02  1.36217639e-01  2.94181108e-02
  -7.06534013e-02 -7.55732805e-02 -1.00835282e-02 -6.09543584e-02
  -2.40614731e-02  3.98151157e-03 -8.43041167e-02  8.22053626e-02
  -1.09049745e-01 -2.23158568e-04  1.15677938e-01  2.17047501e-02
   8.94266441e-02 -1.15056753e-01  6.55808160e-03  1.82353050e-01
   6.86920136e-02 -1.10561000e-02  6.49933442e-02 -1.00491516e-01
   1.25070989e-01 -7.93931112e-02 -1.09736234e-01  1.36845738e-01
  -2.04796623e-02 -8.95135030e-02 -1.19945835e-02  7.50253648e-02
  -2.46108286e-02  4.92364988e-02 -9.38910842e-02 -2.98816543e-02
  -9.96604264e-02 -6.50839182e-03 -9.87411737e-02  2.16994494e-01
   3.18055525e-02  1.74266562e-01 -3.83352824e-02  3.90626583e-03
  -7.18579143e-02 -9.07086730e-02  7.28052706e-02  1.14316478e-01
   2.38847528e-02 -6.27378523e-02 -8.00108537e-02 -5.62491007e-02
  -8.91042277e-02 -2.73732748e-02 -7.21037611e-02  2.33159930e-01]
 [ 9.35870782e-02 -8.74303952e-02 -1.06183179e-01 -1.96507886e-01
  -8.18571076e-02  5.11512570e-02 -8.81550908e-02 -5.96293435e-02
  -1.11381494e-01 -2.61050928e-02 -9.71862003e-02 -1.47616696e-02
  -9.06620696e-02  1.37288868e-01 -6.33007064e-02  2.18026817e-01
  -8.86308923e-02  3.61138545e-02 -7.90365413e-02  1.04548216e-01
  -6.26326054e-02  9.54226479e-02 -1.61361307e-01  1.88523140e-02
   1.41465962e-01 -5.08386567e-02  5.67422509e-02  7.00249523e-02
   1.08878233e-01 -7.00089335e-02 -7.56219774e-02  5.46155237e-02
   2.91508809e-02 -8.69800299e-02 -6.61339834e-02  4.00634184e-02
   6.01273030e-02 -9.10952985e-02  7.82612562e-02 -1.95942894e-02
   1.96171063e-03 -7.20851570e-02 -1.02534518e-01  6.86779805e-03
  -5.25666289e-02 -9.77173299e-02  1.52097657e-01 -9.01944488e-02
  -7.03536496e-02  3.81593108e-02 -1.15086608e-01 -4.03523678e-03
   1.55495062e-01 -9.83647164e-03  3.14612500e-02 -6.22007251e-03
  -5.49868271e-02  3.40722241e-02  1.73795000e-01 -8.53224248e-02
   5.70364930e-02 -4.10233550e-02  1.94895327e-01 -8.68888721e-02
   1.94003507e-01  1.28913164e-01  5.45005389e-02  1.71173647e-01
  -8.18636417e-02 -1.33147100e-02 -6.07580692e-02  1.45379856e-01
   3.36089358e-02  8.95285010e-02  3.98785621e-02 -6.29301444e-02
  -9.33437571e-02 -3.96349393e-02  5.78409880e-02 -4.09203060e-02
  -6.61113933e-02  1.39446855e-01 -8.34361538e-02 -5.28048314e-02
  -5.32730334e-02 -9.95744988e-02  5.98912360e-03 -3.52149345e-02
   1.84385292e-02  1.29978359e-01  1.11784123e-01  7.05660582e-02
  -3.78754251e-02 -4.67226282e-02  1.80229396e-01 -5.14917597e-02
  -7.86948726e-02 -8.25180411e-02 -9.59236473e-02  6.29621670e-02
   4.82980460e-02  1.25819638e-01 -5.81027344e-02  4.02724817e-02
  -6.48635626e-02  9.70805809e-02 -6.01724423e-02  9.67252553e-02
   3.92238908e-02  1.39906853e-01 -8.86237398e-02 -5.82126789e-02
   6.88172355e-02 -6.24896400e-02  1.38499530e-03 -2.14264337e-02
  -6.13914914e-02 -7.02455789e-02 -4.43269871e-02  2.00546294e-01
  -1.38488486e-02 -8.02000705e-03 -7.17729852e-02 -7.94747844e-02
   5.71796484e-02 -1.17543573e-02 -7.14973360e-02 -5.18278517e-02]]
