[[ 0.05018705 -0.07200024 -0.04891844 -0.03296525  0.05879548  0.16307387
   0.00231181  0.00549487 -0.03834223 -0.02133083  0.10698754 -0.10363779
  -0.09500699  0.1974011  -0.11997426 -0.00136978  0.05047948  0.00950033
  -0.10457037  0.03255783  0.16842431  0.13219619 -0.06366377  0.15709881
  -0.0646001   0.12330823 -0.02595723 -0.01889321 -0.04242423 -0.07555871
  -0.06614855 -0.04200912 -0.01166294  0.08252162  0.04053155 -0.00783559
   0.19329694  0.00792177  0.03224727 -0.06835005 -0.00069316 -0.11256792
  -0.0422089   0.08156918  0.07069059 -0.05716222  0.07744151 -0.08145654
  -0.07466809 -0.01048008 -0.1152375  -0.01200794  0.0874837  -0.06101238
   0.08991556  0.08614052 -0.10125659 -0.01552959  0.11299759 -0.07466543
  -0.08701618  0.0104916   0.22552429  0.04769718 -0.02336313  0.16270913
  -0.00170123 -0.05979427 -0.05094995 -0.0731511   0.20359886 -0.08093359
   0.02343255 -0.00404607  0.1402804   0.03565634 -0.08240233 -0.06845823
  -0.02527915 -0.08400562 -0.03569895  0.06295366 -0.09642114  0.06085933
  -0.10029987  0.01025372  0.01017367  0.09183817  0.06745646 -0.09002396
  -0.0636517   0.21680915  0.09584527 -0.03858604  0.06619402 -0.08424107
   0.11057498 -0.08716489 -0.12101375  0.10268107 -0.04005072 -0.08214714
  -0.0333749   0.03482575  0.05517609  0.06505568 -0.070981   -0.01435598
  -0.08276688 -0.03263673 -0.10324432  0.19485617  0.10921026  0.18199375
   0.01066953  0.00405809 -0.06294109 -0.09950293  0.07328413  0.13602078
   0.04521192 -0.08753555 -0.10764178 -0.06337795 -0.04711964 -0.01188643
  -0.01416204  0.18422873]
 [ 0.1717136  -0.07807221 -0.10350911 -0.17661057 -0.08044805  0.08136488
  -0.08536127 -0.04806027 -0.10854524 -0.01985934 -0.09773647 -0.04402128
  -0.09601875  0.06116797 -0.05060924  0.25972483 -0.0903288   0.04244975
  -0.08116755  0.01726373 -0.06493597  0.05461508 -0.18142429  0.02485408
   0.1467028  -0.04679309  0.0163592   0.11718044  0.1302805  -0.06970531
  -0.07685907  0.06883486  0.00766793 -0.03764785 -0.04038072 -0.00340832
   0.05784461 -0.08147603  0.02858148  0.0129766   0.02422569 -0.06932113
  -0.08653089 -0.03870155 -0.04386023 -0.09211674  0.11515403 -0.08379697
  -0.07112107  0.05965163 -0.11015738 -0.02351735  0.12022741 -0.00596591
   0.01942733  0.02192548 -0.08045825  0.05167721  0.16987424 -0.07493445
   0.02921516 -0.0239888   0.17443344 -0.08811644  0.21390046  0.12408432
   0.07071652  0.17716402 -0.0787663  -0.04623783 -0.05332492  0.17085375
   0.04288263  0.10789485  0.04874992 -0.04338924 -0.101616   -0.04202581
   0.03356859 -0.00295548 -0.08082362  0.19316988 -0.07892425 -0.06895098
  -0.06871614 -0.06857503 -0.05380037 -0.01994384  0.00944808  0.15497041
   0.12482161 -0.01786961 -0.04377216 -0.02169032  0.11122887 -0.0861752
  -0.08424133 -0.07123037 -0.09318477  0.0822797   0.02283338  0.11479741
  -0.06326369  0.04097603 -0.00972345  0.11944608 -0.06255159  0.07625774
   0.04748533  0.11888932 -0.09459224 -0.04495779  0.05562877 -0.06868099
   0.0360858  -0.02612869 -0.04604479 -0.0805281  -0.03982619  0.20714179
  -0.04980334  0.01567129 -0.07704488 -0.0717896   0.06155768 -0.00813281
  -0.06995486 -0.06191621]]
[[ 0.05018705 -0.07200024 -0.04891844 -0.03296525  0.05879548  0.16307387
   0.00231181  0.00549487 -0.03834223 -0.02133083  0.10698754 -0.10363779
  -0.09500699  0.1974011  -0.11997426 -0.00136978  0.05047948  0.00950033
  -0.10457037  0.03255783  0.16842431  0.13219619 -0.06366377  0.15709881
  -0.0646001   0.12330823 -0.02595723 -0.01889321 -0.04242423 -0.07555871
  -0.06614855 -0.04200912 -0.01166294  0.08252162  0.04053155 -0.00783559
   0.19329694  0.00792177  0.03224727 -0.06835005 -0.00069316 -0.11256792
  -0.0422089   0.08156918  0.07069059 -0.05716222  0.07744151 -0.08145654
  -0.07466809 -0.01048008 -0.1152375  -0.01200794  0.0874837  -0.06101238
   0.08991556  0.08614052 -0.10125659 -0.01552959  0.11299759 -0.07466543
  -0.08701618  0.0104916   0.22552429  0.04769718 -0.02336313  0.16270913
  -0.00170123 -0.05979427 -0.05094995 -0.0731511   0.20359886 -0.08093359
   0.02343255 -0.00404607  0.1402804   0.03565634 -0.08240233 -0.06845823
  -0.02527915 -0.08400562 -0.03569895  0.06295366 -0.09642114  0.06085933
  -0.10029987  0.01025372  0.01017367  0.09183817  0.06745646 -0.09002396
  -0.0636517   0.21680915  0.09584527 -0.03858604  0.06619402 -0.08424107
   0.11057498 -0.08716489 -0.12101375  0.10268107 -0.04005072 -0.08214714
  -0.0333749   0.03482575  0.05517609  0.06505568 -0.070981   -0.01435598
  -0.08276688 -0.03263673 -0.10324432  0.19485617  0.10921026  0.18199375
   0.01066953  0.00405809 -0.06294109 -0.09950293  0.07328413  0.13602078
   0.04521192 -0.08753555 -0.10764178 -0.06337795 -0.04711964 -0.01188643
  -0.01416204  0.18422873]
 [ 0.1717136  -0.07807221 -0.10350911 -0.17661057 -0.08044805  0.08136488
  -0.08536127 -0.04806027 -0.10854524 -0.01985934 -0.09773647 -0.04402128
  -0.09601875  0.06116797 -0.05060924  0.25972483 -0.0903288   0.04244975
  -0.08116755  0.01726373 -0.06493597  0.05461508 -0.18142429  0.02485408
   0.1467028  -0.04679309  0.0163592   0.11718044  0.1302805  -0.06970531
  -0.07685907  0.06883486  0.00766793 -0.03764785 -0.04038072 -0.00340832
   0.05784461 -0.08147603  0.02858148  0.0129766   0.02422569 -0.06932113
  -0.08653089 -0.03870155 -0.04386023 -0.09211674  0.11515403 -0.08379697
  -0.07112107  0.05965163 -0.11015738 -0.02351735  0.12022741 -0.00596591
   0.01942733  0.02192548 -0.08045825  0.05167721  0.16987424 -0.07493445
   0.02921516 -0.0239888   0.17443344 -0.08811644  0.21390046  0.12408432
   0.07071652  0.17716402 -0.0787663  -0.04623783 -0.05332492  0.17085375
   0.04288263  0.10789485  0.04874992 -0.04338924 -0.101616   -0.04202581
   0.03356859 -0.00295548 -0.08082362  0.19316988 -0.07892425 -0.06895098
  -0.06871614 -0.06857503 -0.05380037 -0.01994384  0.00944808  0.15497041
   0.12482161 -0.01786961 -0.04377216 -0.02169032  0.11122887 -0.0861752
  -0.08424133 -0.07123037 -0.09318477  0.0822797   0.02283338  0.11479741
  -0.06326369  0.04097603 -0.00972345  0.11944608 -0.06255159  0.07625774
   0.04748533  0.11888932 -0.09459224 -0.04495779  0.05562877 -0.06868099
   0.0360858  -0.02612869 -0.04604479 -0.0805281  -0.03982619  0.20714179
  -0.04980334  0.01567129 -0.07704488 -0.0717896   0.06155768 -0.00813281
  -0.06995486 -0.06191621]]
[[ 0.05018705 -0.07200024 -0.04891844 -0.03296525  0.05879548  0.16307387
   0.00231181  0.00549487 -0.03834223 -0.02133083  0.10698754 -0.10363779
  -0.09500699  0.1974011  -0.11997426 -0.00136978  0.05047948  0.00950033
  -0.10457037  0.03255783  0.16842431  0.13219619 -0.06366377  0.15709881
  -0.0646001   0.12330823 -0.02595723 -0.01889321 -0.04242423 -0.07555871
  -0.06614855 -0.04200912 -0.01166294  0.08252162  0.04053155 -0.00783559
   0.19329694  0.00792177  0.03224727 -0.06835005 -0.00069316 -0.11256792
  -0.0422089   0.08156918  0.07069059 -0.05716222  0.07744151 -0.08145654
  -0.07466809 -0.01048008 -0.1152375  -0.01200794  0.0874837  -0.06101238
   0.08991556  0.08614052 -0.10125659 -0.01552959  0.11299759 -0.07466543
  -0.08701618  0.0104916   0.22552429  0.04769718 -0.02336313  0.16270913
  -0.00170123 -0.05979427 -0.05094995 -0.0731511   0.20359886 -0.08093359
   0.02343255 -0.00404607  0.1402804   0.03565634 -0.08240233 -0.06845823
  -0.02527915 -0.08400562 -0.03569895  0.06295366 -0.09642114  0.06085933
  -0.10029987  0.01025372  0.01017367  0.09183817  0.06745646 -0.09002396
  -0.0636517   0.21680915  0.09584527 -0.03858604  0.06619402 -0.08424107
   0.11057498 -0.08716489 -0.12101375  0.10268107 -0.04005072 -0.08214714
  -0.0333749   0.03482575  0.05517609  0.06505568 -0.070981   -0.01435598
  -0.08276688 -0.03263673 -0.10324432  0.19485617  0.10921026  0.18199375
   0.01066953  0.00405809 -0.06294109 -0.09950293  0.07328413  0.13602078
   0.04521192 -0.08753555 -0.10764178 -0.06337795 -0.04711964 -0.01188643
  -0.01416204  0.18422873]
 [ 0.1717136  -0.07807221 -0.10350911 -0.17661057 -0.08044805  0.08136488
  -0.08536127 -0.04806027 -0.10854524 -0.01985934 -0.09773647 -0.04402128
  -0.09601875  0.06116797 -0.05060924  0.25972483 -0.0903288   0.04244975
  -0.08116755  0.01726373 -0.06493597  0.05461508 -0.18142429  0.02485408
   0.1467028  -0.04679309  0.0163592   0.11718044  0.1302805  -0.06970531
  -0.07685907  0.06883486  0.00766793 -0.03764785 -0.04038072 -0.00340832
   0.05784461 -0.08147603  0.02858148  0.0129766   0.02422569 -0.06932113
  -0.08653089 -0.03870155 -0.04386023 -0.09211674  0.11515403 -0.08379697
  -0.07112107  0.05965163 -0.11015738 -0.02351735  0.12022741 -0.00596591
   0.01942733  0.02192548 -0.08045825  0.05167721  0.16987424 -0.07493445
   0.02921516 -0.0239888   0.17443344 -0.08811644  0.21390046  0.12408432
   0.07071652  0.17716402 -0.0787663  -0.04623783 -0.05332492  0.17085375
   0.04288263  0.10789485  0.04874992 -0.04338924 -0.101616   -0.04202581
   0.03356859 -0.00295548 -0.08082362  0.19316988 -0.07892425 -0.06895098
  -0.06871614 -0.06857503 -0.05380037 -0.01994384  0.00944808  0.15497041
   0.12482161 -0.01786961 -0.04377216 -0.02169032  0.11122887 -0.0861752
  -0.08424133 -0.07123037 -0.09318477  0.0822797   0.02283338  0.11479741
  -0.06326369  0.04097603 -0.00972345  0.11944608 -0.06255159  0.07625774
   0.04748533  0.11888932 -0.09459224 -0.04495779  0.05562877 -0.06868099
   0.0360858  -0.02612869 -0.04604479 -0.0805281  -0.03982619  0.20714179
  -0.04980334  0.01567129 -0.07704488 -0.0717896   0.06155768 -0.00813281
  -0.06995486 -0.06191621]]
