[[-1.25488937e-02 -4.92446460e-02 -2.62124441e-03  3.13760377e-02
   9.72541347e-02  1.84191644e-01 -8.74415040e-03  3.33079100e-02
  -4.71306443e-02 -3.49509828e-02  1.07757039e-01 -1.12050533e-01
  -1.16292924e-01  1.93846434e-01 -1.22208975e-01  1.83153581e-02
   1.22379638e-01 -3.37830968e-02 -7.81954825e-02  7.75789991e-02
   1.63863674e-01  1.52135804e-01 -3.52151282e-02  2.33739652e-02
  -6.04980513e-02  1.29245430e-01 -9.52955037e-02  9.19391308e-03
  -6.01506904e-02 -8.54162052e-02 -7.73710310e-02 -3.16327326e-02
  -7.04922825e-02  6.84636459e-02  8.53087977e-02 -1.62069444e-02
   1.84034690e-01  1.32199813e-04 -4.00933661e-02 -1.60416365e-02
   3.34868282e-02 -1.09843507e-01 -6.84303567e-02  1.55347556e-01
   9.55792982e-03 -6.35530278e-02 -8.93987715e-03 -6.93183839e-02
  -5.65527119e-02 -6.56945035e-02 -1.25443697e-01 -1.28214946e-02
  -2.26547461e-04 -4.39004190e-02  6.78330511e-02 -2.01330017e-02
  -1.49224624e-01  4.10483629e-02  1.58942521e-01 -2.57218312e-02
  -6.48330823e-02 -9.35062096e-02  1.73578754e-01  9.83785465e-02
  -2.78842412e-02  6.96350783e-02 -3.72654805e-03 -5.78324758e-02
  -3.59918959e-02 -8.61853510e-02  2.35152557e-01 -2.79530920e-02
  -3.71936746e-02  6.37107715e-03  1.18774623e-01  1.54588614e-02
  -1.09501019e-01 -7.65386000e-02 -7.62689346e-03 -5.33511452e-02
  -1.80252511e-02 -3.24217826e-02 -8.14250857e-02  7.08412156e-02
  -1.00066513e-01  9.75042954e-03  9.67752934e-02  9.40058101e-03
   9.06644091e-02 -1.15249999e-01  2.47794166e-02  1.84270233e-01
   1.06083155e-01 -1.83079168e-02  9.03643072e-02 -1.12327188e-01
   7.30755404e-02 -9.87526476e-02 -1.01247258e-01  1.49197772e-01
  -1.60675906e-02 -8.09866711e-02 -2.86772680e-02  9.34691802e-02
  -3.50156948e-02  4.97587025e-02 -9.46231782e-02 -1.96307953e-02
  -9.48584154e-02  2.80922335e-02 -9.38520506e-02  1.75713494e-01
   2.39925273e-03  1.88699082e-01 -7.28019029e-02 -3.52077782e-02
  -4.95554134e-02 -9.14579555e-02  7.83199072e-02  8.84277076e-02
  -9.31325555e-03 -7.35000819e-02 -6.01194017e-02 -5.38693964e-02
  -1.31926075e-01 -3.98926027e-02 -8.17731097e-02  1.76166967e-01]
 [ 1.11254171e-01 -6.96384013e-02 -1.16433442e-01 -2.05077901e-01
  -8.13963786e-02  1.11864701e-01 -8.54802430e-02 -6.99647218e-02
  -1.13286197e-01 -3.02332398e-02 -9.68852490e-02  2.08411831e-02
  -9.96890664e-02  1.31849900e-01 -5.48337214e-02  2.42533401e-01
  -9.64585021e-02  3.15785967e-02 -8.46311972e-02  9.77811962e-02
  -6.79170862e-02  4.71307077e-02 -1.65408969e-01 -3.17877182e-03
   6.59919083e-02 -4.97298315e-02  5.89237660e-02  5.78766987e-02
   1.01571634e-01 -7.13133961e-02 -6.94845021e-02  2.77791601e-02
   5.06174490e-02 -6.14768080e-02 -6.48185462e-02 -2.24740710e-04
   2.92476397e-02 -8.61254483e-02  5.14283292e-02  1.85448658e-02
   7.50809312e-02 -6.64452836e-02 -9.29946825e-02 -2.26021651e-02
  -6.18666448e-02 -9.18118954e-02  1.42149597e-01 -8.74240026e-02
  -6.84930235e-02  4.58453968e-02 -1.07628956e-01 -1.35667331e-03
   1.09833583e-01 -1.79420616e-02  4.19717841e-02 -3.00305709e-02
  -2.66942289e-02  2.58597508e-02  1.78203449e-01 -8.30857828e-02
   5.61766997e-02 -4.95292991e-02  1.70610994e-01 -8.72132033e-02
   1.88653544e-01  1.20652527e-01  6.80103377e-02  2.03272924e-01
  -7.37424716e-02 -3.41369025e-02 -6.67140335e-02  1.23760141e-01
   8.58974755e-02  1.04198940e-01  3.66361509e-03 -6.37217164e-02
  -9.65249091e-02 -4.62908968e-02  3.92423905e-02 -3.66695747e-02
  -6.56837374e-02  1.53387710e-01 -7.93763772e-02 -6.54585287e-02
  -3.90455872e-02 -5.90156093e-02  8.87593534e-03 -3.51423137e-02
  -7.90583808e-03  1.15150794e-01  1.27230838e-01  2.91840360e-02
  -5.44012636e-02 -1.71250291e-02  1.79986104e-01 -7.89380744e-02
  -7.66410828e-02 -7.49934837e-02 -9.02648196e-02  6.95521161e-02
   5.56773469e-02  1.16404809e-01 -5.48257940e-02  2.42807083e-02
  -5.44265062e-02  1.67159602e-01 -6.90281540e-02  1.03209093e-01
   2.73241661e-02  1.53694063e-01 -8.79808515e-02 -5.15947305e-02
   8.49541500e-02 -6.42837510e-02  6.50649052e-03  1.63495466e-02
  -6.08075485e-02 -7.27061108e-02 -2.02466454e-02  2.07441092e-01
  -4.01712693e-02 -4.13035415e-02 -6.08137771e-02 -7.68830404e-02
   4.46447395e-02 -8.12433101e-03 -7.46432915e-02 -6.10750131e-02]]
[[-1.25488937e-02 -4.92446460e-02 -2.62124441e-03  3.13760377e-02
   9.72541347e-02  1.84191644e-01 -8.74415040e-03  3.33079100e-02
  -4.71306443e-02 -3.49509828e-02  1.07757039e-01 -1.12050533e-01
  -1.16292924e-01  1.93846434e-01 -1.22208975e-01  1.83153581e-02
   1.22379638e-01 -3.37830968e-02 -7.81954825e-02  7.75789991e-02
   1.63863674e-01  1.52135804e-01 -3.52151282e-02  2.33739652e-02
  -6.04980513e-02  1.29245430e-01 -9.52955037e-02  9.19391308e-03
  -6.01506904e-02 -8.54162052e-02 -7.73710310e-02 -3.16327326e-02
  -7.04922825e-02  6.84636459e-02  8.53087977e-02 -1.62069444e-02
   1.84034690e-01  1.32199813e-04 -4.00933661e-02 -1.60416365e-02
   3.34868282e-02 -1.09843507e-01 -6.84303567e-02  1.55347556e-01
   9.55792982e-03 -6.35530278e-02 -8.93987715e-03 -6.93183839e-02
  -5.65527119e-02 -6.56945035e-02 -1.25443697e-01 -1.28214946e-02
  -2.26547461e-04 -4.39004190e-02  6.78330511e-02 -2.01330017e-02
  -1.49224624e-01  4.10483629e-02  1.58942521e-01 -2.57218312e-02
  -6.48330823e-02 -9.35062096e-02  1.73578754e-01  9.83785465e-02
  -2.78842412e-02  6.96350783e-02 -3.72654805e-03 -5.78324758e-02
  -3.59918959e-02 -8.61853510e-02  2.35152557e-01 -2.79530920e-02
  -3.71936746e-02  6.37107715e-03  1.18774623e-01  1.54588614e-02
  -1.09501019e-01 -7.65386000e-02 -7.62689346e-03 -5.33511452e-02
  -1.80252511e-02 -3.24217826e-02 -8.14250857e-02  7.08412156e-02
  -1.00066513e-01  9.75042954e-03  9.67752934e-02  9.40058101e-03
   9.06644091e-02 -1.15249999e-01  2.47794166e-02  1.84270233e-01
   1.06083155e-01 -1.83079168e-02  9.03643072e-02 -1.12327188e-01
   7.30755404e-02 -9.87526476e-02 -1.01247258e-01  1.49197772e-01
  -1.60675906e-02 -8.09866711e-02 -2.86772680e-02  9.34691802e-02
  -3.50156948e-02  4.97587025e-02 -9.46231782e-02 -1.96307953e-02
  -9.48584154e-02  2.80922335e-02 -9.38520506e-02  1.75713494e-01
   2.39925273e-03  1.88699082e-01 -7.28019029e-02 -3.52077782e-02
  -4.95554134e-02 -9.14579555e-02  7.83199072e-02  8.84277076e-02
  -9.31325555e-03 -7.35000819e-02 -6.01194017e-02 -5.38693964e-02
  -1.31926075e-01 -3.98926027e-02 -8.17731097e-02  1.76166967e-01]
 [ 1.11254171e-01 -6.96384013e-02 -1.16433442e-01 -2.05077901e-01
  -8.13963786e-02  1.11864701e-01 -8.54802430e-02 -6.99647218e-02
  -1.13286197e-01 -3.02332398e-02 -9.68852490e-02  2.08411831e-02
  -9.96890664e-02  1.31849900e-01 -5.48337214e-02  2.42533401e-01
  -9.64585021e-02  3.15785967e-02 -8.46311972e-02  9.77811962e-02
  -6.79170862e-02  4.71307077e-02 -1.65408969e-01 -3.17877182e-03
   6.59919083e-02 -4.97298315e-02  5.89237660e-02  5.78766987e-02
   1.01571634e-01 -7.13133961e-02 -6.94845021e-02  2.77791601e-02
   5.06174490e-02 -6.14768080e-02 -6.48185462e-02 -2.24740710e-04
   2.92476397e-02 -8.61254483e-02  5.14283292e-02  1.85448658e-02
   7.50809312e-02 -6.64452836e-02 -9.29946825e-02 -2.26021651e-02
  -6.18666448e-02 -9.18118954e-02  1.42149597e-01 -8.74240026e-02
  -6.84930235e-02  4.58453968e-02 -1.07628956e-01 -1.35667331e-03
   1.09833583e-01 -1.79420616e-02  4.19717841e-02 -3.00305709e-02
  -2.66942289e-02  2.58597508e-02  1.78203449e-01 -8.30857828e-02
   5.61766997e-02 -4.95292991e-02  1.70610994e-01 -8.72132033e-02
   1.88653544e-01  1.20652527e-01  6.80103377e-02  2.03272924e-01
  -7.37424716e-02 -3.41369025e-02 -6.67140335e-02  1.23760141e-01
   8.58974755e-02  1.04198940e-01  3.66361509e-03 -6.37217164e-02
  -9.65249091e-02 -4.62908968e-02  3.92423905e-02 -3.66695747e-02
  -6.56837374e-02  1.53387710e-01 -7.93763772e-02 -6.54585287e-02
  -3.90455872e-02 -5.90156093e-02  8.87593534e-03 -3.51423137e-02
  -7.90583808e-03  1.15150794e-01  1.27230838e-01  2.91840360e-02
  -5.44012636e-02 -1.71250291e-02  1.79986104e-01 -7.89380744e-02
  -7.66410828e-02 -7.49934837e-02 -9.02648196e-02  6.95521161e-02
   5.56773469e-02  1.16404809e-01 -5.48257940e-02  2.42807083e-02
  -5.44265062e-02  1.67159602e-01 -6.90281540e-02  1.03209093e-01
   2.73241661e-02  1.53694063e-01 -8.79808515e-02 -5.15947305e-02
   8.49541500e-02 -6.42837510e-02  6.50649052e-03  1.63495466e-02
  -6.08075485e-02 -7.27061108e-02 -2.02466454e-02  2.07441092e-01
  -4.01712693e-02 -4.13035415e-02 -6.08137771e-02 -7.68830404e-02
   4.46447395e-02 -8.12433101e-03 -7.46432915e-02 -6.10750131e-02]]
[[-1.25488937e-02 -4.92446460e-02 -2.62124441e-03  3.13760377e-02
   9.72541347e-02  1.84191644e-01 -8.74415040e-03  3.33079100e-02
  -4.71306443e-02 -3.49509828e-02  1.07757039e-01 -1.12050533e-01
  -1.16292924e-01  1.93846434e-01 -1.22208975e-01  1.83153581e-02
   1.22379638e-01 -3.37830968e-02 -7.81954825e-02  7.75789991e-02
   1.63863674e-01  1.52135804e-01 -3.52151282e-02  2.33739652e-02
  -6.04980513e-02  1.29245430e-01 -9.52955037e-02  9.19391308e-03
  -6.01506904e-02 -8.54162052e-02 -7.73710310e-02 -3.16327326e-02
  -7.04922825e-02  6.84636459e-02  8.53087977e-02 -1.62069444e-02
   1.84034690e-01  1.32199813e-04 -4.00933661e-02 -1.60416365e-02
   3.34868282e-02 -1.09843507e-01 -6.84303567e-02  1.55347556e-01
   9.55792982e-03 -6.35530278e-02 -8.93987715e-03 -6.93183839e-02
  -5.65527119e-02 -6.56945035e-02 -1.25443697e-01 -1.28214946e-02
  -2.26547461e-04 -4.39004190e-02  6.78330511e-02 -2.01330017e-02
  -1.49224624e-01  4.10483629e-02  1.58942521e-01 -2.57218312e-02
  -6.48330823e-02 -9.35062096e-02  1.73578754e-01  9.83785465e-02
  -2.78842412e-02  6.96350783e-02 -3.72654805e-03 -5.78324758e-02
  -3.59918959e-02 -8.61853510e-02  2.35152557e-01 -2.79530920e-02
  -3.71936746e-02  6.37107715e-03  1.18774623e-01  1.54588614e-02
  -1.09501019e-01 -7.65386000e-02 -7.62689346e-03 -5.33511452e-02
  -1.80252511e-02 -3.24217826e-02 -8.14250857e-02  7.08412156e-02
  -1.00066513e-01  9.75042954e-03  9.67752934e-02  9.40058101e-03
   9.06644091e-02 -1.15249999e-01  2.47794166e-02  1.84270233e-01
   1.06083155e-01 -1.83079168e-02  9.03643072e-02 -1.12327188e-01
   7.30755404e-02 -9.87526476e-02 -1.01247258e-01  1.49197772e-01
  -1.60675906e-02 -8.09866711e-02 -2.86772680e-02  9.34691802e-02
  -3.50156948e-02  4.97587025e-02 -9.46231782e-02 -1.96307953e-02
  -9.48584154e-02  2.80922335e-02 -9.38520506e-02  1.75713494e-01
   2.39925273e-03  1.88699082e-01 -7.28019029e-02 -3.52077782e-02
  -4.95554134e-02 -9.14579555e-02  7.83199072e-02  8.84277076e-02
  -9.31325555e-03 -7.35000819e-02 -6.01194017e-02 -5.38693964e-02
  -1.31926075e-01 -3.98926027e-02 -8.17731097e-02  1.76166967e-01]
 [ 1.11254171e-01 -6.96384013e-02 -1.16433442e-01 -2.05077901e-01
  -8.13963786e-02  1.11864701e-01 -8.54802430e-02 -6.99647218e-02
  -1.13286197e-01 -3.02332398e-02 -9.68852490e-02  2.08411831e-02
  -9.96890664e-02  1.31849900e-01 -5.48337214e-02  2.42533401e-01
  -9.64585021e-02  3.15785967e-02 -8.46311972e-02  9.77811962e-02
  -6.79170862e-02  4.71307077e-02 -1.65408969e-01 -3.17877182e-03
   6.59919083e-02 -4.97298315e-02  5.89237660e-02  5.78766987e-02
   1.01571634e-01 -7.13133961e-02 -6.94845021e-02  2.77791601e-02
   5.06174490e-02 -6.14768080e-02 -6.48185462e-02 -2.24740710e-04
   2.92476397e-02 -8.61254483e-02  5.14283292e-02  1.85448658e-02
   7.50809312e-02 -6.64452836e-02 -9.29946825e-02 -2.26021651e-02
  -6.18666448e-02 -9.18118954e-02  1.42149597e-01 -8.74240026e-02
  -6.84930235e-02  4.58453968e-02 -1.07628956e-01 -1.35667331e-03
   1.09833583e-01 -1.79420616e-02  4.19717841e-02 -3.00305709e-02
  -2.66942289e-02  2.58597508e-02  1.78203449e-01 -8.30857828e-02
   5.61766997e-02 -4.95292991e-02  1.70610994e-01 -8.72132033e-02
   1.88653544e-01  1.20652527e-01  6.80103377e-02  2.03272924e-01
  -7.37424716e-02 -3.41369025e-02 -6.67140335e-02  1.23760141e-01
   8.58974755e-02  1.04198940e-01  3.66361509e-03 -6.37217164e-02
  -9.65249091e-02 -4.62908968e-02  3.92423905e-02 -3.66695747e-02
  -6.56837374e-02  1.53387710e-01 -7.93763772e-02 -6.54585287e-02
  -3.90455872e-02 -5.90156093e-02  8.87593534e-03 -3.51423137e-02
  -7.90583808e-03  1.15150794e-01  1.27230838e-01  2.91840360e-02
  -5.44012636e-02 -1.71250291e-02  1.79986104e-01 -7.89380744e-02
  -7.66410828e-02 -7.49934837e-02 -9.02648196e-02  6.95521161e-02
   5.56773469e-02  1.16404809e-01 -5.48257940e-02  2.42807083e-02
  -5.44265062e-02  1.67159602e-01 -6.90281540e-02  1.03209093e-01
   2.73241661e-02  1.53694063e-01 -8.79808515e-02 -5.15947305e-02
   8.49541500e-02 -6.42837510e-02  6.50649052e-03  1.63495466e-02
  -6.08075485e-02 -7.27061108e-02 -2.02466454e-02  2.07441092e-01
  -4.01712693e-02 -4.13035415e-02 -6.08137771e-02 -7.68830404e-02
   4.46447395e-02 -8.12433101e-03 -7.46432915e-02 -6.10750131e-02]]
[[-1.25488937e-02 -4.92446460e-02 -2.62124441e-03  3.13760377e-02
   9.72541347e-02  1.84191644e-01 -8.74415040e-03  3.33079100e-02
  -4.71306443e-02 -3.49509828e-02  1.07757039e-01 -1.12050533e-01
  -1.16292924e-01  1.93846434e-01 -1.22208975e-01  1.83153581e-02
   1.22379638e-01 -3.37830968e-02 -7.81954825e-02  7.75789991e-02
   1.63863674e-01  1.52135804e-01 -3.52151282e-02  2.33739652e-02
  -6.04980513e-02  1.29245430e-01 -9.52955037e-02  9.19391308e-03
  -6.01506904e-02 -8.54162052e-02 -7.73710310e-02 -3.16327326e-02
  -7.04922825e-02  6.84636459e-02  8.53087977e-02 -1.62069444e-02
   1.84034690e-01  1.32199813e-04 -4.00933661e-02 -1.60416365e-02
   3.34868282e-02 -1.09843507e-01 -6.84303567e-02  1.55347556e-01
   9.55792982e-03 -6.35530278e-02 -8.93987715e-03 -6.93183839e-02
  -5.65527119e-02 -6.56945035e-02 -1.25443697e-01 -1.28214946e-02
  -2.26547461e-04 -4.39004190e-02  6.78330511e-02 -2.01330017e-02
  -1.49224624e-01  4.10483629e-02  1.58942521e-01 -2.57218312e-02
  -6.48330823e-02 -9.35062096e-02  1.73578754e-01  9.83785465e-02
  -2.78842412e-02  6.96350783e-02 -3.72654805e-03 -5.78324758e-02
  -3.59918959e-02 -8.61853510e-02  2.35152557e-01 -2.79530920e-02
  -3.71936746e-02  6.37107715e-03  1.18774623e-01  1.54588614e-02
  -1.09501019e-01 -7.65386000e-02 -7.62689346e-03 -5.33511452e-02
  -1.80252511e-02 -3.24217826e-02 -8.14250857e-02  7.08412156e-02
  -1.00066513e-01  9.75042954e-03  9.67752934e-02  9.40058101e-03
   9.06644091e-02 -1.15249999e-01  2.47794166e-02  1.84270233e-01
   1.06083155e-01 -1.83079168e-02  9.03643072e-02 -1.12327188e-01
   7.30755404e-02 -9.87526476e-02 -1.01247258e-01  1.49197772e-01
  -1.60675906e-02 -8.09866711e-02 -2.86772680e-02  9.34691802e-02
  -3.50156948e-02  4.97587025e-02 -9.46231782e-02 -1.96307953e-02
  -9.48584154e-02  2.80922335e-02 -9.38520506e-02  1.75713494e-01
   2.39925273e-03  1.88699082e-01 -7.28019029e-02 -3.52077782e-02
  -4.95554134e-02 -9.14579555e-02  7.83199072e-02  8.84277076e-02
  -9.31325555e-03 -7.35000819e-02 -6.01194017e-02 -5.38693964e-02
  -1.31926075e-01 -3.98926027e-02 -8.17731097e-02  1.76166967e-01]
 [ 1.11254171e-01 -6.96384013e-02 -1.16433442e-01 -2.05077901e-01
  -8.13963786e-02  1.11864701e-01 -8.54802430e-02 -6.99647218e-02
  -1.13286197e-01 -3.02332398e-02 -9.68852490e-02  2.08411831e-02
  -9.96890664e-02  1.31849900e-01 -5.48337214e-02  2.42533401e-01
  -9.64585021e-02  3.15785967e-02 -8.46311972e-02  9.77811962e-02
  -6.79170862e-02  4.71307077e-02 -1.65408969e-01 -3.17877182e-03
   6.59919083e-02 -4.97298315e-02  5.89237660e-02  5.78766987e-02
   1.01571634e-01 -7.13133961e-02 -6.94845021e-02  2.77791601e-02
   5.06174490e-02 -6.14768080e-02 -6.48185462e-02 -2.24740710e-04
   2.92476397e-02 -8.61254483e-02  5.14283292e-02  1.85448658e-02
   7.50809312e-02 -6.64452836e-02 -9.29946825e-02 -2.26021651e-02
  -6.18666448e-02 -9.18118954e-02  1.42149597e-01 -8.74240026e-02
  -6.84930235e-02  4.58453968e-02 -1.07628956e-01 -1.35667331e-03
   1.09833583e-01 -1.79420616e-02  4.19717841e-02 -3.00305709e-02
  -2.66942289e-02  2.58597508e-02  1.78203449e-01 -8.30857828e-02
   5.61766997e-02 -4.95292991e-02  1.70610994e-01 -8.72132033e-02
   1.88653544e-01  1.20652527e-01  6.80103377e-02  2.03272924e-01
  -7.37424716e-02 -3.41369025e-02 -6.67140335e-02  1.23760141e-01
   8.58974755e-02  1.04198940e-01  3.66361509e-03 -6.37217164e-02
  -9.65249091e-02 -4.62908968e-02  3.92423905e-02 -3.66695747e-02
  -6.56837374e-02  1.53387710e-01 -7.93763772e-02 -6.54585287e-02
  -3.90455872e-02 -5.90156093e-02  8.87593534e-03 -3.51423137e-02
  -7.90583808e-03  1.15150794e-01  1.27230838e-01  2.91840360e-02
  -5.44012636e-02 -1.71250291e-02  1.79986104e-01 -7.89380744e-02
  -7.66410828e-02 -7.49934837e-02 -9.02648196e-02  6.95521161e-02
   5.56773469e-02  1.16404809e-01 -5.48257940e-02  2.42807083e-02
  -5.44265062e-02  1.67159602e-01 -6.90281540e-02  1.03209093e-01
   2.73241661e-02  1.53694063e-01 -8.79808515e-02 -5.15947305e-02
   8.49541500e-02 -6.42837510e-02  6.50649052e-03  1.63495466e-02
  -6.08075485e-02 -7.27061108e-02 -2.02466454e-02  2.07441092e-01
  -4.01712693e-02 -4.13035415e-02 -6.08137771e-02 -7.68830404e-02
   4.46447395e-02 -8.12433101e-03 -7.46432915e-02 -6.10750131e-02]]
