[[ 8.88804495e-02 -2.81441920e-02 -1.31295860e-01 -2.20897838e-01
  -2.83151194e-02  1.24096489e-02 -9.85372663e-02  3.21176872e-02
  -7.01617524e-02 -6.25605881e-02 -7.43414685e-02 -5.16464449e-02
  -9.92838591e-02 -3.80986109e-02  9.11836047e-03  7.61279687e-02
  -1.06449872e-01  2.63483468e-02 -3.97066772e-02 -1.54929124e-02
   1.76169440e-01  1.95553139e-01 -1.11161051e-02 -4.15797904e-02
   1.35460079e-01 -8.79621878e-02  9.98908207e-02 -1.50626618e-02
   1.26906738e-01 -8.91943201e-02 -5.60278147e-02  8.17668363e-02
  -8.46505985e-02 -4.08706479e-02  6.87306002e-02  1.27233211e-02
  -8.52660090e-02 -1.01995781e-01  2.59883553e-01  1.11925878e-01
  -5.44955023e-02 -7.35566840e-02 -8.65520686e-02  1.27515137e-01
  -3.50532793e-02 -3.27414870e-02  3.30260955e-02 -8.33048820e-02
   2.00735293e-02 -4.73608598e-02 -1.46829739e-01 -8.87498558e-02
   1.29489377e-01 -6.02354072e-02 -6.15968108e-02  1.32706508e-01
  -1.48412183e-01  2.62332391e-02  1.63812727e-01 -9.65385512e-02
   8.27897415e-02  8.11901167e-02  1.21037692e-01 -1.11902647e-01
   7.71462396e-02 -6.97288886e-02  2.24091560e-02  1.04484692e-01
  -1.20282404e-01  9.58639830e-02 -6.28624707e-02  6.30844384e-02
   4.74976078e-02 -5.75599596e-02  9.38046500e-02 -7.92076066e-02
  -4.11597900e-02 -1.65717167e-04  4.42510769e-02  5.54081872e-02
  -5.42579889e-02 -2.05410887e-02 -1.03766799e-01  6.49899915e-02
  -4.24001329e-02 -1.15893014e-01 -6.30187392e-02  7.37952590e-02
   1.28661662e-01 -7.36684278e-02  1.50186628e-01  5.25875986e-02
   1.60445914e-01 -6.25316724e-02  8.51107910e-02 -1.22607924e-01
  -5.46158589e-02 -1.20611548e-01 -1.11722082e-01  9.66122597e-02
  -2.15938576e-02  1.05058573e-01 -4.26579937e-02  1.75366268e-01
  -8.99821594e-02 -7.37448335e-02 -8.61811787e-02  1.76183451e-02
  -8.24031979e-03  9.98166725e-02 -5.27456142e-02  8.10147543e-03
  -6.14603888e-03 -5.70741408e-02 -8.58371854e-02  3.76869962e-02
  -5.43287620e-02 -5.56705408e-02 -1.02903210e-01 -5.63766360e-02
  -4.15112861e-02  2.00594105e-02  6.55001551e-02 -5.72006963e-02
   6.27318099e-02 -3.08395550e-02 -1.20357974e-02 -9.64274406e-02]
 [ 6.02378100e-02 -7.73589313e-02 -6.69058189e-02 -6.26161471e-02
   6.09221011e-02  1.64099038e-01 -4.29524761e-03  4.03631944e-03
  -2.56878324e-02 -1.08586699e-02  1.38117298e-01 -1.10602669e-01
  -9.75091830e-02  1.59541070e-01 -1.27258554e-01 -1.23872906e-02
   6.64663762e-02  1.84169356e-02 -1.10176556e-01  1.55112641e-02
   1.50064692e-01  1.35604575e-01 -5.62798828e-02  1.28836483e-01
  -4.85184565e-02  1.22576192e-01 -3.36220451e-02 -1.18462099e-02
  -4.49949354e-02 -7.57448748e-02 -5.90276197e-02 -4.49150577e-02
  -2.57670153e-02  8.56661797e-02  2.77454462e-02  5.37552452e-03
   1.74637899e-01  1.07204262e-02  2.59336829e-02 -6.03362061e-02
  -2.30839066e-02 -1.11830778e-01 -5.64008914e-02  7.57983178e-02
   6.46904483e-02 -6.99703693e-02  1.03783600e-01 -9.28285718e-02
  -8.50623474e-02 -1.41508384e-02 -1.19755559e-01 -3.41436416e-02
   9.31345075e-02 -5.50252683e-02  8.16756934e-02  8.88205096e-02
  -1.07749775e-01  1.32738275e-03  1.27537444e-01 -8.10709372e-02
  -7.26355389e-02  2.93410663e-03  2.09668353e-01  2.41531115e-02
  -3.50894555e-02  1.80234507e-01 -4.78956616e-03 -6.94598779e-02
  -6.23360388e-02 -7.62835145e-02  1.81286946e-01 -8.77451375e-02
   2.74354760e-02 -1.62267834e-02  1.66878864e-01  6.81520924e-02
  -6.35484233e-02 -6.85904101e-02  1.53740235e-02 -8.52244645e-02
  -2.49592382e-02  6.39433414e-02 -9.68119502e-02  2.84572262e-02
  -1.03784658e-01 -9.71633568e-03  2.84528229e-02  9.37467963e-02
   8.88106748e-02 -9.28426683e-02 -4.84504625e-02  2.29572743e-01
   9.43003222e-02 -5.47827408e-02  5.83068244e-02 -1.07080042e-01
   9.89188850e-02 -8.67862999e-02 -1.27944320e-01  1.24970876e-01
  -5.11988588e-02 -8.66742805e-02 -2.84066182e-02  4.77232970e-02
   5.84604479e-02  5.19993678e-02 -7.49039128e-02 -5.94150973e-03
  -8.09873417e-02 -4.47387584e-02 -1.07349999e-01  1.71683609e-01
   1.23573273e-01  1.69947445e-01 -1.19209914e-02  1.19374262e-03
  -6.47817403e-02 -9.69784930e-02  6.02232739e-02  1.01294160e-01
   7.38065094e-02 -7.97413215e-02 -1.14902712e-01 -6.33124411e-02
  -4.64973487e-02 -1.20864138e-02 -1.32650277e-02  1.76502571e-01]
 [ 1.45960987e-01 -8.20216238e-02 -1.26635045e-01 -2.08020881e-01
  -8.99152160e-02  6.28618449e-02 -9.05107856e-02 -4.12595794e-02
  -1.10401958e-01 -6.07516104e-03 -9.96905565e-02 -5.23893237e-02
  -8.85991901e-02  7.28296191e-02 -5.63496985e-02  2.39071548e-01
  -9.82832089e-02  4.48436067e-02 -8.07455108e-02  4.42737080e-02
  -5.92585467e-02  5.92252202e-02 -1.67008147e-01  2.25947239e-02
   1.45164981e-01 -5.03225513e-02  6.00513108e-02  9.36730206e-02
   1.51497215e-01 -7.03277215e-02 -7.69902542e-02  8.51986557e-02
   1.81666780e-02 -5.88950291e-02 -5.49032204e-02  1.94203779e-02
   2.62112729e-02 -8.65594074e-02  7.07743764e-02  4.12469218e-03
  -1.08803166e-02 -6.41369820e-02 -9.24054310e-02 -3.23880911e-02
  -4.95028943e-02 -9.44424942e-02  1.18010812e-01 -8.32011327e-02
  -7.48834610e-02  4.45267037e-02 -1.15028664e-01 -2.71390248e-02
   1.57574862e-01 -6.85680658e-03  1.87741555e-02  1.84783246e-02
  -5.53594455e-02  4.02152874e-02  1.67245224e-01 -8.14738795e-02
   6.77919835e-02 -1.71495900e-02  1.85584664e-01 -9.58754644e-02
   1.84854642e-01  1.29005745e-01  7.36835971e-02  1.76944524e-01
  -8.20820481e-02 -1.70373917e-02 -6.57218024e-02  1.55613750e-01
   3.73550542e-02  1.01686761e-01  4.73214649e-02 -5.45161180e-02
  -9.61510465e-02 -4.00121100e-02  4.62233275e-02 -3.51787964e-03
  -7.91997090e-02  1.61784410e-01 -8.39256644e-02 -6.80839866e-02
  -6.93278238e-02 -9.92396921e-02 -5.02505116e-02  3.56502994e-03
   6.36545988e-03  1.53459743e-01  1.03493400e-01  1.55233117e-02
  -4.40574996e-02 -5.44021279e-02  1.20135702e-01 -8.47548246e-02
  -8.55195299e-02 -7.75820240e-02 -9.84892324e-02  7.49218687e-02
   3.50720249e-02  1.14703499e-01 -5.69365509e-02  3.19146998e-02
  -3.18545550e-02  9.63465869e-02 -6.59363270e-02  7.40959272e-02
   5.98418303e-02  1.14092708e-01 -9.30285826e-02 -3.80723961e-02
   5.45836836e-02 -7.18676001e-02  2.39691455e-02 -2.09372658e-02
  -5.31205386e-02 -7.77192786e-02 -4.00971882e-02  2.06787109e-01
  -3.26636359e-02 -2.31964025e-03 -7.71624446e-02 -7.58795291e-02
   7.40585700e-02  1.29686929e-02 -6.49046749e-02 -6.09355345e-02]]
[[ 8.88804495e-02 -2.81441920e-02 -1.31295860e-01 -2.20897838e-01
  -2.83151194e-02  1.24096489e-02 -9.85372663e-02  3.21176872e-02
  -7.01617524e-02 -6.25605881e-02 -7.43414685e-02 -5.16464449e-02
  -9.92838591e-02 -3.80986109e-02  9.11836047e-03  7.61279687e-02
  -1.06449872e-01  2.63483468e-02 -3.97066772e-02 -1.54929124e-02
   1.76169440e-01  1.95553139e-01 -1.11161051e-02 -4.15797904e-02
   1.35460079e-01 -8.79621878e-02  9.98908207e-02 -1.50626618e-02
   1.26906738e-01 -8.91943201e-02 -5.60278147e-02  8.17668363e-02
  -8.46505985e-02 -4.08706479e-02  6.87306002e-02  1.27233211e-02
  -8.52660090e-02 -1.01995781e-01  2.59883553e-01  1.11925878e-01
  -5.44955023e-02 -7.35566840e-02 -8.65520686e-02  1.27515137e-01
  -3.50532793e-02 -3.27414870e-02  3.30260955e-02 -8.33048820e-02
   2.00735293e-02 -4.73608598e-02 -1.46829739e-01 -8.87498558e-02
   1.29489377e-01 -6.02354072e-02 -6.15968108e-02  1.32706508e-01
  -1.48412183e-01  2.62332391e-02  1.63812727e-01 -9.65385512e-02
   8.27897415e-02  8.11901167e-02  1.21037692e-01 -1.11902647e-01
   7.71462396e-02 -6.97288886e-02  2.24091560e-02  1.04484692e-01
  -1.20282404e-01  9.58639830e-02 -6.28624707e-02  6.30844384e-02
   4.74976078e-02 -5.75599596e-02  9.38046500e-02 -7.92076066e-02
  -4.11597900e-02 -1.65717167e-04  4.42510769e-02  5.54081872e-02
  -5.42579889e-02 -2.05410887e-02 -1.03766799e-01  6.49899915e-02
  -4.24001329e-02 -1.15893014e-01 -6.30187392e-02  7.37952590e-02
   1.28661662e-01 -7.36684278e-02  1.50186628e-01  5.25875986e-02
   1.60445914e-01 -6.25316724e-02  8.51107910e-02 -1.22607924e-01
  -5.46158589e-02 -1.20611548e-01 -1.11722082e-01  9.66122597e-02
  -2.15938576e-02  1.05058573e-01 -4.26579937e-02  1.75366268e-01
  -8.99821594e-02 -7.37448335e-02 -8.61811787e-02  1.76183451e-02
  -8.24031979e-03  9.98166725e-02 -5.27456142e-02  8.10147543e-03
  -6.14603888e-03 -5.70741408e-02 -8.58371854e-02  3.76869962e-02
  -5.43287620e-02 -5.56705408e-02 -1.02903210e-01 -5.63766360e-02
  -4.15112861e-02  2.00594105e-02  6.55001551e-02 -5.72006963e-02
   6.27318099e-02 -3.08395550e-02 -1.20357974e-02 -9.64274406e-02]
 [ 6.02378100e-02 -7.73589313e-02 -6.69058189e-02 -6.26161471e-02
   6.09221011e-02  1.64099038e-01 -4.29524761e-03  4.03631944e-03
  -2.56878324e-02 -1.08586699e-02  1.38117298e-01 -1.10602669e-01
  -9.75091830e-02  1.59541070e-01 -1.27258554e-01 -1.23872906e-02
   6.64663762e-02  1.84169356e-02 -1.10176556e-01  1.55112641e-02
   1.50064692e-01  1.35604575e-01 -5.62798828e-02  1.28836483e-01
  -4.85184565e-02  1.22576192e-01 -3.36220451e-02 -1.18462099e-02
  -4.49949354e-02 -7.57448748e-02 -5.90276197e-02 -4.49150577e-02
  -2.57670153e-02  8.56661797e-02  2.77454462e-02  5.37552452e-03
   1.74637899e-01  1.07204262e-02  2.59336829e-02 -6.03362061e-02
  -2.30839066e-02 -1.11830778e-01 -5.64008914e-02  7.57983178e-02
   6.46904483e-02 -6.99703693e-02  1.03783600e-01 -9.28285718e-02
  -8.50623474e-02 -1.41508384e-02 -1.19755559e-01 -3.41436416e-02
   9.31345075e-02 -5.50252683e-02  8.16756934e-02  8.88205096e-02
  -1.07749775e-01  1.32738275e-03  1.27537444e-01 -8.10709372e-02
  -7.26355389e-02  2.93410663e-03  2.09668353e-01  2.41531115e-02
  -3.50894555e-02  1.80234507e-01 -4.78956616e-03 -6.94598779e-02
  -6.23360388e-02 -7.62835145e-02  1.81286946e-01 -8.77451375e-02
   2.74354760e-02 -1.62267834e-02  1.66878864e-01  6.81520924e-02
  -6.35484233e-02 -6.85904101e-02  1.53740235e-02 -8.52244645e-02
  -2.49592382e-02  6.39433414e-02 -9.68119502e-02  2.84572262e-02
  -1.03784658e-01 -9.71633568e-03  2.84528229e-02  9.37467963e-02
   8.88106748e-02 -9.28426683e-02 -4.84504625e-02  2.29572743e-01
   9.43003222e-02 -5.47827408e-02  5.83068244e-02 -1.07080042e-01
   9.89188850e-02 -8.67862999e-02 -1.27944320e-01  1.24970876e-01
  -5.11988588e-02 -8.66742805e-02 -2.84066182e-02  4.77232970e-02
   5.84604479e-02  5.19993678e-02 -7.49039128e-02 -5.94150973e-03
  -8.09873417e-02 -4.47387584e-02 -1.07349999e-01  1.71683609e-01
   1.23573273e-01  1.69947445e-01 -1.19209914e-02  1.19374262e-03
  -6.47817403e-02 -9.69784930e-02  6.02232739e-02  1.01294160e-01
   7.38065094e-02 -7.97413215e-02 -1.14902712e-01 -6.33124411e-02
  -4.64973487e-02 -1.20864138e-02 -1.32650277e-02  1.76502571e-01]
 [ 1.45960987e-01 -8.20216238e-02 -1.26635045e-01 -2.08020881e-01
  -8.99152160e-02  6.28618449e-02 -9.05107856e-02 -4.12595794e-02
  -1.10401958e-01 -6.07516104e-03 -9.96905565e-02 -5.23893237e-02
  -8.85991901e-02  7.28296191e-02 -5.63496985e-02  2.39071548e-01
  -9.82832089e-02  4.48436067e-02 -8.07455108e-02  4.42737080e-02
  -5.92585467e-02  5.92252202e-02 -1.67008147e-01  2.25947239e-02
   1.45164981e-01 -5.03225513e-02  6.00513108e-02  9.36730206e-02
   1.51497215e-01 -7.03277215e-02 -7.69902542e-02  8.51986557e-02
   1.81666780e-02 -5.88950291e-02 -5.49032204e-02  1.94203779e-02
   2.62112729e-02 -8.65594074e-02  7.07743764e-02  4.12469218e-03
  -1.08803166e-02 -6.41369820e-02 -9.24054310e-02 -3.23880911e-02
  -4.95028943e-02 -9.44424942e-02  1.18010812e-01 -8.32011327e-02
  -7.48834610e-02  4.45267037e-02 -1.15028664e-01 -2.71390248e-02
   1.57574862e-01 -6.85680658e-03  1.87741555e-02  1.84783246e-02
  -5.53594455e-02  4.02152874e-02  1.67245224e-01 -8.14738795e-02
   6.77919835e-02 -1.71495900e-02  1.85584664e-01 -9.58754644e-02
   1.84854642e-01  1.29005745e-01  7.36835971e-02  1.76944524e-01
  -8.20820481e-02 -1.70373917e-02 -6.57218024e-02  1.55613750e-01
   3.73550542e-02  1.01686761e-01  4.73214649e-02 -5.45161180e-02
  -9.61510465e-02 -4.00121100e-02  4.62233275e-02 -3.51787964e-03
  -7.91997090e-02  1.61784410e-01 -8.39256644e-02 -6.80839866e-02
  -6.93278238e-02 -9.92396921e-02 -5.02505116e-02  3.56502994e-03
   6.36545988e-03  1.53459743e-01  1.03493400e-01  1.55233117e-02
  -4.40574996e-02 -5.44021279e-02  1.20135702e-01 -8.47548246e-02
  -8.55195299e-02 -7.75820240e-02 -9.84892324e-02  7.49218687e-02
   3.50720249e-02  1.14703499e-01 -5.69365509e-02  3.19146998e-02
  -3.18545550e-02  9.63465869e-02 -6.59363270e-02  7.40959272e-02
   5.98418303e-02  1.14092708e-01 -9.30285826e-02 -3.80723961e-02
   5.45836836e-02 -7.18676001e-02  2.39691455e-02 -2.09372658e-02
  -5.31205386e-02 -7.77192786e-02 -4.00971882e-02  2.06787109e-01
  -3.26636359e-02 -2.31964025e-03 -7.71624446e-02 -7.58795291e-02
   7.40585700e-02  1.29686929e-02 -6.49046749e-02 -6.09355345e-02]]
[[ 8.88804495e-02 -2.81441920e-02 -1.31295860e-01 -2.20897838e-01
  -2.83151194e-02  1.24096489e-02 -9.85372663e-02  3.21176872e-02
  -7.01617524e-02 -6.25605881e-02 -7.43414685e-02 -5.16464449e-02
  -9.92838591e-02 -3.80986109e-02  9.11836047e-03  7.61279687e-02
  -1.06449872e-01  2.63483468e-02 -3.97066772e-02 -1.54929124e-02
   1.76169440e-01  1.95553139e-01 -1.11161051e-02 -4.15797904e-02
   1.35460079e-01 -8.79621878e-02  9.98908207e-02 -1.50626618e-02
   1.26906738e-01 -8.91943201e-02 -5.60278147e-02  8.17668363e-02
  -8.46505985e-02 -4.08706479e-02  6.87306002e-02  1.27233211e-02
  -8.52660090e-02 -1.01995781e-01  2.59883553e-01  1.11925878e-01
  -5.44955023e-02 -7.35566840e-02 -8.65520686e-02  1.27515137e-01
  -3.50532793e-02 -3.27414870e-02  3.30260955e-02 -8.33048820e-02
   2.00735293e-02 -4.73608598e-02 -1.46829739e-01 -8.87498558e-02
   1.29489377e-01 -6.02354072e-02 -6.15968108e-02  1.32706508e-01
  -1.48412183e-01  2.62332391e-02  1.63812727e-01 -9.65385512e-02
   8.27897415e-02  8.11901167e-02  1.21037692e-01 -1.11902647e-01
   7.71462396e-02 -6.97288886e-02  2.24091560e-02  1.04484692e-01
  -1.20282404e-01  9.58639830e-02 -6.28624707e-02  6.30844384e-02
   4.74976078e-02 -5.75599596e-02  9.38046500e-02 -7.92076066e-02
  -4.11597900e-02 -1.65717167e-04  4.42510769e-02  5.54081872e-02
  -5.42579889e-02 -2.05410887e-02 -1.03766799e-01  6.49899915e-02
  -4.24001329e-02 -1.15893014e-01 -6.30187392e-02  7.37952590e-02
   1.28661662e-01 -7.36684278e-02  1.50186628e-01  5.25875986e-02
   1.60445914e-01 -6.25316724e-02  8.51107910e-02 -1.22607924e-01
  -5.46158589e-02 -1.20611548e-01 -1.11722082e-01  9.66122597e-02
  -2.15938576e-02  1.05058573e-01 -4.26579937e-02  1.75366268e-01
  -8.99821594e-02 -7.37448335e-02 -8.61811787e-02  1.76183451e-02
  -8.24031979e-03  9.98166725e-02 -5.27456142e-02  8.10147543e-03
  -6.14603888e-03 -5.70741408e-02 -8.58371854e-02  3.76869962e-02
  -5.43287620e-02 -5.56705408e-02 -1.02903210e-01 -5.63766360e-02
  -4.15112861e-02  2.00594105e-02  6.55001551e-02 -5.72006963e-02
   6.27318099e-02 -3.08395550e-02 -1.20357974e-02 -9.64274406e-02]
 [ 6.02378100e-02 -7.73589313e-02 -6.69058189e-02 -6.26161471e-02
   6.09221011e-02  1.64099038e-01 -4.29524761e-03  4.03631944e-03
  -2.56878324e-02 -1.08586699e-02  1.38117298e-01 -1.10602669e-01
  -9.75091830e-02  1.59541070e-01 -1.27258554e-01 -1.23872906e-02
   6.64663762e-02  1.84169356e-02 -1.10176556e-01  1.55112641e-02
   1.50064692e-01  1.35604575e-01 -5.62798828e-02  1.28836483e-01
  -4.85184565e-02  1.22576192e-01 -3.36220451e-02 -1.18462099e-02
  -4.49949354e-02 -7.57448748e-02 -5.90276197e-02 -4.49150577e-02
  -2.57670153e-02  8.56661797e-02  2.77454462e-02  5.37552452e-03
   1.74637899e-01  1.07204262e-02  2.59336829e-02 -6.03362061e-02
  -2.30839066e-02 -1.11830778e-01 -5.64008914e-02  7.57983178e-02
   6.46904483e-02 -6.99703693e-02  1.03783600e-01 -9.28285718e-02
  -8.50623474e-02 -1.41508384e-02 -1.19755559e-01 -3.41436416e-02
   9.31345075e-02 -5.50252683e-02  8.16756934e-02  8.88205096e-02
  -1.07749775e-01  1.32738275e-03  1.27537444e-01 -8.10709372e-02
  -7.26355389e-02  2.93410663e-03  2.09668353e-01  2.41531115e-02
  -3.50894555e-02  1.80234507e-01 -4.78956616e-03 -6.94598779e-02
  -6.23360388e-02 -7.62835145e-02  1.81286946e-01 -8.77451375e-02
   2.74354760e-02 -1.62267834e-02  1.66878864e-01  6.81520924e-02
  -6.35484233e-02 -6.85904101e-02  1.53740235e-02 -8.52244645e-02
  -2.49592382e-02  6.39433414e-02 -9.68119502e-02  2.84572262e-02
  -1.03784658e-01 -9.71633568e-03  2.84528229e-02  9.37467963e-02
   8.88106748e-02 -9.28426683e-02 -4.84504625e-02  2.29572743e-01
   9.43003222e-02 -5.47827408e-02  5.83068244e-02 -1.07080042e-01
   9.89188850e-02 -8.67862999e-02 -1.27944320e-01  1.24970876e-01
  -5.11988588e-02 -8.66742805e-02 -2.84066182e-02  4.77232970e-02
   5.84604479e-02  5.19993678e-02 -7.49039128e-02 -5.94150973e-03
  -8.09873417e-02 -4.47387584e-02 -1.07349999e-01  1.71683609e-01
   1.23573273e-01  1.69947445e-01 -1.19209914e-02  1.19374262e-03
  -6.47817403e-02 -9.69784930e-02  6.02232739e-02  1.01294160e-01
   7.38065094e-02 -7.97413215e-02 -1.14902712e-01 -6.33124411e-02
  -4.64973487e-02 -1.20864138e-02 -1.32650277e-02  1.76502571e-01]
 [ 1.45960987e-01 -8.20216238e-02 -1.26635045e-01 -2.08020881e-01
  -8.99152160e-02  6.28618449e-02 -9.05107856e-02 -4.12595794e-02
  -1.10401958e-01 -6.07516104e-03 -9.96905565e-02 -5.23893237e-02
  -8.85991901e-02  7.28296191e-02 -5.63496985e-02  2.39071548e-01
  -9.82832089e-02  4.48436067e-02 -8.07455108e-02  4.42737080e-02
  -5.92585467e-02  5.92252202e-02 -1.67008147e-01  2.25947239e-02
   1.45164981e-01 -5.03225513e-02  6.00513108e-02  9.36730206e-02
   1.51497215e-01 -7.03277215e-02 -7.69902542e-02  8.51986557e-02
   1.81666780e-02 -5.88950291e-02 -5.49032204e-02  1.94203779e-02
   2.62112729e-02 -8.65594074e-02  7.07743764e-02  4.12469218e-03
  -1.08803166e-02 -6.41369820e-02 -9.24054310e-02 -3.23880911e-02
  -4.95028943e-02 -9.44424942e-02  1.18010812e-01 -8.32011327e-02
  -7.48834610e-02  4.45267037e-02 -1.15028664e-01 -2.71390248e-02
   1.57574862e-01 -6.85680658e-03  1.87741555e-02  1.84783246e-02
  -5.53594455e-02  4.02152874e-02  1.67245224e-01 -8.14738795e-02
   6.77919835e-02 -1.71495900e-02  1.85584664e-01 -9.58754644e-02
   1.84854642e-01  1.29005745e-01  7.36835971e-02  1.76944524e-01
  -8.20820481e-02 -1.70373917e-02 -6.57218024e-02  1.55613750e-01
   3.73550542e-02  1.01686761e-01  4.73214649e-02 -5.45161180e-02
  -9.61510465e-02 -4.00121100e-02  4.62233275e-02 -3.51787964e-03
  -7.91997090e-02  1.61784410e-01 -8.39256644e-02 -6.80839866e-02
  -6.93278238e-02 -9.92396921e-02 -5.02505116e-02  3.56502994e-03
   6.36545988e-03  1.53459743e-01  1.03493400e-01  1.55233117e-02
  -4.40574996e-02 -5.44021279e-02  1.20135702e-01 -8.47548246e-02
  -8.55195299e-02 -7.75820240e-02 -9.84892324e-02  7.49218687e-02
   3.50720249e-02  1.14703499e-01 -5.69365509e-02  3.19146998e-02
  -3.18545550e-02  9.63465869e-02 -6.59363270e-02  7.40959272e-02
   5.98418303e-02  1.14092708e-01 -9.30285826e-02 -3.80723961e-02
   5.45836836e-02 -7.18676001e-02  2.39691455e-02 -2.09372658e-02
  -5.31205386e-02 -7.77192786e-02 -4.00971882e-02  2.06787109e-01
  -3.26636359e-02 -2.31964025e-03 -7.71624446e-02 -7.58795291e-02
   7.40585700e-02  1.29686929e-02 -6.49046749e-02 -6.09355345e-02]]
[[ 8.88804495e-02 -2.81441920e-02 -1.31295860e-01 -2.20897838e-01
  -2.83151194e-02  1.24096489e-02 -9.85372663e-02  3.21176872e-02
  -7.01617524e-02 -6.25605881e-02 -7.43414685e-02 -5.16464449e-02
  -9.92838591e-02 -3.80986109e-02  9.11836047e-03  7.61279687e-02
  -1.06449872e-01  2.63483468e-02 -3.97066772e-02 -1.54929124e-02
   1.76169440e-01  1.95553139e-01 -1.11161051e-02 -4.15797904e-02
   1.35460079e-01 -8.79621878e-02  9.98908207e-02 -1.50626618e-02
   1.26906738e-01 -8.91943201e-02 -5.60278147e-02  8.17668363e-02
  -8.46505985e-02 -4.08706479e-02  6.87306002e-02  1.27233211e-02
  -8.52660090e-02 -1.01995781e-01  2.59883553e-01  1.11925878e-01
  -5.44955023e-02 -7.35566840e-02 -8.65520686e-02  1.27515137e-01
  -3.50532793e-02 -3.27414870e-02  3.30260955e-02 -8.33048820e-02
   2.00735293e-02 -4.73608598e-02 -1.46829739e-01 -8.87498558e-02
   1.29489377e-01 -6.02354072e-02 -6.15968108e-02  1.32706508e-01
  -1.48412183e-01  2.62332391e-02  1.63812727e-01 -9.65385512e-02
   8.27897415e-02  8.11901167e-02  1.21037692e-01 -1.11902647e-01
   7.71462396e-02 -6.97288886e-02  2.24091560e-02  1.04484692e-01
  -1.20282404e-01  9.58639830e-02 -6.28624707e-02  6.30844384e-02
   4.74976078e-02 -5.75599596e-02  9.38046500e-02 -7.92076066e-02
  -4.11597900e-02 -1.65717167e-04  4.42510769e-02  5.54081872e-02
  -5.42579889e-02 -2.05410887e-02 -1.03766799e-01  6.49899915e-02
  -4.24001329e-02 -1.15893014e-01 -6.30187392e-02  7.37952590e-02
   1.28661662e-01 -7.36684278e-02  1.50186628e-01  5.25875986e-02
   1.60445914e-01 -6.25316724e-02  8.51107910e-02 -1.22607924e-01
  -5.46158589e-02 -1.20611548e-01 -1.11722082e-01  9.66122597e-02
  -2.15938576e-02  1.05058573e-01 -4.26579937e-02  1.75366268e-01
  -8.99821594e-02 -7.37448335e-02 -8.61811787e-02  1.76183451e-02
  -8.24031979e-03  9.98166725e-02 -5.27456142e-02  8.10147543e-03
  -6.14603888e-03 -5.70741408e-02 -8.58371854e-02  3.76869962e-02
  -5.43287620e-02 -5.56705408e-02 -1.02903210e-01 -5.63766360e-02
  -4.15112861e-02  2.00594105e-02  6.55001551e-02 -5.72006963e-02
   6.27318099e-02 -3.08395550e-02 -1.20357974e-02 -9.64274406e-02]
 [ 6.02378100e-02 -7.73589313e-02 -6.69058189e-02 -6.26161471e-02
   6.09221011e-02  1.64099038e-01 -4.29524761e-03  4.03631944e-03
  -2.56878324e-02 -1.08586699e-02  1.38117298e-01 -1.10602669e-01
  -9.75091830e-02  1.59541070e-01 -1.27258554e-01 -1.23872906e-02
   6.64663762e-02  1.84169356e-02 -1.10176556e-01  1.55112641e-02
   1.50064692e-01  1.35604575e-01 -5.62798828e-02  1.28836483e-01
  -4.85184565e-02  1.22576192e-01 -3.36220451e-02 -1.18462099e-02
  -4.49949354e-02 -7.57448748e-02 -5.90276197e-02 -4.49150577e-02
  -2.57670153e-02  8.56661797e-02  2.77454462e-02  5.37552452e-03
   1.74637899e-01  1.07204262e-02  2.59336829e-02 -6.03362061e-02
  -2.30839066e-02 -1.11830778e-01 -5.64008914e-02  7.57983178e-02
   6.46904483e-02 -6.99703693e-02  1.03783600e-01 -9.28285718e-02
  -8.50623474e-02 -1.41508384e-02 -1.19755559e-01 -3.41436416e-02
   9.31345075e-02 -5.50252683e-02  8.16756934e-02  8.88205096e-02
  -1.07749775e-01  1.32738275e-03  1.27537444e-01 -8.10709372e-02
  -7.26355389e-02  2.93410663e-03  2.09668353e-01  2.41531115e-02
  -3.50894555e-02  1.80234507e-01 -4.78956616e-03 -6.94598779e-02
  -6.23360388e-02 -7.62835145e-02  1.81286946e-01 -8.77451375e-02
   2.74354760e-02 -1.62267834e-02  1.66878864e-01  6.81520924e-02
  -6.35484233e-02 -6.85904101e-02  1.53740235e-02 -8.52244645e-02
  -2.49592382e-02  6.39433414e-02 -9.68119502e-02  2.84572262e-02
  -1.03784658e-01 -9.71633568e-03  2.84528229e-02  9.37467963e-02
   8.88106748e-02 -9.28426683e-02 -4.84504625e-02  2.29572743e-01
   9.43003222e-02 -5.47827408e-02  5.83068244e-02 -1.07080042e-01
   9.89188850e-02 -8.67862999e-02 -1.27944320e-01  1.24970876e-01
  -5.11988588e-02 -8.66742805e-02 -2.84066182e-02  4.77232970e-02
   5.84604479e-02  5.19993678e-02 -7.49039128e-02 -5.94150973e-03
  -8.09873417e-02 -4.47387584e-02 -1.07349999e-01  1.71683609e-01
   1.23573273e-01  1.69947445e-01 -1.19209914e-02  1.19374262e-03
  -6.47817403e-02 -9.69784930e-02  6.02232739e-02  1.01294160e-01
   7.38065094e-02 -7.97413215e-02 -1.14902712e-01 -6.33124411e-02
  -4.64973487e-02 -1.20864138e-02 -1.32650277e-02  1.76502571e-01]
 [ 1.45960987e-01 -8.20216238e-02 -1.26635045e-01 -2.08020881e-01
  -8.99152160e-02  6.28618449e-02 -9.05107856e-02 -4.12595794e-02
  -1.10401958e-01 -6.07516104e-03 -9.96905565e-02 -5.23893237e-02
  -8.85991901e-02  7.28296191e-02 -5.63496985e-02  2.39071548e-01
  -9.82832089e-02  4.48436067e-02 -8.07455108e-02  4.42737080e-02
  -5.92585467e-02  5.92252202e-02 -1.67008147e-01  2.25947239e-02
   1.45164981e-01 -5.03225513e-02  6.00513108e-02  9.36730206e-02
   1.51497215e-01 -7.03277215e-02 -7.69902542e-02  8.51986557e-02
   1.81666780e-02 -5.88950291e-02 -5.49032204e-02  1.94203779e-02
   2.62112729e-02 -8.65594074e-02  7.07743764e-02  4.12469218e-03
  -1.08803166e-02 -6.41369820e-02 -9.24054310e-02 -3.23880911e-02
  -4.95028943e-02 -9.44424942e-02  1.18010812e-01 -8.32011327e-02
  -7.48834610e-02  4.45267037e-02 -1.15028664e-01 -2.71390248e-02
   1.57574862e-01 -6.85680658e-03  1.87741555e-02  1.84783246e-02
  -5.53594455e-02  4.02152874e-02  1.67245224e-01 -8.14738795e-02
   6.77919835e-02 -1.71495900e-02  1.85584664e-01 -9.58754644e-02
   1.84854642e-01  1.29005745e-01  7.36835971e-02  1.76944524e-01
  -8.20820481e-02 -1.70373917e-02 -6.57218024e-02  1.55613750e-01
   3.73550542e-02  1.01686761e-01  4.73214649e-02 -5.45161180e-02
  -9.61510465e-02 -4.00121100e-02  4.62233275e-02 -3.51787964e-03
  -7.91997090e-02  1.61784410e-01 -8.39256644e-02 -6.80839866e-02
  -6.93278238e-02 -9.92396921e-02 -5.02505116e-02  3.56502994e-03
   6.36545988e-03  1.53459743e-01  1.03493400e-01  1.55233117e-02
  -4.40574996e-02 -5.44021279e-02  1.20135702e-01 -8.47548246e-02
  -8.55195299e-02 -7.75820240e-02 -9.84892324e-02  7.49218687e-02
   3.50720249e-02  1.14703499e-01 -5.69365509e-02  3.19146998e-02
  -3.18545550e-02  9.63465869e-02 -6.59363270e-02  7.40959272e-02
   5.98418303e-02  1.14092708e-01 -9.30285826e-02 -3.80723961e-02
   5.45836836e-02 -7.18676001e-02  2.39691455e-02 -2.09372658e-02
  -5.31205386e-02 -7.77192786e-02 -4.00971882e-02  2.06787109e-01
  -3.26636359e-02 -2.31964025e-03 -7.71624446e-02 -7.58795291e-02
   7.40585700e-02  1.29686929e-02 -6.49046749e-02 -6.09355345e-02]]
