[[ 0.12141357 -0.03635098 -0.15652524 -0.25706634 -0.04988005  0.05653112
  -0.09381635  0.01060337 -0.08957771 -0.06797273 -0.07639454 -0.07109886
  -0.09678377  0.00092808 -0.00667692  0.0792221  -0.11327675  0.02758408
  -0.06955722 -0.03819826  0.13753642  0.18944445 -0.02929919 -0.04023635
   0.12891908 -0.08373151  0.05983503 -0.0154231   0.11349527 -0.09227805
  -0.06256596  0.03790738 -0.06633427 -0.01785367  0.0787309   0.03262204
  -0.08620385 -0.09998826  0.2171746   0.12504594 -0.05689503 -0.07649754
  -0.08242781  0.16635844 -0.04519419 -0.0317901   0.02602085 -0.08054134
  -0.01301454 -0.04359679 -0.1481317  -0.08823467  0.15681417 -0.05992336
  -0.03438023  0.1143146  -0.15105301  0.0392637   0.16888276 -0.1096997
   0.06576249  0.08523185  0.13692164 -0.11553366  0.1147013  -0.06242158
   0.01053677  0.09875516 -0.1257461   0.05488321 -0.07178336  0.08167724
   0.06476814 -0.04988469  0.06924306 -0.06476329 -0.0575032  -0.02592433
   0.02340911  0.07366252 -0.07841355  0.00718917 -0.10796652  0.04833662
  -0.06082187 -0.0866816  -0.0669591   0.10160781  0.11067431 -0.06677672
   0.14868641  0.06800751  0.12181739 -0.05165517  0.06392433 -0.09414493
  -0.04747595 -0.11731532 -0.12238377  0.10532392 -0.0159425   0.11175102
  -0.04083647  0.17484279 -0.05057878 -0.0552664  -0.09198046  0.02183455
   0.00426792  0.11076604 -0.07008937  0.01556158  0.03382174 -0.06041348
  -0.08389208  0.055859   -0.05310537 -0.07206687 -0.09811307 -0.02123712
  -0.06140579  0.02089964  0.00275063 -0.07357308  0.06619274 -0.02401089
  -0.02307921 -0.09393217]
 [ 0.06188208 -0.08375286 -0.08142611 -0.04855093  0.06234951  0.15418617
  -0.0044432   0.0401881  -0.03342943 -0.03311688  0.1630205  -0.08654984
  -0.10163634  0.17071994 -0.1266918  -0.01644409  0.08099855  0.03399683
  -0.10435787  0.01991859  0.15390539  0.16611727 -0.04032893  0.08824994
  -0.03855536  0.12585081 -0.06717869 -0.0221815  -0.03457114 -0.07413465
  -0.06377961 -0.05085583 -0.00702183  0.08866269  0.03165114 -0.00685744
   0.17535765  0.02122168  0.03247936 -0.05239647 -0.00037755 -0.1052243
  -0.04553005  0.08143226  0.06265756 -0.07118424  0.08404871 -0.09307221
  -0.07671614 -0.02748493 -0.10837655 -0.0262882   0.09879883 -0.03979427
   0.06656419  0.05219369 -0.1230685   0.01619134  0.12256069 -0.07513176
  -0.04842036 -0.01334447  0.25115442  0.04936375 -0.05402391  0.18355447
   0.00329111 -0.06384744 -0.06534317 -0.07037555  0.19479737 -0.08215638
   0.02584429 -0.01433141  0.16565771  0.07099027 -0.06350684 -0.06785907
   0.03623826 -0.07332957 -0.00704561  0.03353128 -0.09420043  0.08199059
  -0.09615451 -0.00249138  0.04940337  0.05557075  0.07727974 -0.08758944
  -0.03023429  0.20353092  0.0928466  -0.05221094  0.074405   -0.10980897
   0.10236697 -0.08148517 -0.11937917  0.14249547 -0.05974202 -0.07454477
  -0.02806281  0.05849365  0.07103083  0.08114801 -0.07216191 -0.0079205
  -0.08515715 -0.03512505 -0.10626421  0.15645266  0.08272745  0.1819723
  -0.03006994 -0.00263868 -0.06792042 -0.08598924  0.03703069  0.0965983
   0.06275253 -0.07031002 -0.10630425 -0.0655961  -0.0785102  -0.03261612
  -0.01902091  0.17799333]
 [ 0.14263475 -0.0853633  -0.11692646 -0.21394642 -0.08980886  0.06888824
  -0.09000015 -0.05697993 -0.11036371 -0.00379444 -0.09989044 -0.00516243
  -0.09257796  0.08996587 -0.0517956   0.22302194 -0.099971    0.04347894
  -0.07444702  0.07489017 -0.05611192  0.0702522  -0.1587407   0.03108406
   0.10840531 -0.0566834   0.09786984  0.06844301  0.16627593 -0.07174309
  -0.07471389  0.08564     0.034506   -0.06546779 -0.06257475  0.00529064
   0.02961734 -0.09017772  0.07904505 -0.00190213 -0.01379661 -0.06698726
  -0.09438085 -0.02814119 -0.05156428 -0.09342381  0.14316724 -0.08390075
  -0.07508551  0.04533575 -0.11460051 -0.02552049  0.16021645 -0.02106756
   0.0264717  -0.00639363 -0.03118785  0.03377333  0.16541179 -0.08538421
   0.06718429 -0.03597805  0.19618084 -0.09947087  0.18982741  0.11939997
   0.08263133  0.1722967  -0.08333679  0.01138618 -0.06036836  0.13858643
   0.03872349  0.10289543  0.02557675 -0.06099011 -0.09226564 -0.04435886
   0.03662616 -0.0401678  -0.066535    0.16572756 -0.08504052 -0.06251864
  -0.05971518 -0.07951954 -0.03068741 -0.00469816  0.03001936  0.1221709
   0.07041228  0.01882279 -0.04275463 -0.05930342  0.14041643 -0.08081716
  -0.07699387 -0.07995707 -0.09597591  0.06396231  0.02987201  0.10347798
  -0.05340215  0.03846113 -0.05245501  0.12338179 -0.06136351  0.07655676
   0.05576954  0.12615849 -0.08905662 -0.04585837  0.06905074 -0.06335822
   0.03042098 -0.02774668 -0.05640825 -0.06823751 -0.03746553  0.22282302
  -0.02837191 -0.00962001 -0.0655554  -0.07909527  0.08421187  0.00855987
  -0.06895946 -0.06153595]]
[[ 0.12141357 -0.03635098 -0.15652524 -0.25706634 -0.04988005  0.05653112
  -0.09381635  0.01060337 -0.08957771 -0.06797273 -0.07639454 -0.07109886
  -0.09678377  0.00092808 -0.00667692  0.0792221  -0.11327675  0.02758408
  -0.06955722 -0.03819826  0.13753642  0.18944445 -0.02929919 -0.04023635
   0.12891908 -0.08373151  0.05983503 -0.0154231   0.11349527 -0.09227805
  -0.06256596  0.03790738 -0.06633427 -0.01785367  0.0787309   0.03262204
  -0.08620385 -0.09998826  0.2171746   0.12504594 -0.05689503 -0.07649754
  -0.08242781  0.16635844 -0.04519419 -0.0317901   0.02602085 -0.08054134
  -0.01301454 -0.04359679 -0.1481317  -0.08823467  0.15681417 -0.05992336
  -0.03438023  0.1143146  -0.15105301  0.0392637   0.16888276 -0.1096997
   0.06576249  0.08523185  0.13692164 -0.11553366  0.1147013  -0.06242158
   0.01053677  0.09875516 -0.1257461   0.05488321 -0.07178336  0.08167724
   0.06476814 -0.04988469  0.06924306 -0.06476329 -0.0575032  -0.02592433
   0.02340911  0.07366252 -0.07841355  0.00718917 -0.10796652  0.04833662
  -0.06082187 -0.0866816  -0.0669591   0.10160781  0.11067431 -0.06677672
   0.14868641  0.06800751  0.12181739 -0.05165517  0.06392433 -0.09414493
  -0.04747595 -0.11731532 -0.12238377  0.10532392 -0.0159425   0.11175102
  -0.04083647  0.17484279 -0.05057878 -0.0552664  -0.09198046  0.02183455
   0.00426792  0.11076604 -0.07008937  0.01556158  0.03382174 -0.06041348
  -0.08389208  0.055859   -0.05310537 -0.07206687 -0.09811307 -0.02123712
  -0.06140579  0.02089964  0.00275063 -0.07357308  0.06619274 -0.02401089
  -0.02307921 -0.09393217]
 [ 0.06188208 -0.08375286 -0.08142611 -0.04855093  0.06234951  0.15418617
  -0.0044432   0.0401881  -0.03342943 -0.03311688  0.1630205  -0.08654984
  -0.10163634  0.17071994 -0.1266918  -0.01644409  0.08099855  0.03399683
  -0.10435787  0.01991859  0.15390539  0.16611727 -0.04032893  0.08824994
  -0.03855536  0.12585081 -0.06717869 -0.0221815  -0.03457114 -0.07413465
  -0.06377961 -0.05085583 -0.00702183  0.08866269  0.03165114 -0.00685744
   0.17535765  0.02122168  0.03247936 -0.05239647 -0.00037755 -0.1052243
  -0.04553005  0.08143226  0.06265756 -0.07118424  0.08404871 -0.09307221
  -0.07671614 -0.02748493 -0.10837655 -0.0262882   0.09879883 -0.03979427
   0.06656419  0.05219369 -0.1230685   0.01619134  0.12256069 -0.07513176
  -0.04842036 -0.01334447  0.25115442  0.04936375 -0.05402391  0.18355447
   0.00329111 -0.06384744 -0.06534317 -0.07037555  0.19479737 -0.08215638
   0.02584429 -0.01433141  0.16565771  0.07099027 -0.06350684 -0.06785907
   0.03623826 -0.07332957 -0.00704561  0.03353128 -0.09420043  0.08199059
  -0.09615451 -0.00249138  0.04940337  0.05557075  0.07727974 -0.08758944
  -0.03023429  0.20353092  0.0928466  -0.05221094  0.074405   -0.10980897
   0.10236697 -0.08148517 -0.11937917  0.14249547 -0.05974202 -0.07454477
  -0.02806281  0.05849365  0.07103083  0.08114801 -0.07216191 -0.0079205
  -0.08515715 -0.03512505 -0.10626421  0.15645266  0.08272745  0.1819723
  -0.03006994 -0.00263868 -0.06792042 -0.08598924  0.03703069  0.0965983
   0.06275253 -0.07031002 -0.10630425 -0.0655961  -0.0785102  -0.03261612
  -0.01902091  0.17799333]
 [ 0.14263475 -0.0853633  -0.11692646 -0.21394642 -0.08980886  0.06888824
  -0.09000015 -0.05697993 -0.11036371 -0.00379444 -0.09989044 -0.00516243
  -0.09257796  0.08996587 -0.0517956   0.22302194 -0.099971    0.04347894
  -0.07444702  0.07489017 -0.05611192  0.0702522  -0.1587407   0.03108406
   0.10840531 -0.0566834   0.09786984  0.06844301  0.16627593 -0.07174309
  -0.07471389  0.08564     0.034506   -0.06546779 -0.06257475  0.00529064
   0.02961734 -0.09017772  0.07904505 -0.00190213 -0.01379661 -0.06698726
  -0.09438085 -0.02814119 -0.05156428 -0.09342381  0.14316724 -0.08390075
  -0.07508551  0.04533575 -0.11460051 -0.02552049  0.16021645 -0.02106756
   0.0264717  -0.00639363 -0.03118785  0.03377333  0.16541179 -0.08538421
   0.06718429 -0.03597805  0.19618084 -0.09947087  0.18982741  0.11939997
   0.08263133  0.1722967  -0.08333679  0.01138618 -0.06036836  0.13858643
   0.03872349  0.10289543  0.02557675 -0.06099011 -0.09226564 -0.04435886
   0.03662616 -0.0401678  -0.066535    0.16572756 -0.08504052 -0.06251864
  -0.05971518 -0.07951954 -0.03068741 -0.00469816  0.03001936  0.1221709
   0.07041228  0.01882279 -0.04275463 -0.05930342  0.14041643 -0.08081716
  -0.07699387 -0.07995707 -0.09597591  0.06396231  0.02987201  0.10347798
  -0.05340215  0.03846113 -0.05245501  0.12338179 -0.06136351  0.07655676
   0.05576954  0.12615849 -0.08905662 -0.04585837  0.06905074 -0.06335822
   0.03042098 -0.02774668 -0.05640825 -0.06823751 -0.03746553  0.22282302
  -0.02837191 -0.00962001 -0.0655554  -0.07909527  0.08421187  0.00855987
  -0.06895946 -0.06153595]]
[[ 0.12141357 -0.03635098 -0.15652524 -0.25706634 -0.04988005  0.05653112
  -0.09381635  0.01060337 -0.08957771 -0.06797273 -0.07639454 -0.07109886
  -0.09678377  0.00092808 -0.00667692  0.0792221  -0.11327675  0.02758408
  -0.06955722 -0.03819826  0.13753642  0.18944445 -0.02929919 -0.04023635
   0.12891908 -0.08373151  0.05983503 -0.0154231   0.11349527 -0.09227805
  -0.06256596  0.03790738 -0.06633427 -0.01785367  0.0787309   0.03262204
  -0.08620385 -0.09998826  0.2171746   0.12504594 -0.05689503 -0.07649754
  -0.08242781  0.16635844 -0.04519419 -0.0317901   0.02602085 -0.08054134
  -0.01301454 -0.04359679 -0.1481317  -0.08823467  0.15681417 -0.05992336
  -0.03438023  0.1143146  -0.15105301  0.0392637   0.16888276 -0.1096997
   0.06576249  0.08523185  0.13692164 -0.11553366  0.1147013  -0.06242158
   0.01053677  0.09875516 -0.1257461   0.05488321 -0.07178336  0.08167724
   0.06476814 -0.04988469  0.06924306 -0.06476329 -0.0575032  -0.02592433
   0.02340911  0.07366252 -0.07841355  0.00718917 -0.10796652  0.04833662
  -0.06082187 -0.0866816  -0.0669591   0.10160781  0.11067431 -0.06677672
   0.14868641  0.06800751  0.12181739 -0.05165517  0.06392433 -0.09414493
  -0.04747595 -0.11731532 -0.12238377  0.10532392 -0.0159425   0.11175102
  -0.04083647  0.17484279 -0.05057878 -0.0552664  -0.09198046  0.02183455
   0.00426792  0.11076604 -0.07008937  0.01556158  0.03382174 -0.06041348
  -0.08389208  0.055859   -0.05310537 -0.07206687 -0.09811307 -0.02123712
  -0.06140579  0.02089964  0.00275063 -0.07357308  0.06619274 -0.02401089
  -0.02307921 -0.09393217]
 [ 0.06188208 -0.08375286 -0.08142611 -0.04855093  0.06234951  0.15418617
  -0.0044432   0.0401881  -0.03342943 -0.03311688  0.1630205  -0.08654984
  -0.10163634  0.17071994 -0.1266918  -0.01644409  0.08099855  0.03399683
  -0.10435787  0.01991859  0.15390539  0.16611727 -0.04032893  0.08824994
  -0.03855536  0.12585081 -0.06717869 -0.0221815  -0.03457114 -0.07413465
  -0.06377961 -0.05085583 -0.00702183  0.08866269  0.03165114 -0.00685744
   0.17535765  0.02122168  0.03247936 -0.05239647 -0.00037755 -0.1052243
  -0.04553005  0.08143226  0.06265756 -0.07118424  0.08404871 -0.09307221
  -0.07671614 -0.02748493 -0.10837655 -0.0262882   0.09879883 -0.03979427
   0.06656419  0.05219369 -0.1230685   0.01619134  0.12256069 -0.07513176
  -0.04842036 -0.01334447  0.25115442  0.04936375 -0.05402391  0.18355447
   0.00329111 -0.06384744 -0.06534317 -0.07037555  0.19479737 -0.08215638
   0.02584429 -0.01433141  0.16565771  0.07099027 -0.06350684 -0.06785907
   0.03623826 -0.07332957 -0.00704561  0.03353128 -0.09420043  0.08199059
  -0.09615451 -0.00249138  0.04940337  0.05557075  0.07727974 -0.08758944
  -0.03023429  0.20353092  0.0928466  -0.05221094  0.074405   -0.10980897
   0.10236697 -0.08148517 -0.11937917  0.14249547 -0.05974202 -0.07454477
  -0.02806281  0.05849365  0.07103083  0.08114801 -0.07216191 -0.0079205
  -0.08515715 -0.03512505 -0.10626421  0.15645266  0.08272745  0.1819723
  -0.03006994 -0.00263868 -0.06792042 -0.08598924  0.03703069  0.0965983
   0.06275253 -0.07031002 -0.10630425 -0.0655961  -0.0785102  -0.03261612
  -0.01902091  0.17799333]
 [ 0.14263475 -0.0853633  -0.11692646 -0.21394642 -0.08980886  0.06888824
  -0.09000015 -0.05697993 -0.11036371 -0.00379444 -0.09989044 -0.00516243
  -0.09257796  0.08996587 -0.0517956   0.22302194 -0.099971    0.04347894
  -0.07444702  0.07489017 -0.05611192  0.0702522  -0.1587407   0.03108406
   0.10840531 -0.0566834   0.09786984  0.06844301  0.16627593 -0.07174309
  -0.07471389  0.08564     0.034506   -0.06546779 -0.06257475  0.00529064
   0.02961734 -0.09017772  0.07904505 -0.00190213 -0.01379661 -0.06698726
  -0.09438085 -0.02814119 -0.05156428 -0.09342381  0.14316724 -0.08390075
  -0.07508551  0.04533575 -0.11460051 -0.02552049  0.16021645 -0.02106756
   0.0264717  -0.00639363 -0.03118785  0.03377333  0.16541179 -0.08538421
   0.06718429 -0.03597805  0.19618084 -0.09947087  0.18982741  0.11939997
   0.08263133  0.1722967  -0.08333679  0.01138618 -0.06036836  0.13858643
   0.03872349  0.10289543  0.02557675 -0.06099011 -0.09226564 -0.04435886
   0.03662616 -0.0401678  -0.066535    0.16572756 -0.08504052 -0.06251864
  -0.05971518 -0.07951954 -0.03068741 -0.00469816  0.03001936  0.1221709
   0.07041228  0.01882279 -0.04275463 -0.05930342  0.14041643 -0.08081716
  -0.07699387 -0.07995707 -0.09597591  0.06396231  0.02987201  0.10347798
  -0.05340215  0.03846113 -0.05245501  0.12338179 -0.06136351  0.07655676
   0.05576954  0.12615849 -0.08905662 -0.04585837  0.06905074 -0.06335822
   0.03042098 -0.02774668 -0.05640825 -0.06823751 -0.03746553  0.22282302
  -0.02837191 -0.00962001 -0.0655554  -0.07909527  0.08421187  0.00855987
  -0.06895946 -0.06153595]]
[[ 0.12141357 -0.03635098 -0.15652524 -0.25706634 -0.04988005  0.05653112
  -0.09381635  0.01060337 -0.08957771 -0.06797273 -0.07639454 -0.07109886
  -0.09678377  0.00092808 -0.00667692  0.0792221  -0.11327675  0.02758408
  -0.06955722 -0.03819826  0.13753642  0.18944445 -0.02929919 -0.04023635
   0.12891908 -0.08373151  0.05983503 -0.0154231   0.11349527 -0.09227805
  -0.06256596  0.03790738 -0.06633427 -0.01785367  0.0787309   0.03262204
  -0.08620385 -0.09998826  0.2171746   0.12504594 -0.05689503 -0.07649754
  -0.08242781  0.16635844 -0.04519419 -0.0317901   0.02602085 -0.08054134
  -0.01301454 -0.04359679 -0.1481317  -0.08823467  0.15681417 -0.05992336
  -0.03438023  0.1143146  -0.15105301  0.0392637   0.16888276 -0.1096997
   0.06576249  0.08523185  0.13692164 -0.11553366  0.1147013  -0.06242158
   0.01053677  0.09875516 -0.1257461   0.05488321 -0.07178336  0.08167724
   0.06476814 -0.04988469  0.06924306 -0.06476329 -0.0575032  -0.02592433
   0.02340911  0.07366252 -0.07841355  0.00718917 -0.10796652  0.04833662
  -0.06082187 -0.0866816  -0.0669591   0.10160781  0.11067431 -0.06677672
   0.14868641  0.06800751  0.12181739 -0.05165517  0.06392433 -0.09414493
  -0.04747595 -0.11731532 -0.12238377  0.10532392 -0.0159425   0.11175102
  -0.04083647  0.17484279 -0.05057878 -0.0552664  -0.09198046  0.02183455
   0.00426792  0.11076604 -0.07008937  0.01556158  0.03382174 -0.06041348
  -0.08389208  0.055859   -0.05310537 -0.07206687 -0.09811307 -0.02123712
  -0.06140579  0.02089964  0.00275063 -0.07357308  0.06619274 -0.02401089
  -0.02307921 -0.09393217]
 [ 0.06188208 -0.08375286 -0.08142611 -0.04855093  0.06234951  0.15418617
  -0.0044432   0.0401881  -0.03342943 -0.03311688  0.1630205  -0.08654984
  -0.10163634  0.17071994 -0.1266918  -0.01644409  0.08099855  0.03399683
  -0.10435787  0.01991859  0.15390539  0.16611727 -0.04032893  0.08824994
  -0.03855536  0.12585081 -0.06717869 -0.0221815  -0.03457114 -0.07413465
  -0.06377961 -0.05085583 -0.00702183  0.08866269  0.03165114 -0.00685744
   0.17535765  0.02122168  0.03247936 -0.05239647 -0.00037755 -0.1052243
  -0.04553005  0.08143226  0.06265756 -0.07118424  0.08404871 -0.09307221
  -0.07671614 -0.02748493 -0.10837655 -0.0262882   0.09879883 -0.03979427
   0.06656419  0.05219369 -0.1230685   0.01619134  0.12256069 -0.07513176
  -0.04842036 -0.01334447  0.25115442  0.04936375 -0.05402391  0.18355447
   0.00329111 -0.06384744 -0.06534317 -0.07037555  0.19479737 -0.08215638
   0.02584429 -0.01433141  0.16565771  0.07099027 -0.06350684 -0.06785907
   0.03623826 -0.07332957 -0.00704561  0.03353128 -0.09420043  0.08199059
  -0.09615451 -0.00249138  0.04940337  0.05557075  0.07727974 -0.08758944
  -0.03023429  0.20353092  0.0928466  -0.05221094  0.074405   -0.10980897
   0.10236697 -0.08148517 -0.11937917  0.14249547 -0.05974202 -0.07454477
  -0.02806281  0.05849365  0.07103083  0.08114801 -0.07216191 -0.0079205
  -0.08515715 -0.03512505 -0.10626421  0.15645266  0.08272745  0.1819723
  -0.03006994 -0.00263868 -0.06792042 -0.08598924  0.03703069  0.0965983
   0.06275253 -0.07031002 -0.10630425 -0.0655961  -0.0785102  -0.03261612
  -0.01902091  0.17799333]
 [ 0.14263475 -0.0853633  -0.11692646 -0.21394642 -0.08980886  0.06888824
  -0.09000015 -0.05697993 -0.11036371 -0.00379444 -0.09989044 -0.00516243
  -0.09257796  0.08996587 -0.0517956   0.22302194 -0.099971    0.04347894
  -0.07444702  0.07489017 -0.05611192  0.0702522  -0.1587407   0.03108406
   0.10840531 -0.0566834   0.09786984  0.06844301  0.16627593 -0.07174309
  -0.07471389  0.08564     0.034506   -0.06546779 -0.06257475  0.00529064
   0.02961734 -0.09017772  0.07904505 -0.00190213 -0.01379661 -0.06698726
  -0.09438085 -0.02814119 -0.05156428 -0.09342381  0.14316724 -0.08390075
  -0.07508551  0.04533575 -0.11460051 -0.02552049  0.16021645 -0.02106756
   0.0264717  -0.00639363 -0.03118785  0.03377333  0.16541179 -0.08538421
   0.06718429 -0.03597805  0.19618084 -0.09947087  0.18982741  0.11939997
   0.08263133  0.1722967  -0.08333679  0.01138618 -0.06036836  0.13858643
   0.03872349  0.10289543  0.02557675 -0.06099011 -0.09226564 -0.04435886
   0.03662616 -0.0401678  -0.066535    0.16572756 -0.08504052 -0.06251864
  -0.05971518 -0.07951954 -0.03068741 -0.00469816  0.03001936  0.1221709
   0.07041228  0.01882279 -0.04275463 -0.05930342  0.14041643 -0.08081716
  -0.07699387 -0.07995707 -0.09597591  0.06396231  0.02987201  0.10347798
  -0.05340215  0.03846113 -0.05245501  0.12338179 -0.06136351  0.07655676
   0.05576954  0.12615849 -0.08905662 -0.04585837  0.06905074 -0.06335822
   0.03042098 -0.02774668 -0.05640825 -0.06823751 -0.03746553  0.22282302
  -0.02837191 -0.00962001 -0.0655554  -0.07909527  0.08421187  0.00855987
  -0.06895946 -0.06153595]]
