[[ 0.02664607  0.04682771 -0.05119158 -0.18459842  0.00318677  0.01354037
  -0.11159255  0.01596711 -0.09145755 -0.07295556 -0.07675655 -0.03710167
  -0.11584852 -0.00728729 -0.03026352  0.07527907 -0.11962499  0.0472547
  -0.03776426  0.02577632  0.2197129   0.23273101  0.019027   -0.03670974
   0.18112163 -0.10207375  0.06339732 -0.05885035 -0.03638746 -0.07537421
   0.00384949 -0.0113857  -0.08988659 -0.02602776  0.05894948  0.00276662
  -0.0795433  -0.08691864  0.2586225   0.12656742 -0.05357132 -0.05844555
  -0.12914157  0.20054865 -0.07888605 -0.04150679  0.05729204 -0.08816284
   0.04381365  0.00220059 -0.1516198  -0.08474811  0.10576998 -0.02189342
   0.01956328  0.09174797 -0.1304345   0.04879805  0.14353885 -0.10071363
   0.04038334  0.01188187  0.09065495 -0.10405945  0.10469104 -0.03657076
   0.05764871  0.06747267 -0.1262286   0.12125944 -0.0379991  -0.04250739
   0.02552481 -0.10601533  0.12926723 -0.08445749 -0.05145097  0.04142453
   0.02737089 -0.01270138 -0.01152209 -0.01523159 -0.10994198  0.01953258
  -0.06280072 -0.12839468 -0.04550012  0.04756186  0.18094158 -0.1025011
   0.10658671  0.02543967  0.16495866 -0.0460452   0.1775658  -0.11318202
  -0.05672733 -0.12462746 -0.11981826  0.11038085 -0.04620721  0.00519556
   0.00767963  0.07390025 -0.11108582 -0.09545573 -0.09523899  0.0137128
  -0.00921122  0.08485778 -0.06362383 -0.00306487  0.09553216 -0.05424174
  -0.0141684  -0.03441678 -0.00152165 -0.07671423 -0.0967559  -0.07363967
  -0.06127889  0.01410257  0.05185241 -0.04178184 -0.00142503 -0.03496944
  -0.02368438 -0.10099897]
 [ 0.0657031  -0.07281636 -0.08183243 -0.04876574  0.04790555  0.15317363
  -0.01431306  0.0031196  -0.05844747 -0.0337833   0.08865848 -0.10639925
  -0.09664658  0.22498511 -0.11046674 -0.00826249  0.07784685 -0.04042618
  -0.09801899  0.03046298  0.15201266  0.1163203  -0.07174509  0.15352274
  -0.05734344  0.10081086 -0.04037495 -0.00268218 -0.05409901 -0.06115177
  -0.07976689 -0.03812187  0.00249554  0.05582725  0.08842459  0.00137532
   0.16091385 -0.00118891 -0.01135604 -0.0402307   0.07020555 -0.10647863
  -0.03401204  0.07772375  0.03494107 -0.05709687  0.04731605 -0.07764158
  -0.07374506 -0.00212655 -0.09760521  0.0314701   0.0949219  -0.05980571
   0.1355326   0.03075219 -0.11202829 -0.00368757  0.084875   -0.05026373
  -0.093871   -0.04978687  0.22419396  0.06614888  0.01120002  0.13553394
  -0.05359352 -0.04821421 -0.02760753 -0.0770546   0.19141369 -0.06782848
  -0.00058704  0.01839513  0.13680352 -0.0161978  -0.09175202 -0.07845751
  -0.04901487 -0.0677226  -0.03583897  0.08961304 -0.0843669   0.04249799
  -0.09822369  0.03340458  0.03001757  0.04304146  0.07611527 -0.09627175
  -0.02467475  0.2786196   0.03570285  0.01701971  0.0644024  -0.07052869
   0.1085321  -0.07534675 -0.1139816   0.10686781 -0.02567819 -0.08411686
  -0.00986022  0.09100323  0.01160113  0.08663124 -0.08484899 -0.02968553
  -0.08746502 -0.0314687  -0.09742732  0.17447166  0.06183944  0.17923948
   0.01843271  0.02061947 -0.06971399 -0.09292616  0.07318702  0.17611231
   0.03980507 -0.08185506 -0.09645157 -0.07439864 -0.05489835  0.01372387
  -0.03211758  0.22552058]
 [ 0.10963878 -0.06324159 -0.07659984 -0.14631797 -0.07687245  0.06347671
  -0.08018849 -0.06254237 -0.09795809 -0.0063991  -0.09246658 -0.04539653
  -0.08941353  0.06625382 -0.03912173  0.2544194  -0.09044153  0.06542583
  -0.07043992  0.0375745  -0.06924379  0.03074624 -0.19508655  0.01524324
   0.16684037 -0.04765538  0.06325065  0.11943106  0.17293353 -0.06427993
  -0.06077572  0.0397199   0.00067735 -0.06119416 -0.05212008 -0.00768464
   0.05166665 -0.07679285  0.09076929 -0.02040753 -0.01133814 -0.05541587
  -0.09109078 -0.04329063 -0.05265409 -0.08857603  0.06931291 -0.07982137
  -0.06880774  0.02287377 -0.09918177 -0.02649627  0.14929198 -0.00541893
  -0.00533178  0.0146754  -0.0854989   0.00886416  0.12493591 -0.06671244
   0.08285383 -0.02600312  0.1571926  -0.06954017  0.16922215  0.18808736
   0.04249228  0.20500317 -0.08688805 -0.04079949 -0.07067744  0.17238161
   0.03691518  0.12181655  0.07472172 -0.05751214 -0.09439084 -0.04379547
   0.0192699  -0.0058778  -0.07828213  0.16167866 -0.0730532  -0.04978017
  -0.04503164 -0.09852488 -0.05749759 -0.03507085  0.00477414  0.2019695
   0.17342934 -0.03498474 -0.03311467 -0.05227217  0.13945542 -0.0829241
  -0.08523601 -0.06907652 -0.0843294   0.0429462   0.04703671  0.12226786
  -0.06706526  0.03366873 -0.03500235  0.07555082 -0.06277619  0.11843946
   0.09132291  0.09711861 -0.08388984 -0.05766343  0.07128137 -0.07519431
   0.00260546  0.02346626 -0.05465737 -0.06501704 -0.06474135  0.19236611
  -0.02129496  0.03455625 -0.06019697 -0.06510107  0.04672744 -0.04163218
  -0.07507969 -0.05364215]]
[[ 0.02664607  0.04682771 -0.05119158 -0.18459842  0.00318677  0.01354037
  -0.11159255  0.01596711 -0.09145755 -0.07295556 -0.07675655 -0.03710167
  -0.11584852 -0.00728729 -0.03026352  0.07527907 -0.11962499  0.0472547
  -0.03776426  0.02577632  0.2197129   0.23273101  0.019027   -0.03670974
   0.18112163 -0.10207375  0.06339732 -0.05885035 -0.03638746 -0.07537421
   0.00384949 -0.0113857  -0.08988659 -0.02602776  0.05894948  0.00276662
  -0.0795433  -0.08691864  0.2586225   0.12656742 -0.05357132 -0.05844555
  -0.12914157  0.20054865 -0.07888605 -0.04150679  0.05729204 -0.08816284
   0.04381365  0.00220059 -0.1516198  -0.08474811  0.10576998 -0.02189342
   0.01956328  0.09174797 -0.1304345   0.04879805  0.14353885 -0.10071363
   0.04038334  0.01188187  0.09065495 -0.10405945  0.10469104 -0.03657076
   0.05764871  0.06747267 -0.1262286   0.12125944 -0.0379991  -0.04250739
   0.02552481 -0.10601533  0.12926723 -0.08445749 -0.05145097  0.04142453
   0.02737089 -0.01270138 -0.01152209 -0.01523159 -0.10994198  0.01953258
  -0.06280072 -0.12839468 -0.04550012  0.04756186  0.18094158 -0.1025011
   0.10658671  0.02543967  0.16495866 -0.0460452   0.1775658  -0.11318202
  -0.05672733 -0.12462746 -0.11981826  0.11038085 -0.04620721  0.00519556
   0.00767963  0.07390025 -0.11108582 -0.09545573 -0.09523899  0.0137128
  -0.00921122  0.08485778 -0.06362383 -0.00306487  0.09553216 -0.05424174
  -0.0141684  -0.03441678 -0.00152165 -0.07671423 -0.0967559  -0.07363967
  -0.06127889  0.01410257  0.05185241 -0.04178184 -0.00142503 -0.03496944
  -0.02368438 -0.10099897]
 [ 0.0657031  -0.07281636 -0.08183243 -0.04876574  0.04790555  0.15317363
  -0.01431306  0.0031196  -0.05844747 -0.0337833   0.08865848 -0.10639925
  -0.09664658  0.22498511 -0.11046674 -0.00826249  0.07784685 -0.04042618
  -0.09801899  0.03046298  0.15201266  0.1163203  -0.07174509  0.15352274
  -0.05734344  0.10081086 -0.04037495 -0.00268218 -0.05409901 -0.06115177
  -0.07976689 -0.03812187  0.00249554  0.05582725  0.08842459  0.00137532
   0.16091385 -0.00118891 -0.01135604 -0.0402307   0.07020555 -0.10647863
  -0.03401204  0.07772375  0.03494107 -0.05709687  0.04731605 -0.07764158
  -0.07374506 -0.00212655 -0.09760521  0.0314701   0.0949219  -0.05980571
   0.1355326   0.03075219 -0.11202829 -0.00368757  0.084875   -0.05026373
  -0.093871   -0.04978687  0.22419396  0.06614888  0.01120002  0.13553394
  -0.05359352 -0.04821421 -0.02760753 -0.0770546   0.19141369 -0.06782848
  -0.00058704  0.01839513  0.13680352 -0.0161978  -0.09175202 -0.07845751
  -0.04901487 -0.0677226  -0.03583897  0.08961304 -0.0843669   0.04249799
  -0.09822369  0.03340458  0.03001757  0.04304146  0.07611527 -0.09627175
  -0.02467475  0.2786196   0.03570285  0.01701971  0.0644024  -0.07052869
   0.1085321  -0.07534675 -0.1139816   0.10686781 -0.02567819 -0.08411686
  -0.00986022  0.09100323  0.01160113  0.08663124 -0.08484899 -0.02968553
  -0.08746502 -0.0314687  -0.09742732  0.17447166  0.06183944  0.17923948
   0.01843271  0.02061947 -0.06971399 -0.09292616  0.07318702  0.17611231
   0.03980507 -0.08185506 -0.09645157 -0.07439864 -0.05489835  0.01372387
  -0.03211758  0.22552058]
 [ 0.10963878 -0.06324159 -0.07659984 -0.14631797 -0.07687245  0.06347671
  -0.08018849 -0.06254237 -0.09795809 -0.0063991  -0.09246658 -0.04539653
  -0.08941353  0.06625382 -0.03912173  0.2544194  -0.09044153  0.06542583
  -0.07043992  0.0375745  -0.06924379  0.03074624 -0.19508655  0.01524324
   0.16684037 -0.04765538  0.06325065  0.11943106  0.17293353 -0.06427993
  -0.06077572  0.0397199   0.00067735 -0.06119416 -0.05212008 -0.00768464
   0.05166665 -0.07679285  0.09076929 -0.02040753 -0.01133814 -0.05541587
  -0.09109078 -0.04329063 -0.05265409 -0.08857603  0.06931291 -0.07982137
  -0.06880774  0.02287377 -0.09918177 -0.02649627  0.14929198 -0.00541893
  -0.00533178  0.0146754  -0.0854989   0.00886416  0.12493591 -0.06671244
   0.08285383 -0.02600312  0.1571926  -0.06954017  0.16922215  0.18808736
   0.04249228  0.20500317 -0.08688805 -0.04079949 -0.07067744  0.17238161
   0.03691518  0.12181655  0.07472172 -0.05751214 -0.09439084 -0.04379547
   0.0192699  -0.0058778  -0.07828213  0.16167866 -0.0730532  -0.04978017
  -0.04503164 -0.09852488 -0.05749759 -0.03507085  0.00477414  0.2019695
   0.17342934 -0.03498474 -0.03311467 -0.05227217  0.13945542 -0.0829241
  -0.08523601 -0.06907652 -0.0843294   0.0429462   0.04703671  0.12226786
  -0.06706526  0.03366873 -0.03500235  0.07555082 -0.06277619  0.11843946
   0.09132291  0.09711861 -0.08388984 -0.05766343  0.07128137 -0.07519431
   0.00260546  0.02346626 -0.05465737 -0.06501704 -0.06474135  0.19236611
  -0.02129496  0.03455625 -0.06019697 -0.06510107  0.04672744 -0.04163218
  -0.07507969 -0.05364215]]
[[ 0.02664607  0.04682771 -0.05119158 -0.18459842  0.00318677  0.01354037
  -0.11159255  0.01596711 -0.09145755 -0.07295556 -0.07675655 -0.03710167
  -0.11584852 -0.00728729 -0.03026352  0.07527907 -0.11962499  0.0472547
  -0.03776426  0.02577632  0.2197129   0.23273101  0.019027   -0.03670974
   0.18112163 -0.10207375  0.06339732 -0.05885035 -0.03638746 -0.07537421
   0.00384949 -0.0113857  -0.08988659 -0.02602776  0.05894948  0.00276662
  -0.0795433  -0.08691864  0.2586225   0.12656742 -0.05357132 -0.05844555
  -0.12914157  0.20054865 -0.07888605 -0.04150679  0.05729204 -0.08816284
   0.04381365  0.00220059 -0.1516198  -0.08474811  0.10576998 -0.02189342
   0.01956328  0.09174797 -0.1304345   0.04879805  0.14353885 -0.10071363
   0.04038334  0.01188187  0.09065495 -0.10405945  0.10469104 -0.03657076
   0.05764871  0.06747267 -0.1262286   0.12125944 -0.0379991  -0.04250739
   0.02552481 -0.10601533  0.12926723 -0.08445749 -0.05145097  0.04142453
   0.02737089 -0.01270138 -0.01152209 -0.01523159 -0.10994198  0.01953258
  -0.06280072 -0.12839468 -0.04550012  0.04756186  0.18094158 -0.1025011
   0.10658671  0.02543967  0.16495866 -0.0460452   0.1775658  -0.11318202
  -0.05672733 -0.12462746 -0.11981826  0.11038085 -0.04620721  0.00519556
   0.00767963  0.07390025 -0.11108582 -0.09545573 -0.09523899  0.0137128
  -0.00921122  0.08485778 -0.06362383 -0.00306487  0.09553216 -0.05424174
  -0.0141684  -0.03441678 -0.00152165 -0.07671423 -0.0967559  -0.07363967
  -0.06127889  0.01410257  0.05185241 -0.04178184 -0.00142503 -0.03496944
  -0.02368438 -0.10099897]
 [ 0.0657031  -0.07281636 -0.08183243 -0.04876574  0.04790555  0.15317363
  -0.01431306  0.0031196  -0.05844747 -0.0337833   0.08865848 -0.10639925
  -0.09664658  0.22498511 -0.11046674 -0.00826249  0.07784685 -0.04042618
  -0.09801899  0.03046298  0.15201266  0.1163203  -0.07174509  0.15352274
  -0.05734344  0.10081086 -0.04037495 -0.00268218 -0.05409901 -0.06115177
  -0.07976689 -0.03812187  0.00249554  0.05582725  0.08842459  0.00137532
   0.16091385 -0.00118891 -0.01135604 -0.0402307   0.07020555 -0.10647863
  -0.03401204  0.07772375  0.03494107 -0.05709687  0.04731605 -0.07764158
  -0.07374506 -0.00212655 -0.09760521  0.0314701   0.0949219  -0.05980571
   0.1355326   0.03075219 -0.11202829 -0.00368757  0.084875   -0.05026373
  -0.093871   -0.04978687  0.22419396  0.06614888  0.01120002  0.13553394
  -0.05359352 -0.04821421 -0.02760753 -0.0770546   0.19141369 -0.06782848
  -0.00058704  0.01839513  0.13680352 -0.0161978  -0.09175202 -0.07845751
  -0.04901487 -0.0677226  -0.03583897  0.08961304 -0.0843669   0.04249799
  -0.09822369  0.03340458  0.03001757  0.04304146  0.07611527 -0.09627175
  -0.02467475  0.2786196   0.03570285  0.01701971  0.0644024  -0.07052869
   0.1085321  -0.07534675 -0.1139816   0.10686781 -0.02567819 -0.08411686
  -0.00986022  0.09100323  0.01160113  0.08663124 -0.08484899 -0.02968553
  -0.08746502 -0.0314687  -0.09742732  0.17447166  0.06183944  0.17923948
   0.01843271  0.02061947 -0.06971399 -0.09292616  0.07318702  0.17611231
   0.03980507 -0.08185506 -0.09645157 -0.07439864 -0.05489835  0.01372387
  -0.03211758  0.22552058]
 [ 0.10963878 -0.06324159 -0.07659984 -0.14631797 -0.07687245  0.06347671
  -0.08018849 -0.06254237 -0.09795809 -0.0063991  -0.09246658 -0.04539653
  -0.08941353  0.06625382 -0.03912173  0.2544194  -0.09044153  0.06542583
  -0.07043992  0.0375745  -0.06924379  0.03074624 -0.19508655  0.01524324
   0.16684037 -0.04765538  0.06325065  0.11943106  0.17293353 -0.06427993
  -0.06077572  0.0397199   0.00067735 -0.06119416 -0.05212008 -0.00768464
   0.05166665 -0.07679285  0.09076929 -0.02040753 -0.01133814 -0.05541587
  -0.09109078 -0.04329063 -0.05265409 -0.08857603  0.06931291 -0.07982137
  -0.06880774  0.02287377 -0.09918177 -0.02649627  0.14929198 -0.00541893
  -0.00533178  0.0146754  -0.0854989   0.00886416  0.12493591 -0.06671244
   0.08285383 -0.02600312  0.1571926  -0.06954017  0.16922215  0.18808736
   0.04249228  0.20500317 -0.08688805 -0.04079949 -0.07067744  0.17238161
   0.03691518  0.12181655  0.07472172 -0.05751214 -0.09439084 -0.04379547
   0.0192699  -0.0058778  -0.07828213  0.16167866 -0.0730532  -0.04978017
  -0.04503164 -0.09852488 -0.05749759 -0.03507085  0.00477414  0.2019695
   0.17342934 -0.03498474 -0.03311467 -0.05227217  0.13945542 -0.0829241
  -0.08523601 -0.06907652 -0.0843294   0.0429462   0.04703671  0.12226786
  -0.06706526  0.03366873 -0.03500235  0.07555082 -0.06277619  0.11843946
   0.09132291  0.09711861 -0.08388984 -0.05766343  0.07128137 -0.07519431
   0.00260546  0.02346626 -0.05465737 -0.06501704 -0.06474135  0.19236611
  -0.02129496  0.03455625 -0.06019697 -0.06510107  0.04672744 -0.04163218
  -0.07507969 -0.05364215]]
