[[-1.54793896e-02 -4.16947231e-02  1.14975765e-03  8.86043720e-03
   8.76054615e-02  1.84232071e-01 -1.04302112e-02  3.22494619e-02
  -5.59024960e-02 -4.01611067e-02  1.12765141e-01 -9.60730091e-02
  -1.20619774e-01  1.52546376e-01 -1.22490510e-01  4.17398708e-03
   1.06071830e-01 -3.76360677e-02 -8.07462111e-02  9.18620229e-02
   1.88935310e-01  1.25878200e-01 -2.49060784e-02  4.17818092e-02
  -7.58899823e-02  1.57123849e-01 -8.99664536e-02 -1.41259255e-02
  -6.63693175e-02 -8.42051953e-02 -7.04958960e-02 -3.59154567e-02
  -5.73635772e-02  6.99382797e-02  7.97535330e-02 -1.74978990e-02
   1.75223887e-01  1.76092125e-02 -3.03806365e-02 -1.47652766e-03
   5.59709705e-02 -1.11781634e-01 -7.24030808e-02  1.18391208e-01
  -5.80875087e-04 -4.88963909e-02 -5.45475865e-03 -7.42868334e-02
  -5.23713529e-02 -6.89666420e-02 -1.15745179e-01  6.34067273e-03
  -1.85714699e-02 -5.39472103e-02  1.05045676e-01 -6.05183281e-03
  -1.40976384e-01  4.94483188e-02  1.60571456e-01 -4.92722215e-03
  -6.85289949e-02 -8.82531628e-02  1.54348165e-01  8.34199414e-02
  -3.34638283e-02  2.34775990e-02  2.17061155e-02 -6.37949929e-02
  -3.04659456e-02 -8.48729238e-02  2.35241771e-01 -4.55206260e-02
  -3.77825759e-02 -2.56334022e-02  1.15580618e-01  3.82527858e-02
  -8.71672481e-02 -7.55286142e-02 -1.74520467e-03 -5.17711751e-02
  -8.37675016e-03 -3.70396487e-02 -8.50501880e-02  7.71441162e-02
  -1.05697572e-01  8.52613430e-03  1.53162301e-01 -1.72324460e-02
   9.18647274e-02 -1.25314146e-01 -6.51422422e-03  1.60742834e-01
   8.05256888e-02 -1.35252448e-02  5.76011203e-02 -1.16394043e-01
   1.16785713e-01 -9.46286023e-02 -1.05096921e-01  1.57632366e-01
  -2.79391389e-02 -9.42393765e-02 -2.49277651e-02  7.35675171e-02
  -5.79304174e-02  5.60019463e-02 -9.63432640e-02 -2.67409142e-02
  -1.03055395e-01  1.88111681e-02 -9.65072513e-02  2.12480754e-01
   2.84049977e-02  1.77403539e-01 -5.60742468e-02 -3.66181508e-02
  -5.28266542e-02 -8.97235051e-02  8.98076892e-02  7.77212158e-02
   4.05445090e-03 -7.19463006e-02 -6.02635369e-02 -5.76059259e-02
  -1.21151939e-01 -2.24996433e-02 -7.86549523e-02  2.05401748e-01]
 [ 9.27380621e-02 -7.47098997e-02 -1.07509688e-01 -2.03135759e-01
  -7.25810900e-02  7.13156015e-02 -8.40346664e-02 -6.44137859e-02
  -1.10571377e-01 -1.39972214e-02 -9.53685194e-02 -1.31914322e-03
  -8.89455900e-02  1.41879380e-01 -5.09510525e-02  2.34233782e-01
  -9.25107747e-02  3.96465808e-02 -7.52077252e-02  1.30031198e-01
  -6.21830858e-02  7.82695413e-02 -1.56944707e-01  1.93094704e-02
   9.34239179e-02 -4.99860011e-02  6.55018985e-02  6.36054650e-02
   1.22383766e-01 -7.08852634e-02 -6.81755468e-02  4.72565480e-02
   2.62663495e-02 -8.58150497e-02 -5.92379160e-02  3.41624580e-02
   3.93384807e-02 -8.78503770e-02  8.51028189e-02 -2.29694936e-02
   2.11213194e-02 -7.05700964e-02 -1.01864062e-01  1.21430513e-02
  -5.91742881e-02 -9.16165113e-02  1.36496261e-01 -8.45600888e-02
  -6.54727146e-02  2.00083796e-02 -1.09748259e-01  3.12788870e-05
   1.55501202e-01 -2.18573827e-02  2.74872482e-02 -2.49662399e-02
  -3.32029797e-02  3.37725468e-02  1.70503721e-01 -8.17140192e-02
   8.06750283e-02 -5.11369444e-02  1.87559202e-01 -8.22415575e-02
   1.86247662e-01  1.11421287e-01  6.44684508e-02  1.87727109e-01
  -7.51804784e-02 -1.16663193e-03 -6.58670217e-02  1.37110010e-01
   5.27038984e-02  1.12900041e-01  2.73047406e-02 -6.89859912e-02
  -9.46171135e-02 -4.33460921e-02  5.12907319e-02 -4.81484830e-02
  -6.68167844e-02  1.22748971e-01 -8.03896561e-02 -4.44256589e-02
  -3.95478196e-02 -7.62282982e-02  1.79391187e-02 -4.24916744e-02
   1.80700235e-03  1.23474859e-01  1.24621361e-01  8.35467279e-02
  -4.45014946e-02 -4.05328944e-02  1.85121417e-01 -7.87122920e-02
  -7.59267807e-02 -7.86791295e-02 -9.18091610e-02  7.33036622e-02
   5.43049611e-02  1.22462705e-01 -5.21551520e-02  5.03861010e-02
  -6.74873516e-02  1.45144254e-01 -6.15050197e-02  1.04337141e-01
   5.29763848e-02  1.37399971e-01 -8.55366141e-02 -5.47847599e-02
   7.17607737e-02 -6.54630437e-02  4.04186873e-03 -3.45119555e-03
  -6.26998618e-02 -6.49187714e-02 -3.27909067e-02  2.00249970e-01
  -2.48409677e-02 -3.70519608e-02 -6.05086908e-02 -7.79230371e-02
   5.03315330e-02 -2.45654173e-02 -7.23252520e-02 -5.91736548e-02]]
[[-1.54793896e-02 -4.16947231e-02  1.14975765e-03  8.86043720e-03
   8.76054615e-02  1.84232071e-01 -1.04302112e-02  3.22494619e-02
  -5.59024960e-02 -4.01611067e-02  1.12765141e-01 -9.60730091e-02
  -1.20619774e-01  1.52546376e-01 -1.22490510e-01  4.17398708e-03
   1.06071830e-01 -3.76360677e-02 -8.07462111e-02  9.18620229e-02
   1.88935310e-01  1.25878200e-01 -2.49060784e-02  4.17818092e-02
  -7.58899823e-02  1.57123849e-01 -8.99664536e-02 -1.41259255e-02
  -6.63693175e-02 -8.42051953e-02 -7.04958960e-02 -3.59154567e-02
  -5.73635772e-02  6.99382797e-02  7.97535330e-02 -1.74978990e-02
   1.75223887e-01  1.76092125e-02 -3.03806365e-02 -1.47652766e-03
   5.59709705e-02 -1.11781634e-01 -7.24030808e-02  1.18391208e-01
  -5.80875087e-04 -4.88963909e-02 -5.45475865e-03 -7.42868334e-02
  -5.23713529e-02 -6.89666420e-02 -1.15745179e-01  6.34067273e-03
  -1.85714699e-02 -5.39472103e-02  1.05045676e-01 -6.05183281e-03
  -1.40976384e-01  4.94483188e-02  1.60571456e-01 -4.92722215e-03
  -6.85289949e-02 -8.82531628e-02  1.54348165e-01  8.34199414e-02
  -3.34638283e-02  2.34775990e-02  2.17061155e-02 -6.37949929e-02
  -3.04659456e-02 -8.48729238e-02  2.35241771e-01 -4.55206260e-02
  -3.77825759e-02 -2.56334022e-02  1.15580618e-01  3.82527858e-02
  -8.71672481e-02 -7.55286142e-02 -1.74520467e-03 -5.17711751e-02
  -8.37675016e-03 -3.70396487e-02 -8.50501880e-02  7.71441162e-02
  -1.05697572e-01  8.52613430e-03  1.53162301e-01 -1.72324460e-02
   9.18647274e-02 -1.25314146e-01 -6.51422422e-03  1.60742834e-01
   8.05256888e-02 -1.35252448e-02  5.76011203e-02 -1.16394043e-01
   1.16785713e-01 -9.46286023e-02 -1.05096921e-01  1.57632366e-01
  -2.79391389e-02 -9.42393765e-02 -2.49277651e-02  7.35675171e-02
  -5.79304174e-02  5.60019463e-02 -9.63432640e-02 -2.67409142e-02
  -1.03055395e-01  1.88111681e-02 -9.65072513e-02  2.12480754e-01
   2.84049977e-02  1.77403539e-01 -5.60742468e-02 -3.66181508e-02
  -5.28266542e-02 -8.97235051e-02  8.98076892e-02  7.77212158e-02
   4.05445090e-03 -7.19463006e-02 -6.02635369e-02 -5.76059259e-02
  -1.21151939e-01 -2.24996433e-02 -7.86549523e-02  2.05401748e-01]
 [ 9.27380621e-02 -7.47098997e-02 -1.07509688e-01 -2.03135759e-01
  -7.25810900e-02  7.13156015e-02 -8.40346664e-02 -6.44137859e-02
  -1.10571377e-01 -1.39972214e-02 -9.53685194e-02 -1.31914322e-03
  -8.89455900e-02  1.41879380e-01 -5.09510525e-02  2.34233782e-01
  -9.25107747e-02  3.96465808e-02 -7.52077252e-02  1.30031198e-01
  -6.21830858e-02  7.82695413e-02 -1.56944707e-01  1.93094704e-02
   9.34239179e-02 -4.99860011e-02  6.55018985e-02  6.36054650e-02
   1.22383766e-01 -7.08852634e-02 -6.81755468e-02  4.72565480e-02
   2.62663495e-02 -8.58150497e-02 -5.92379160e-02  3.41624580e-02
   3.93384807e-02 -8.78503770e-02  8.51028189e-02 -2.29694936e-02
   2.11213194e-02 -7.05700964e-02 -1.01864062e-01  1.21430513e-02
  -5.91742881e-02 -9.16165113e-02  1.36496261e-01 -8.45600888e-02
  -6.54727146e-02  2.00083796e-02 -1.09748259e-01  3.12788870e-05
   1.55501202e-01 -2.18573827e-02  2.74872482e-02 -2.49662399e-02
  -3.32029797e-02  3.37725468e-02  1.70503721e-01 -8.17140192e-02
   8.06750283e-02 -5.11369444e-02  1.87559202e-01 -8.22415575e-02
   1.86247662e-01  1.11421287e-01  6.44684508e-02  1.87727109e-01
  -7.51804784e-02 -1.16663193e-03 -6.58670217e-02  1.37110010e-01
   5.27038984e-02  1.12900041e-01  2.73047406e-02 -6.89859912e-02
  -9.46171135e-02 -4.33460921e-02  5.12907319e-02 -4.81484830e-02
  -6.68167844e-02  1.22748971e-01 -8.03896561e-02 -4.44256589e-02
  -3.95478196e-02 -7.62282982e-02  1.79391187e-02 -4.24916744e-02
   1.80700235e-03  1.23474859e-01  1.24621361e-01  8.35467279e-02
  -4.45014946e-02 -4.05328944e-02  1.85121417e-01 -7.87122920e-02
  -7.59267807e-02 -7.86791295e-02 -9.18091610e-02  7.33036622e-02
   5.43049611e-02  1.22462705e-01 -5.21551520e-02  5.03861010e-02
  -6.74873516e-02  1.45144254e-01 -6.15050197e-02  1.04337141e-01
   5.29763848e-02  1.37399971e-01 -8.55366141e-02 -5.47847599e-02
   7.17607737e-02 -6.54630437e-02  4.04186873e-03 -3.45119555e-03
  -6.26998618e-02 -6.49187714e-02 -3.27909067e-02  2.00249970e-01
  -2.48409677e-02 -3.70519608e-02 -6.05086908e-02 -7.79230371e-02
   5.03315330e-02 -2.45654173e-02 -7.23252520e-02 -5.91736548e-02]]
[[-1.54793896e-02 -4.16947231e-02  1.14975765e-03  8.86043720e-03
   8.76054615e-02  1.84232071e-01 -1.04302112e-02  3.22494619e-02
  -5.59024960e-02 -4.01611067e-02  1.12765141e-01 -9.60730091e-02
  -1.20619774e-01  1.52546376e-01 -1.22490510e-01  4.17398708e-03
   1.06071830e-01 -3.76360677e-02 -8.07462111e-02  9.18620229e-02
   1.88935310e-01  1.25878200e-01 -2.49060784e-02  4.17818092e-02
  -7.58899823e-02  1.57123849e-01 -8.99664536e-02 -1.41259255e-02
  -6.63693175e-02 -8.42051953e-02 -7.04958960e-02 -3.59154567e-02
  -5.73635772e-02  6.99382797e-02  7.97535330e-02 -1.74978990e-02
   1.75223887e-01  1.76092125e-02 -3.03806365e-02 -1.47652766e-03
   5.59709705e-02 -1.11781634e-01 -7.24030808e-02  1.18391208e-01
  -5.80875087e-04 -4.88963909e-02 -5.45475865e-03 -7.42868334e-02
  -5.23713529e-02 -6.89666420e-02 -1.15745179e-01  6.34067273e-03
  -1.85714699e-02 -5.39472103e-02  1.05045676e-01 -6.05183281e-03
  -1.40976384e-01  4.94483188e-02  1.60571456e-01 -4.92722215e-03
  -6.85289949e-02 -8.82531628e-02  1.54348165e-01  8.34199414e-02
  -3.34638283e-02  2.34775990e-02  2.17061155e-02 -6.37949929e-02
  -3.04659456e-02 -8.48729238e-02  2.35241771e-01 -4.55206260e-02
  -3.77825759e-02 -2.56334022e-02  1.15580618e-01  3.82527858e-02
  -8.71672481e-02 -7.55286142e-02 -1.74520467e-03 -5.17711751e-02
  -8.37675016e-03 -3.70396487e-02 -8.50501880e-02  7.71441162e-02
  -1.05697572e-01  8.52613430e-03  1.53162301e-01 -1.72324460e-02
   9.18647274e-02 -1.25314146e-01 -6.51422422e-03  1.60742834e-01
   8.05256888e-02 -1.35252448e-02  5.76011203e-02 -1.16394043e-01
   1.16785713e-01 -9.46286023e-02 -1.05096921e-01  1.57632366e-01
  -2.79391389e-02 -9.42393765e-02 -2.49277651e-02  7.35675171e-02
  -5.79304174e-02  5.60019463e-02 -9.63432640e-02 -2.67409142e-02
  -1.03055395e-01  1.88111681e-02 -9.65072513e-02  2.12480754e-01
   2.84049977e-02  1.77403539e-01 -5.60742468e-02 -3.66181508e-02
  -5.28266542e-02 -8.97235051e-02  8.98076892e-02  7.77212158e-02
   4.05445090e-03 -7.19463006e-02 -6.02635369e-02 -5.76059259e-02
  -1.21151939e-01 -2.24996433e-02 -7.86549523e-02  2.05401748e-01]
 [ 9.27380621e-02 -7.47098997e-02 -1.07509688e-01 -2.03135759e-01
  -7.25810900e-02  7.13156015e-02 -8.40346664e-02 -6.44137859e-02
  -1.10571377e-01 -1.39972214e-02 -9.53685194e-02 -1.31914322e-03
  -8.89455900e-02  1.41879380e-01 -5.09510525e-02  2.34233782e-01
  -9.25107747e-02  3.96465808e-02 -7.52077252e-02  1.30031198e-01
  -6.21830858e-02  7.82695413e-02 -1.56944707e-01  1.93094704e-02
   9.34239179e-02 -4.99860011e-02  6.55018985e-02  6.36054650e-02
   1.22383766e-01 -7.08852634e-02 -6.81755468e-02  4.72565480e-02
   2.62663495e-02 -8.58150497e-02 -5.92379160e-02  3.41624580e-02
   3.93384807e-02 -8.78503770e-02  8.51028189e-02 -2.29694936e-02
   2.11213194e-02 -7.05700964e-02 -1.01864062e-01  1.21430513e-02
  -5.91742881e-02 -9.16165113e-02  1.36496261e-01 -8.45600888e-02
  -6.54727146e-02  2.00083796e-02 -1.09748259e-01  3.12788870e-05
   1.55501202e-01 -2.18573827e-02  2.74872482e-02 -2.49662399e-02
  -3.32029797e-02  3.37725468e-02  1.70503721e-01 -8.17140192e-02
   8.06750283e-02 -5.11369444e-02  1.87559202e-01 -8.22415575e-02
   1.86247662e-01  1.11421287e-01  6.44684508e-02  1.87727109e-01
  -7.51804784e-02 -1.16663193e-03 -6.58670217e-02  1.37110010e-01
   5.27038984e-02  1.12900041e-01  2.73047406e-02 -6.89859912e-02
  -9.46171135e-02 -4.33460921e-02  5.12907319e-02 -4.81484830e-02
  -6.68167844e-02  1.22748971e-01 -8.03896561e-02 -4.44256589e-02
  -3.95478196e-02 -7.62282982e-02  1.79391187e-02 -4.24916744e-02
   1.80700235e-03  1.23474859e-01  1.24621361e-01  8.35467279e-02
  -4.45014946e-02 -4.05328944e-02  1.85121417e-01 -7.87122920e-02
  -7.59267807e-02 -7.86791295e-02 -9.18091610e-02  7.33036622e-02
   5.43049611e-02  1.22462705e-01 -5.21551520e-02  5.03861010e-02
  -6.74873516e-02  1.45144254e-01 -6.15050197e-02  1.04337141e-01
   5.29763848e-02  1.37399971e-01 -8.55366141e-02 -5.47847599e-02
   7.17607737e-02 -6.54630437e-02  4.04186873e-03 -3.45119555e-03
  -6.26998618e-02 -6.49187714e-02 -3.27909067e-02  2.00249970e-01
  -2.48409677e-02 -3.70519608e-02 -6.05086908e-02 -7.79230371e-02
   5.03315330e-02 -2.45654173e-02 -7.23252520e-02 -5.91736548e-02]]
[[-1.54793896e-02 -4.16947231e-02  1.14975765e-03  8.86043720e-03
   8.76054615e-02  1.84232071e-01 -1.04302112e-02  3.22494619e-02
  -5.59024960e-02 -4.01611067e-02  1.12765141e-01 -9.60730091e-02
  -1.20619774e-01  1.52546376e-01 -1.22490510e-01  4.17398708e-03
   1.06071830e-01 -3.76360677e-02 -8.07462111e-02  9.18620229e-02
   1.88935310e-01  1.25878200e-01 -2.49060784e-02  4.17818092e-02
  -7.58899823e-02  1.57123849e-01 -8.99664536e-02 -1.41259255e-02
  -6.63693175e-02 -8.42051953e-02 -7.04958960e-02 -3.59154567e-02
  -5.73635772e-02  6.99382797e-02  7.97535330e-02 -1.74978990e-02
   1.75223887e-01  1.76092125e-02 -3.03806365e-02 -1.47652766e-03
   5.59709705e-02 -1.11781634e-01 -7.24030808e-02  1.18391208e-01
  -5.80875087e-04 -4.88963909e-02 -5.45475865e-03 -7.42868334e-02
  -5.23713529e-02 -6.89666420e-02 -1.15745179e-01  6.34067273e-03
  -1.85714699e-02 -5.39472103e-02  1.05045676e-01 -6.05183281e-03
  -1.40976384e-01  4.94483188e-02  1.60571456e-01 -4.92722215e-03
  -6.85289949e-02 -8.82531628e-02  1.54348165e-01  8.34199414e-02
  -3.34638283e-02  2.34775990e-02  2.17061155e-02 -6.37949929e-02
  -3.04659456e-02 -8.48729238e-02  2.35241771e-01 -4.55206260e-02
  -3.77825759e-02 -2.56334022e-02  1.15580618e-01  3.82527858e-02
  -8.71672481e-02 -7.55286142e-02 -1.74520467e-03 -5.17711751e-02
  -8.37675016e-03 -3.70396487e-02 -8.50501880e-02  7.71441162e-02
  -1.05697572e-01  8.52613430e-03  1.53162301e-01 -1.72324460e-02
   9.18647274e-02 -1.25314146e-01 -6.51422422e-03  1.60742834e-01
   8.05256888e-02 -1.35252448e-02  5.76011203e-02 -1.16394043e-01
   1.16785713e-01 -9.46286023e-02 -1.05096921e-01  1.57632366e-01
  -2.79391389e-02 -9.42393765e-02 -2.49277651e-02  7.35675171e-02
  -5.79304174e-02  5.60019463e-02 -9.63432640e-02 -2.67409142e-02
  -1.03055395e-01  1.88111681e-02 -9.65072513e-02  2.12480754e-01
   2.84049977e-02  1.77403539e-01 -5.60742468e-02 -3.66181508e-02
  -5.28266542e-02 -8.97235051e-02  8.98076892e-02  7.77212158e-02
   4.05445090e-03 -7.19463006e-02 -6.02635369e-02 -5.76059259e-02
  -1.21151939e-01 -2.24996433e-02 -7.86549523e-02  2.05401748e-01]
 [ 9.27380621e-02 -7.47098997e-02 -1.07509688e-01 -2.03135759e-01
  -7.25810900e-02  7.13156015e-02 -8.40346664e-02 -6.44137859e-02
  -1.10571377e-01 -1.39972214e-02 -9.53685194e-02 -1.31914322e-03
  -8.89455900e-02  1.41879380e-01 -5.09510525e-02  2.34233782e-01
  -9.25107747e-02  3.96465808e-02 -7.52077252e-02  1.30031198e-01
  -6.21830858e-02  7.82695413e-02 -1.56944707e-01  1.93094704e-02
   9.34239179e-02 -4.99860011e-02  6.55018985e-02  6.36054650e-02
   1.22383766e-01 -7.08852634e-02 -6.81755468e-02  4.72565480e-02
   2.62663495e-02 -8.58150497e-02 -5.92379160e-02  3.41624580e-02
   3.93384807e-02 -8.78503770e-02  8.51028189e-02 -2.29694936e-02
   2.11213194e-02 -7.05700964e-02 -1.01864062e-01  1.21430513e-02
  -5.91742881e-02 -9.16165113e-02  1.36496261e-01 -8.45600888e-02
  -6.54727146e-02  2.00083796e-02 -1.09748259e-01  3.12788870e-05
   1.55501202e-01 -2.18573827e-02  2.74872482e-02 -2.49662399e-02
  -3.32029797e-02  3.37725468e-02  1.70503721e-01 -8.17140192e-02
   8.06750283e-02 -5.11369444e-02  1.87559202e-01 -8.22415575e-02
   1.86247662e-01  1.11421287e-01  6.44684508e-02  1.87727109e-01
  -7.51804784e-02 -1.16663193e-03 -6.58670217e-02  1.37110010e-01
   5.27038984e-02  1.12900041e-01  2.73047406e-02 -6.89859912e-02
  -9.46171135e-02 -4.33460921e-02  5.12907319e-02 -4.81484830e-02
  -6.68167844e-02  1.22748971e-01 -8.03896561e-02 -4.44256589e-02
  -3.95478196e-02 -7.62282982e-02  1.79391187e-02 -4.24916744e-02
   1.80700235e-03  1.23474859e-01  1.24621361e-01  8.35467279e-02
  -4.45014946e-02 -4.05328944e-02  1.85121417e-01 -7.87122920e-02
  -7.59267807e-02 -7.86791295e-02 -9.18091610e-02  7.33036622e-02
   5.43049611e-02  1.22462705e-01 -5.21551520e-02  5.03861010e-02
  -6.74873516e-02  1.45144254e-01 -6.15050197e-02  1.04337141e-01
   5.29763848e-02  1.37399971e-01 -8.55366141e-02 -5.47847599e-02
   7.17607737e-02 -6.54630437e-02  4.04186873e-03 -3.45119555e-03
  -6.26998618e-02 -6.49187714e-02 -3.27909067e-02  2.00249970e-01
  -2.48409677e-02 -3.70519608e-02 -6.05086908e-02 -7.79230371e-02
   5.03315330e-02 -2.45654173e-02 -7.23252520e-02 -5.91736548e-02]]
