[[ 9.96249616e-02 -7.38669857e-02 -1.30012229e-01 -2.58103579e-01
  -3.10768560e-02  2.35401746e-02 -8.93821865e-02 -1.87869519e-02
  -1.09068334e-01 -3.33865173e-02 -9.57328752e-02 -5.97727597e-02
  -7.55946413e-02  5.00836186e-02 -3.60317305e-02  3.23187932e-02
  -1.23328343e-01 -2.55929921e-02 -4.91451696e-02 -1.01653244e-02
   1.39695689e-01  2.35348493e-01 -1.98737085e-02 -7.91242719e-02
   1.27351657e-01 -8.87497813e-02  8.43446404e-02 -1.61953997e-02
  -1.72765367e-02 -4.91847657e-02 -7.75972605e-02 -3.29034664e-02
  -5.47336452e-02 -3.41696665e-02 -3.40346224e-03  7.88023099e-02
  -9.95720699e-02 -9.70156267e-02  1.97590128e-01  1.35830179e-01
  -7.94962049e-02 -6.86296970e-02 -1.13074079e-01  2.29043230e-01
  -4.48292755e-02  7.50800129e-03  8.43177438e-02 -8.98206756e-02
  -6.86647594e-02 -3.24356817e-02 -1.36751294e-01 -7.33394697e-02
   1.18561544e-01 -4.92643937e-02  6.20950423e-02  8.32173079e-02
  -1.03968017e-01  5.46916574e-02  1.34560838e-01 -1.21811308e-01
   1.20384581e-01 -4.25765105e-03  1.36752695e-01 -1.10600121e-01
   6.90671355e-02 -6.19446747e-02  8.75532627e-02  9.52655599e-02
  -1.19891621e-01  1.46660879e-01 -3.76011468e-02  4.54150885e-03
   9.23265517e-03 -5.73505238e-02  1.23842187e-01 -3.94489020e-02
  -6.23570429e-03 -2.46145073e-02  5.30948266e-02  3.88794281e-02
  -3.98598313e-02 -6.98558465e-02 -1.15068741e-01  5.55068441e-02
  -3.50542627e-02 -1.06421873e-01  1.79591440e-02  5.59811257e-02
   1.70026034e-01 -1.34238392e-01  6.45316541e-02  1.16700143e-01
   5.35704195e-02 -1.02945067e-01  9.65241939e-02 -8.46293122e-02
  -3.43494974e-02 -1.08303972e-01 -1.21875368e-01  1.10873491e-01
  -7.85160139e-02  1.56869646e-02  3.60762253e-02  1.47700831e-01
  -8.14701021e-02 -4.60816249e-02 -1.02346271e-01  4.34256764e-03
  -2.94159371e-02  8.33090916e-02 -5.37863150e-02  4.42751609e-02
   1.03804894e-01 -6.25788122e-02 -3.28177959e-02 -1.64797921e-02
  -2.70988625e-02 -8.70584548e-02 -7.77669922e-02 -6.25160486e-02
  -6.29217848e-02  6.05794694e-03  1.16361091e-02 -8.11843649e-02
   6.69253394e-02  3.02298600e-03 -2.26931144e-02 -1.03737943e-01]
 [ 7.97076523e-02 -6.85453787e-02 -6.58319890e-02 -5.36039248e-02
   4.79661599e-02  1.78703085e-01 -1.99355334e-02  3.73590328e-02
  -4.87010740e-02 -4.89497297e-02  1.49134785e-01 -1.16257817e-01
  -1.09177448e-01  1.73482195e-01 -1.24770209e-01 -2.15698313e-02
   9.29882377e-02  7.42969336e-03 -9.64722633e-02  4.44775485e-02
   1.89407676e-01  1.47626266e-01 -3.15757319e-02  8.66423249e-02
  -2.97052432e-02  1.55093074e-01 -7.77816027e-02  1.09841684e-02
  -2.71142386e-02 -7.03075007e-02 -7.63245896e-02 -3.99609171e-02
   7.98093062e-03  8.38392898e-02  6.87497184e-02 -1.66783594e-02
   1.64558887e-01  2.43325438e-02 -6.47204835e-03 -1.11060413e-02
   2.76926942e-02 -1.06341712e-01 -6.19538166e-02  7.09697008e-02
   1.03773959e-02 -6.40012100e-02  3.17983404e-02 -8.35401118e-02
  -7.70455971e-02 -2.19282340e-02 -9.32029858e-02 -1.30838314e-02
   7.51508698e-02 -4.75708395e-02  1.24550357e-01  3.04934848e-02
  -1.13912001e-01  2.79221702e-02  1.14168443e-01 -4.97280732e-02
  -8.20002183e-02 -4.62693125e-02  2.36932501e-01  6.39037937e-02
  -3.86370271e-02  1.33389220e-01 -6.32054452e-03 -6.52455986e-02
  -3.65000814e-02 -8.18941146e-02  1.85896397e-01 -6.19086958e-02
   2.41981423e-03 -2.88061821e-03  1.51793197e-01  4.96701039e-02
  -7.62597993e-02 -7.22747594e-02 -9.19419155e-03 -5.13407253e-02
  -2.02843826e-02  2.58123036e-02 -8.85496736e-02  7.04505891e-02
  -1.07852496e-01  7.15900026e-03  7.06442595e-02  7.33410567e-02
   8.73382911e-02 -1.00778960e-01 -3.99253983e-03  2.14531541e-01
   1.08598448e-01 -2.71168072e-02  4.67873439e-02 -1.04721360e-01
   1.15260705e-01 -7.24845454e-02 -1.14021696e-01  1.38355345e-01
  -1.46436458e-02 -7.90122524e-02 -3.81025858e-03  9.74703059e-02
   3.79955508e-02  6.51624575e-02 -8.57216418e-02 -2.26396695e-02
  -9.02254209e-02 -2.24797036e-02 -9.53054130e-02  1.90338910e-01
   5.18674254e-02  1.91497996e-01 -2.07825433e-02  1.91431064e-02
  -7.37355947e-02 -8.74836072e-02  7.02679455e-02  1.24467820e-01
   3.03363390e-02 -6.61286339e-02 -9.32479277e-02 -6.74294755e-02
  -5.91789372e-02 -2.53578629e-02 -5.41586727e-02  1.93705812e-01]
 [ 9.97924432e-02 -8.25392753e-02 -9.74886417e-02 -1.79100543e-01
  -7.96580762e-02  3.60361226e-02 -8.23862627e-02 -4.53127846e-02
  -1.02791019e-01  1.46544231e-02 -9.87181664e-02 -6.58209762e-03
  -8.84925053e-02  1.31485373e-01 -5.62880933e-02  2.34776512e-01
  -9.46232006e-02  4.75649163e-02 -6.48954138e-02  1.43929899e-01
  -5.94388805e-02  9.93950590e-02 -1.57188013e-01  2.65084431e-02
   1.01617351e-01 -5.94978184e-02  8.56176838e-02  6.10034354e-02
   1.48783267e-01 -7.50573054e-02 -6.74553514e-02  7.62808472e-02
   3.10693998e-02 -8.25365484e-02 -6.55013621e-02  3.62588465e-02
   5.02864905e-02 -9.13391262e-02  1.24638699e-01 -4.33145352e-02
  -2.85645369e-02 -6.42990172e-02 -9.81439501e-02  1.92299038e-02
  -5.21674603e-02 -9.31661576e-02  1.39277712e-01 -8.64610970e-02
  -6.54182136e-02  2.67214552e-02 -1.15582235e-01  1.70718506e-02
   1.68102473e-01 -1.20701762e-02  1.47130284e-02 -1.20930206e-02
  -2.36435086e-02  1.90394688e-02  1.66354254e-01 -8.70888457e-02
   8.78160596e-02 -4.68482338e-02  2.08260268e-01 -9.33092535e-02
   1.76276654e-01  1.25750840e-01  1.03978112e-01  1.75464064e-01
  -8.18511844e-02  3.33260931e-02 -6.17796928e-02  1.25761017e-01
   4.22528572e-02  6.80102855e-02  2.62253713e-02 -6.72525167e-02
  -7.97170475e-02 -3.71045768e-02  8.70965123e-02 -7.70051852e-02
  -5.94700873e-02  1.08556911e-01 -8.43395740e-02 -4.78440709e-02
  -3.36194523e-02 -1.07725389e-01  9.31429304e-03 -3.70570496e-02
   4.24585901e-02  1.13203399e-01  7.75896981e-02  6.57182783e-02
   7.67882681e-03 -5.80332577e-02  1.81267932e-01 -5.95920272e-02
  -7.82134756e-02 -8.82558897e-02 -9.03990194e-02  6.08598888e-02
   6.29983991e-02  1.19785257e-01 -4.88289557e-02  8.23322237e-02
  -7.84706101e-02  1.06015787e-01 -6.69770539e-02  9.28613767e-02
   2.48949938e-02  1.34691507e-01 -7.71566629e-02 -5.85771054e-02
   1.12587534e-01 -6.61741868e-02  2.61138994e-05 -4.18337844e-02
  -5.61153479e-02 -6.37492612e-02 -4.40436415e-02  1.74903303e-01
  -1.65369827e-02 -3.11242305e-02 -5.52544780e-02 -7.93425068e-02
   4.31376547e-02  2.93066702e-03 -6.48924559e-02 -5.52314669e-02]]
[[ 9.96249616e-02 -7.38669857e-02 -1.30012229e-01 -2.58103579e-01
  -3.10768560e-02  2.35401746e-02 -8.93821865e-02 -1.87869519e-02
  -1.09068334e-01 -3.33865173e-02 -9.57328752e-02 -5.97727597e-02
  -7.55946413e-02  5.00836186e-02 -3.60317305e-02  3.23187932e-02
  -1.23328343e-01 -2.55929921e-02 -4.91451696e-02 -1.01653244e-02
   1.39695689e-01  2.35348493e-01 -1.98737085e-02 -7.91242719e-02
   1.27351657e-01 -8.87497813e-02  8.43446404e-02 -1.61953997e-02
  -1.72765367e-02 -4.91847657e-02 -7.75972605e-02 -3.29034664e-02
  -5.47336452e-02 -3.41696665e-02 -3.40346224e-03  7.88023099e-02
  -9.95720699e-02 -9.70156267e-02  1.97590128e-01  1.35830179e-01
  -7.94962049e-02 -6.86296970e-02 -1.13074079e-01  2.29043230e-01
  -4.48292755e-02  7.50800129e-03  8.43177438e-02 -8.98206756e-02
  -6.86647594e-02 -3.24356817e-02 -1.36751294e-01 -7.33394697e-02
   1.18561544e-01 -4.92643937e-02  6.20950423e-02  8.32173079e-02
  -1.03968017e-01  5.46916574e-02  1.34560838e-01 -1.21811308e-01
   1.20384581e-01 -4.25765105e-03  1.36752695e-01 -1.10600121e-01
   6.90671355e-02 -6.19446747e-02  8.75532627e-02  9.52655599e-02
  -1.19891621e-01  1.46660879e-01 -3.76011468e-02  4.54150885e-03
   9.23265517e-03 -5.73505238e-02  1.23842187e-01 -3.94489020e-02
  -6.23570429e-03 -2.46145073e-02  5.30948266e-02  3.88794281e-02
  -3.98598313e-02 -6.98558465e-02 -1.15068741e-01  5.55068441e-02
  -3.50542627e-02 -1.06421873e-01  1.79591440e-02  5.59811257e-02
   1.70026034e-01 -1.34238392e-01  6.45316541e-02  1.16700143e-01
   5.35704195e-02 -1.02945067e-01  9.65241939e-02 -8.46293122e-02
  -3.43494974e-02 -1.08303972e-01 -1.21875368e-01  1.10873491e-01
  -7.85160139e-02  1.56869646e-02  3.60762253e-02  1.47700831e-01
  -8.14701021e-02 -4.60816249e-02 -1.02346271e-01  4.34256764e-03
  -2.94159371e-02  8.33090916e-02 -5.37863150e-02  4.42751609e-02
   1.03804894e-01 -6.25788122e-02 -3.28177959e-02 -1.64797921e-02
  -2.70988625e-02 -8.70584548e-02 -7.77669922e-02 -6.25160486e-02
  -6.29217848e-02  6.05794694e-03  1.16361091e-02 -8.11843649e-02
   6.69253394e-02  3.02298600e-03 -2.26931144e-02 -1.03737943e-01]
 [ 7.97076523e-02 -6.85453787e-02 -6.58319890e-02 -5.36039248e-02
   4.79661599e-02  1.78703085e-01 -1.99355334e-02  3.73590328e-02
  -4.87010740e-02 -4.89497297e-02  1.49134785e-01 -1.16257817e-01
  -1.09177448e-01  1.73482195e-01 -1.24770209e-01 -2.15698313e-02
   9.29882377e-02  7.42969336e-03 -9.64722633e-02  4.44775485e-02
   1.89407676e-01  1.47626266e-01 -3.15757319e-02  8.66423249e-02
  -2.97052432e-02  1.55093074e-01 -7.77816027e-02  1.09841684e-02
  -2.71142386e-02 -7.03075007e-02 -7.63245896e-02 -3.99609171e-02
   7.98093062e-03  8.38392898e-02  6.87497184e-02 -1.66783594e-02
   1.64558887e-01  2.43325438e-02 -6.47204835e-03 -1.11060413e-02
   2.76926942e-02 -1.06341712e-01 -6.19538166e-02  7.09697008e-02
   1.03773959e-02 -6.40012100e-02  3.17983404e-02 -8.35401118e-02
  -7.70455971e-02 -2.19282340e-02 -9.32029858e-02 -1.30838314e-02
   7.51508698e-02 -4.75708395e-02  1.24550357e-01  3.04934848e-02
  -1.13912001e-01  2.79221702e-02  1.14168443e-01 -4.97280732e-02
  -8.20002183e-02 -4.62693125e-02  2.36932501e-01  6.39037937e-02
  -3.86370271e-02  1.33389220e-01 -6.32054452e-03 -6.52455986e-02
  -3.65000814e-02 -8.18941146e-02  1.85896397e-01 -6.19086958e-02
   2.41981423e-03 -2.88061821e-03  1.51793197e-01  4.96701039e-02
  -7.62597993e-02 -7.22747594e-02 -9.19419155e-03 -5.13407253e-02
  -2.02843826e-02  2.58123036e-02 -8.85496736e-02  7.04505891e-02
  -1.07852496e-01  7.15900026e-03  7.06442595e-02  7.33410567e-02
   8.73382911e-02 -1.00778960e-01 -3.99253983e-03  2.14531541e-01
   1.08598448e-01 -2.71168072e-02  4.67873439e-02 -1.04721360e-01
   1.15260705e-01 -7.24845454e-02 -1.14021696e-01  1.38355345e-01
  -1.46436458e-02 -7.90122524e-02 -3.81025858e-03  9.74703059e-02
   3.79955508e-02  6.51624575e-02 -8.57216418e-02 -2.26396695e-02
  -9.02254209e-02 -2.24797036e-02 -9.53054130e-02  1.90338910e-01
   5.18674254e-02  1.91497996e-01 -2.07825433e-02  1.91431064e-02
  -7.37355947e-02 -8.74836072e-02  7.02679455e-02  1.24467820e-01
   3.03363390e-02 -6.61286339e-02 -9.32479277e-02 -6.74294755e-02
  -5.91789372e-02 -2.53578629e-02 -5.41586727e-02  1.93705812e-01]
 [ 9.97924432e-02 -8.25392753e-02 -9.74886417e-02 -1.79100543e-01
  -7.96580762e-02  3.60361226e-02 -8.23862627e-02 -4.53127846e-02
  -1.02791019e-01  1.46544231e-02 -9.87181664e-02 -6.58209762e-03
  -8.84925053e-02  1.31485373e-01 -5.62880933e-02  2.34776512e-01
  -9.46232006e-02  4.75649163e-02 -6.48954138e-02  1.43929899e-01
  -5.94388805e-02  9.93950590e-02 -1.57188013e-01  2.65084431e-02
   1.01617351e-01 -5.94978184e-02  8.56176838e-02  6.10034354e-02
   1.48783267e-01 -7.50573054e-02 -6.74553514e-02  7.62808472e-02
   3.10693998e-02 -8.25365484e-02 -6.55013621e-02  3.62588465e-02
   5.02864905e-02 -9.13391262e-02  1.24638699e-01 -4.33145352e-02
  -2.85645369e-02 -6.42990172e-02 -9.81439501e-02  1.92299038e-02
  -5.21674603e-02 -9.31661576e-02  1.39277712e-01 -8.64610970e-02
  -6.54182136e-02  2.67214552e-02 -1.15582235e-01  1.70718506e-02
   1.68102473e-01 -1.20701762e-02  1.47130284e-02 -1.20930206e-02
  -2.36435086e-02  1.90394688e-02  1.66354254e-01 -8.70888457e-02
   8.78160596e-02 -4.68482338e-02  2.08260268e-01 -9.33092535e-02
   1.76276654e-01  1.25750840e-01  1.03978112e-01  1.75464064e-01
  -8.18511844e-02  3.33260931e-02 -6.17796928e-02  1.25761017e-01
   4.22528572e-02  6.80102855e-02  2.62253713e-02 -6.72525167e-02
  -7.97170475e-02 -3.71045768e-02  8.70965123e-02 -7.70051852e-02
  -5.94700873e-02  1.08556911e-01 -8.43395740e-02 -4.78440709e-02
  -3.36194523e-02 -1.07725389e-01  9.31429304e-03 -3.70570496e-02
   4.24585901e-02  1.13203399e-01  7.75896981e-02  6.57182783e-02
   7.67882681e-03 -5.80332577e-02  1.81267932e-01 -5.95920272e-02
  -7.82134756e-02 -8.82558897e-02 -9.03990194e-02  6.08598888e-02
   6.29983991e-02  1.19785257e-01 -4.88289557e-02  8.23322237e-02
  -7.84706101e-02  1.06015787e-01 -6.69770539e-02  9.28613767e-02
   2.48949938e-02  1.34691507e-01 -7.71566629e-02 -5.85771054e-02
   1.12587534e-01 -6.61741868e-02  2.61138994e-05 -4.18337844e-02
  -5.61153479e-02 -6.37492612e-02 -4.40436415e-02  1.74903303e-01
  -1.65369827e-02 -3.11242305e-02 -5.52544780e-02 -7.93425068e-02
   4.31376547e-02  2.93066702e-03 -6.48924559e-02 -5.52314669e-02]]
[[ 9.96249616e-02 -7.38669857e-02 -1.30012229e-01 -2.58103579e-01
  -3.10768560e-02  2.35401746e-02 -8.93821865e-02 -1.87869519e-02
  -1.09068334e-01 -3.33865173e-02 -9.57328752e-02 -5.97727597e-02
  -7.55946413e-02  5.00836186e-02 -3.60317305e-02  3.23187932e-02
  -1.23328343e-01 -2.55929921e-02 -4.91451696e-02 -1.01653244e-02
   1.39695689e-01  2.35348493e-01 -1.98737085e-02 -7.91242719e-02
   1.27351657e-01 -8.87497813e-02  8.43446404e-02 -1.61953997e-02
  -1.72765367e-02 -4.91847657e-02 -7.75972605e-02 -3.29034664e-02
  -5.47336452e-02 -3.41696665e-02 -3.40346224e-03  7.88023099e-02
  -9.95720699e-02 -9.70156267e-02  1.97590128e-01  1.35830179e-01
  -7.94962049e-02 -6.86296970e-02 -1.13074079e-01  2.29043230e-01
  -4.48292755e-02  7.50800129e-03  8.43177438e-02 -8.98206756e-02
  -6.86647594e-02 -3.24356817e-02 -1.36751294e-01 -7.33394697e-02
   1.18561544e-01 -4.92643937e-02  6.20950423e-02  8.32173079e-02
  -1.03968017e-01  5.46916574e-02  1.34560838e-01 -1.21811308e-01
   1.20384581e-01 -4.25765105e-03  1.36752695e-01 -1.10600121e-01
   6.90671355e-02 -6.19446747e-02  8.75532627e-02  9.52655599e-02
  -1.19891621e-01  1.46660879e-01 -3.76011468e-02  4.54150885e-03
   9.23265517e-03 -5.73505238e-02  1.23842187e-01 -3.94489020e-02
  -6.23570429e-03 -2.46145073e-02  5.30948266e-02  3.88794281e-02
  -3.98598313e-02 -6.98558465e-02 -1.15068741e-01  5.55068441e-02
  -3.50542627e-02 -1.06421873e-01  1.79591440e-02  5.59811257e-02
   1.70026034e-01 -1.34238392e-01  6.45316541e-02  1.16700143e-01
   5.35704195e-02 -1.02945067e-01  9.65241939e-02 -8.46293122e-02
  -3.43494974e-02 -1.08303972e-01 -1.21875368e-01  1.10873491e-01
  -7.85160139e-02  1.56869646e-02  3.60762253e-02  1.47700831e-01
  -8.14701021e-02 -4.60816249e-02 -1.02346271e-01  4.34256764e-03
  -2.94159371e-02  8.33090916e-02 -5.37863150e-02  4.42751609e-02
   1.03804894e-01 -6.25788122e-02 -3.28177959e-02 -1.64797921e-02
  -2.70988625e-02 -8.70584548e-02 -7.77669922e-02 -6.25160486e-02
  -6.29217848e-02  6.05794694e-03  1.16361091e-02 -8.11843649e-02
   6.69253394e-02  3.02298600e-03 -2.26931144e-02 -1.03737943e-01]
 [ 7.97076523e-02 -6.85453787e-02 -6.58319890e-02 -5.36039248e-02
   4.79661599e-02  1.78703085e-01 -1.99355334e-02  3.73590328e-02
  -4.87010740e-02 -4.89497297e-02  1.49134785e-01 -1.16257817e-01
  -1.09177448e-01  1.73482195e-01 -1.24770209e-01 -2.15698313e-02
   9.29882377e-02  7.42969336e-03 -9.64722633e-02  4.44775485e-02
   1.89407676e-01  1.47626266e-01 -3.15757319e-02  8.66423249e-02
  -2.97052432e-02  1.55093074e-01 -7.77816027e-02  1.09841684e-02
  -2.71142386e-02 -7.03075007e-02 -7.63245896e-02 -3.99609171e-02
   7.98093062e-03  8.38392898e-02  6.87497184e-02 -1.66783594e-02
   1.64558887e-01  2.43325438e-02 -6.47204835e-03 -1.11060413e-02
   2.76926942e-02 -1.06341712e-01 -6.19538166e-02  7.09697008e-02
   1.03773959e-02 -6.40012100e-02  3.17983404e-02 -8.35401118e-02
  -7.70455971e-02 -2.19282340e-02 -9.32029858e-02 -1.30838314e-02
   7.51508698e-02 -4.75708395e-02  1.24550357e-01  3.04934848e-02
  -1.13912001e-01  2.79221702e-02  1.14168443e-01 -4.97280732e-02
  -8.20002183e-02 -4.62693125e-02  2.36932501e-01  6.39037937e-02
  -3.86370271e-02  1.33389220e-01 -6.32054452e-03 -6.52455986e-02
  -3.65000814e-02 -8.18941146e-02  1.85896397e-01 -6.19086958e-02
   2.41981423e-03 -2.88061821e-03  1.51793197e-01  4.96701039e-02
  -7.62597993e-02 -7.22747594e-02 -9.19419155e-03 -5.13407253e-02
  -2.02843826e-02  2.58123036e-02 -8.85496736e-02  7.04505891e-02
  -1.07852496e-01  7.15900026e-03  7.06442595e-02  7.33410567e-02
   8.73382911e-02 -1.00778960e-01 -3.99253983e-03  2.14531541e-01
   1.08598448e-01 -2.71168072e-02  4.67873439e-02 -1.04721360e-01
   1.15260705e-01 -7.24845454e-02 -1.14021696e-01  1.38355345e-01
  -1.46436458e-02 -7.90122524e-02 -3.81025858e-03  9.74703059e-02
   3.79955508e-02  6.51624575e-02 -8.57216418e-02 -2.26396695e-02
  -9.02254209e-02 -2.24797036e-02 -9.53054130e-02  1.90338910e-01
   5.18674254e-02  1.91497996e-01 -2.07825433e-02  1.91431064e-02
  -7.37355947e-02 -8.74836072e-02  7.02679455e-02  1.24467820e-01
   3.03363390e-02 -6.61286339e-02 -9.32479277e-02 -6.74294755e-02
  -5.91789372e-02 -2.53578629e-02 -5.41586727e-02  1.93705812e-01]
 [ 9.97924432e-02 -8.25392753e-02 -9.74886417e-02 -1.79100543e-01
  -7.96580762e-02  3.60361226e-02 -8.23862627e-02 -4.53127846e-02
  -1.02791019e-01  1.46544231e-02 -9.87181664e-02 -6.58209762e-03
  -8.84925053e-02  1.31485373e-01 -5.62880933e-02  2.34776512e-01
  -9.46232006e-02  4.75649163e-02 -6.48954138e-02  1.43929899e-01
  -5.94388805e-02  9.93950590e-02 -1.57188013e-01  2.65084431e-02
   1.01617351e-01 -5.94978184e-02  8.56176838e-02  6.10034354e-02
   1.48783267e-01 -7.50573054e-02 -6.74553514e-02  7.62808472e-02
   3.10693998e-02 -8.25365484e-02 -6.55013621e-02  3.62588465e-02
   5.02864905e-02 -9.13391262e-02  1.24638699e-01 -4.33145352e-02
  -2.85645369e-02 -6.42990172e-02 -9.81439501e-02  1.92299038e-02
  -5.21674603e-02 -9.31661576e-02  1.39277712e-01 -8.64610970e-02
  -6.54182136e-02  2.67214552e-02 -1.15582235e-01  1.70718506e-02
   1.68102473e-01 -1.20701762e-02  1.47130284e-02 -1.20930206e-02
  -2.36435086e-02  1.90394688e-02  1.66354254e-01 -8.70888457e-02
   8.78160596e-02 -4.68482338e-02  2.08260268e-01 -9.33092535e-02
   1.76276654e-01  1.25750840e-01  1.03978112e-01  1.75464064e-01
  -8.18511844e-02  3.33260931e-02 -6.17796928e-02  1.25761017e-01
   4.22528572e-02  6.80102855e-02  2.62253713e-02 -6.72525167e-02
  -7.97170475e-02 -3.71045768e-02  8.70965123e-02 -7.70051852e-02
  -5.94700873e-02  1.08556911e-01 -8.43395740e-02 -4.78440709e-02
  -3.36194523e-02 -1.07725389e-01  9.31429304e-03 -3.70570496e-02
   4.24585901e-02  1.13203399e-01  7.75896981e-02  6.57182783e-02
   7.67882681e-03 -5.80332577e-02  1.81267932e-01 -5.95920272e-02
  -7.82134756e-02 -8.82558897e-02 -9.03990194e-02  6.08598888e-02
   6.29983991e-02  1.19785257e-01 -4.88289557e-02  8.23322237e-02
  -7.84706101e-02  1.06015787e-01 -6.69770539e-02  9.28613767e-02
   2.48949938e-02  1.34691507e-01 -7.71566629e-02 -5.85771054e-02
   1.12587534e-01 -6.61741868e-02  2.61138994e-05 -4.18337844e-02
  -5.61153479e-02 -6.37492612e-02 -4.40436415e-02  1.74903303e-01
  -1.65369827e-02 -3.11242305e-02 -5.52544780e-02 -7.93425068e-02
   4.31376547e-02  2.93066702e-03 -6.48924559e-02 -5.52314669e-02]]
[[ 9.96249616e-02 -7.38669857e-02 -1.30012229e-01 -2.58103579e-01
  -3.10768560e-02  2.35401746e-02 -8.93821865e-02 -1.87869519e-02
  -1.09068334e-01 -3.33865173e-02 -9.57328752e-02 -5.97727597e-02
  -7.55946413e-02  5.00836186e-02 -3.60317305e-02  3.23187932e-02
  -1.23328343e-01 -2.55929921e-02 -4.91451696e-02 -1.01653244e-02
   1.39695689e-01  2.35348493e-01 -1.98737085e-02 -7.91242719e-02
   1.27351657e-01 -8.87497813e-02  8.43446404e-02 -1.61953997e-02
  -1.72765367e-02 -4.91847657e-02 -7.75972605e-02 -3.29034664e-02
  -5.47336452e-02 -3.41696665e-02 -3.40346224e-03  7.88023099e-02
  -9.95720699e-02 -9.70156267e-02  1.97590128e-01  1.35830179e-01
  -7.94962049e-02 -6.86296970e-02 -1.13074079e-01  2.29043230e-01
  -4.48292755e-02  7.50800129e-03  8.43177438e-02 -8.98206756e-02
  -6.86647594e-02 -3.24356817e-02 -1.36751294e-01 -7.33394697e-02
   1.18561544e-01 -4.92643937e-02  6.20950423e-02  8.32173079e-02
  -1.03968017e-01  5.46916574e-02  1.34560838e-01 -1.21811308e-01
   1.20384581e-01 -4.25765105e-03  1.36752695e-01 -1.10600121e-01
   6.90671355e-02 -6.19446747e-02  8.75532627e-02  9.52655599e-02
  -1.19891621e-01  1.46660879e-01 -3.76011468e-02  4.54150885e-03
   9.23265517e-03 -5.73505238e-02  1.23842187e-01 -3.94489020e-02
  -6.23570429e-03 -2.46145073e-02  5.30948266e-02  3.88794281e-02
  -3.98598313e-02 -6.98558465e-02 -1.15068741e-01  5.55068441e-02
  -3.50542627e-02 -1.06421873e-01  1.79591440e-02  5.59811257e-02
   1.70026034e-01 -1.34238392e-01  6.45316541e-02  1.16700143e-01
   5.35704195e-02 -1.02945067e-01  9.65241939e-02 -8.46293122e-02
  -3.43494974e-02 -1.08303972e-01 -1.21875368e-01  1.10873491e-01
  -7.85160139e-02  1.56869646e-02  3.60762253e-02  1.47700831e-01
  -8.14701021e-02 -4.60816249e-02 -1.02346271e-01  4.34256764e-03
  -2.94159371e-02  8.33090916e-02 -5.37863150e-02  4.42751609e-02
   1.03804894e-01 -6.25788122e-02 -3.28177959e-02 -1.64797921e-02
  -2.70988625e-02 -8.70584548e-02 -7.77669922e-02 -6.25160486e-02
  -6.29217848e-02  6.05794694e-03  1.16361091e-02 -8.11843649e-02
   6.69253394e-02  3.02298600e-03 -2.26931144e-02 -1.03737943e-01]
 [ 7.97076523e-02 -6.85453787e-02 -6.58319890e-02 -5.36039248e-02
   4.79661599e-02  1.78703085e-01 -1.99355334e-02  3.73590328e-02
  -4.87010740e-02 -4.89497297e-02  1.49134785e-01 -1.16257817e-01
  -1.09177448e-01  1.73482195e-01 -1.24770209e-01 -2.15698313e-02
   9.29882377e-02  7.42969336e-03 -9.64722633e-02  4.44775485e-02
   1.89407676e-01  1.47626266e-01 -3.15757319e-02  8.66423249e-02
  -2.97052432e-02  1.55093074e-01 -7.77816027e-02  1.09841684e-02
  -2.71142386e-02 -7.03075007e-02 -7.63245896e-02 -3.99609171e-02
   7.98093062e-03  8.38392898e-02  6.87497184e-02 -1.66783594e-02
   1.64558887e-01  2.43325438e-02 -6.47204835e-03 -1.11060413e-02
   2.76926942e-02 -1.06341712e-01 -6.19538166e-02  7.09697008e-02
   1.03773959e-02 -6.40012100e-02  3.17983404e-02 -8.35401118e-02
  -7.70455971e-02 -2.19282340e-02 -9.32029858e-02 -1.30838314e-02
   7.51508698e-02 -4.75708395e-02  1.24550357e-01  3.04934848e-02
  -1.13912001e-01  2.79221702e-02  1.14168443e-01 -4.97280732e-02
  -8.20002183e-02 -4.62693125e-02  2.36932501e-01  6.39037937e-02
  -3.86370271e-02  1.33389220e-01 -6.32054452e-03 -6.52455986e-02
  -3.65000814e-02 -8.18941146e-02  1.85896397e-01 -6.19086958e-02
   2.41981423e-03 -2.88061821e-03  1.51793197e-01  4.96701039e-02
  -7.62597993e-02 -7.22747594e-02 -9.19419155e-03 -5.13407253e-02
  -2.02843826e-02  2.58123036e-02 -8.85496736e-02  7.04505891e-02
  -1.07852496e-01  7.15900026e-03  7.06442595e-02  7.33410567e-02
   8.73382911e-02 -1.00778960e-01 -3.99253983e-03  2.14531541e-01
   1.08598448e-01 -2.71168072e-02  4.67873439e-02 -1.04721360e-01
   1.15260705e-01 -7.24845454e-02 -1.14021696e-01  1.38355345e-01
  -1.46436458e-02 -7.90122524e-02 -3.81025858e-03  9.74703059e-02
   3.79955508e-02  6.51624575e-02 -8.57216418e-02 -2.26396695e-02
  -9.02254209e-02 -2.24797036e-02 -9.53054130e-02  1.90338910e-01
   5.18674254e-02  1.91497996e-01 -2.07825433e-02  1.91431064e-02
  -7.37355947e-02 -8.74836072e-02  7.02679455e-02  1.24467820e-01
   3.03363390e-02 -6.61286339e-02 -9.32479277e-02 -6.74294755e-02
  -5.91789372e-02 -2.53578629e-02 -5.41586727e-02  1.93705812e-01]
 [ 9.97924432e-02 -8.25392753e-02 -9.74886417e-02 -1.79100543e-01
  -7.96580762e-02  3.60361226e-02 -8.23862627e-02 -4.53127846e-02
  -1.02791019e-01  1.46544231e-02 -9.87181664e-02 -6.58209762e-03
  -8.84925053e-02  1.31485373e-01 -5.62880933e-02  2.34776512e-01
  -9.46232006e-02  4.75649163e-02 -6.48954138e-02  1.43929899e-01
  -5.94388805e-02  9.93950590e-02 -1.57188013e-01  2.65084431e-02
   1.01617351e-01 -5.94978184e-02  8.56176838e-02  6.10034354e-02
   1.48783267e-01 -7.50573054e-02 -6.74553514e-02  7.62808472e-02
   3.10693998e-02 -8.25365484e-02 -6.55013621e-02  3.62588465e-02
   5.02864905e-02 -9.13391262e-02  1.24638699e-01 -4.33145352e-02
  -2.85645369e-02 -6.42990172e-02 -9.81439501e-02  1.92299038e-02
  -5.21674603e-02 -9.31661576e-02  1.39277712e-01 -8.64610970e-02
  -6.54182136e-02  2.67214552e-02 -1.15582235e-01  1.70718506e-02
   1.68102473e-01 -1.20701762e-02  1.47130284e-02 -1.20930206e-02
  -2.36435086e-02  1.90394688e-02  1.66354254e-01 -8.70888457e-02
   8.78160596e-02 -4.68482338e-02  2.08260268e-01 -9.33092535e-02
   1.76276654e-01  1.25750840e-01  1.03978112e-01  1.75464064e-01
  -8.18511844e-02  3.33260931e-02 -6.17796928e-02  1.25761017e-01
   4.22528572e-02  6.80102855e-02  2.62253713e-02 -6.72525167e-02
  -7.97170475e-02 -3.71045768e-02  8.70965123e-02 -7.70051852e-02
  -5.94700873e-02  1.08556911e-01 -8.43395740e-02 -4.78440709e-02
  -3.36194523e-02 -1.07725389e-01  9.31429304e-03 -3.70570496e-02
   4.24585901e-02  1.13203399e-01  7.75896981e-02  6.57182783e-02
   7.67882681e-03 -5.80332577e-02  1.81267932e-01 -5.95920272e-02
  -7.82134756e-02 -8.82558897e-02 -9.03990194e-02  6.08598888e-02
   6.29983991e-02  1.19785257e-01 -4.88289557e-02  8.23322237e-02
  -7.84706101e-02  1.06015787e-01 -6.69770539e-02  9.28613767e-02
   2.48949938e-02  1.34691507e-01 -7.71566629e-02 -5.85771054e-02
   1.12587534e-01 -6.61741868e-02  2.61138994e-05 -4.18337844e-02
  -5.61153479e-02 -6.37492612e-02 -4.40436415e-02  1.74903303e-01
  -1.65369827e-02 -3.11242305e-02 -5.52544780e-02 -7.93425068e-02
   4.31376547e-02  2.93066702e-03 -6.48924559e-02 -5.52314669e-02]]
