[[ 0.05808647  0.01782009 -0.07654187 -0.21907754  0.01810613  0.0393569
  -0.10897903  0.00446887 -0.11162478 -0.08028892 -0.06236362 -0.0395225
  -0.12219783  0.01996346 -0.05425166  0.08196571 -0.1131498   0.02343113
  -0.07823022 -0.02531949  0.19182603  0.22719036  0.02043709 -0.04612385
   0.17604117 -0.10556382  0.06504913 -0.05916123 -0.06344304 -0.05080275
  -0.00385725 -0.03511487 -0.09295192 -0.02561424  0.0621988   0.01957387
  -0.08594774 -0.08853725  0.1903833   0.10160235 -0.03501081 -0.06035381
  -0.13198507  0.22795354 -0.09697487 -0.06076856  0.04570307 -0.09210151
   0.03847134  0.00615364 -0.15280522 -0.08558203  0.11090976 -0.0360404
   0.06271066  0.09914022 -0.13395782  0.06017886  0.12681337 -0.09944837
   0.01565713  0.00675753  0.09871592 -0.1014315   0.16454835 -0.05333477
   0.02966591  0.05855346 -0.12965341  0.09529811 -0.03759778 -0.02820424
   0.03800477 -0.0818887   0.13503993 -0.07583244 -0.0617599   0.0050155
   0.01410781 -0.03632354 -0.04871516  0.01904476 -0.11264552 -0.01665031
  -0.07765451 -0.0854062  -0.04720057  0.07000631  0.19405192 -0.11016836
   0.08603617  0.05124979  0.11732382 -0.00445648  0.15939412 -0.10046963
  -0.07032716 -0.1193867  -0.13171299  0.10629498 -0.06733046 -0.01598083
   0.01259136  0.09341774 -0.08511002 -0.10220502 -0.09776994  0.00360181
   0.03014158  0.10846255 -0.07587158  0.00923899  0.10409264 -0.03830647
   0.03464691 -0.01502653  0.0496011  -0.09498956 -0.09122919 -0.06068412
  -0.06116751  0.02673371  0.02780884 -0.05754859  0.01519254 -0.03549863
  -0.01628613 -0.09982853]
 [ 0.05113162 -0.07599099 -0.06690579 -0.0383651   0.04298317  0.15623508
   0.00097037  0.01533778 -0.0540111  -0.02678786  0.09854715 -0.11502396
  -0.09224962  0.21906033 -0.11568322 -0.00063858  0.04937748 -0.03147727
  -0.09908249  0.02829783  0.16033733  0.12562951 -0.06884987  0.15545528
  -0.05135471  0.13077486 -0.03957528 -0.00262037 -0.03747661 -0.06514368
  -0.07630654 -0.03605003  0.00515806  0.07575212  0.05889487  0.00278513
   0.17602275 -0.00735211  0.01970998 -0.05673074  0.01454314 -0.11007489
  -0.0202614   0.07993169  0.06392534 -0.05754124  0.04498282 -0.07523625
  -0.07253781  0.01279879 -0.10712136  0.01214174  0.09979457 -0.06459226
   0.10515849  0.06773086 -0.10115648 -0.01655721  0.08922218 -0.06956659
  -0.08489185 -0.01281282  0.2175586   0.05704215 -0.01608075  0.1574869
  -0.03471171 -0.05917636 -0.0446636  -0.07573427  0.20684516 -0.07873667
   0.02025877  0.01421526  0.14550725  0.02687817 -0.09357993 -0.07501094
  -0.04740659 -0.07067216 -0.03496313  0.08797906 -0.09126623  0.04221002
  -0.09958079  0.0109628   0.02148303  0.09135683  0.06122598 -0.09075098
  -0.03853141  0.24228787  0.09228625 -0.00844795  0.05395839 -0.06616196
   0.11704915 -0.085365   -0.11269411  0.09382007 -0.02327782 -0.07796916
  -0.01070712  0.06192402  0.03236483  0.07761462 -0.07746392 -0.0245572
  -0.08642502 -0.02847917 -0.09642854  0.20004109  0.07803518  0.19082214
   0.01655412  0.03896486 -0.06692912 -0.09882329  0.0891463   0.16585703
   0.04557936 -0.08778251 -0.10137808 -0.06887951 -0.04707937  0.01176362
  -0.02250694  0.18821618]
 [ 0.16913253 -0.06662916 -0.08632421 -0.16359791 -0.08071747  0.0922848
  -0.08285267 -0.0622636  -0.10509308 -0.02380949 -0.09529275 -0.02495944
  -0.09955213  0.07300954 -0.05429654  0.24447761 -0.08858783  0.06151297
  -0.07626987  0.03941199 -0.06857918  0.03393528 -0.192871    0.0188707
   0.13862579 -0.0485977   0.0469126   0.12467364  0.15246518 -0.06995038
  -0.07069737  0.03991907  0.01104525 -0.02971654 -0.0500543  -0.01612054
   0.06220125 -0.0770874   0.04688854 -0.01000637  0.01866756 -0.06871737
  -0.08895437 -0.05012532 -0.04495793 -0.09267801  0.09271255 -0.08408362
  -0.07152037  0.03921939 -0.10549054 -0.02163119  0.10373197 -0.01702102
   0.0282156   0.00974756 -0.07626003  0.0281133   0.1528993  -0.0698315
   0.04109358 -0.03092805  0.18032008 -0.0803069   0.20317976  0.15819375
   0.06372029  0.18452103 -0.08704512 -0.046375   -0.06184091  0.15957548
   0.04902349  0.10112835  0.05711294 -0.05533566 -0.09897391 -0.04560212
   0.01399324 -0.02205573 -0.07838255  0.18986253 -0.07666793 -0.06237713
  -0.06427698 -0.0601926  -0.0548811  -0.0273902  -0.00751934  0.17561507
   0.12696013 -0.0312608  -0.04856729 -0.02661978  0.13455482 -0.08960748
  -0.08292843 -0.07141666 -0.08895013  0.06337696  0.02259653  0.10169563
  -0.06759463  0.01608242 -0.0277916   0.11894855 -0.05954094  0.08575802
   0.06833921  0.10396333 -0.09067041 -0.04451628  0.06074797 -0.07195672
   0.02432943 -0.01642985 -0.04934279 -0.07508112 -0.05107275  0.23424116
  -0.03631068  0.01986668 -0.07359712 -0.0686723   0.06020037 -0.02601235
  -0.07685195 -0.0536329 ]]
[[ 0.05808647  0.01782009 -0.07654187 -0.21907754  0.01810613  0.0393569
  -0.10897903  0.00446887 -0.11162478 -0.08028892 -0.06236362 -0.0395225
  -0.12219783  0.01996346 -0.05425166  0.08196571 -0.1131498   0.02343113
  -0.07823022 -0.02531949  0.19182603  0.22719036  0.02043709 -0.04612385
   0.17604117 -0.10556382  0.06504913 -0.05916123 -0.06344304 -0.05080275
  -0.00385725 -0.03511487 -0.09295192 -0.02561424  0.0621988   0.01957387
  -0.08594774 -0.08853725  0.1903833   0.10160235 -0.03501081 -0.06035381
  -0.13198507  0.22795354 -0.09697487 -0.06076856  0.04570307 -0.09210151
   0.03847134  0.00615364 -0.15280522 -0.08558203  0.11090976 -0.0360404
   0.06271066  0.09914022 -0.13395782  0.06017886  0.12681337 -0.09944837
   0.01565713  0.00675753  0.09871592 -0.1014315   0.16454835 -0.05333477
   0.02966591  0.05855346 -0.12965341  0.09529811 -0.03759778 -0.02820424
   0.03800477 -0.0818887   0.13503993 -0.07583244 -0.0617599   0.0050155
   0.01410781 -0.03632354 -0.04871516  0.01904476 -0.11264552 -0.01665031
  -0.07765451 -0.0854062  -0.04720057  0.07000631  0.19405192 -0.11016836
   0.08603617  0.05124979  0.11732382 -0.00445648  0.15939412 -0.10046963
  -0.07032716 -0.1193867  -0.13171299  0.10629498 -0.06733046 -0.01598083
   0.01259136  0.09341774 -0.08511002 -0.10220502 -0.09776994  0.00360181
   0.03014158  0.10846255 -0.07587158  0.00923899  0.10409264 -0.03830647
   0.03464691 -0.01502653  0.0496011  -0.09498956 -0.09122919 -0.06068412
  -0.06116751  0.02673371  0.02780884 -0.05754859  0.01519254 -0.03549863
  -0.01628613 -0.09982853]
 [ 0.05113162 -0.07599099 -0.06690579 -0.0383651   0.04298317  0.15623508
   0.00097037  0.01533778 -0.0540111  -0.02678786  0.09854715 -0.11502396
  -0.09224962  0.21906033 -0.11568322 -0.00063858  0.04937748 -0.03147727
  -0.09908249  0.02829783  0.16033733  0.12562951 -0.06884987  0.15545528
  -0.05135471  0.13077486 -0.03957528 -0.00262037 -0.03747661 -0.06514368
  -0.07630654 -0.03605003  0.00515806  0.07575212  0.05889487  0.00278513
   0.17602275 -0.00735211  0.01970998 -0.05673074  0.01454314 -0.11007489
  -0.0202614   0.07993169  0.06392534 -0.05754124  0.04498282 -0.07523625
  -0.07253781  0.01279879 -0.10712136  0.01214174  0.09979457 -0.06459226
   0.10515849  0.06773086 -0.10115648 -0.01655721  0.08922218 -0.06956659
  -0.08489185 -0.01281282  0.2175586   0.05704215 -0.01608075  0.1574869
  -0.03471171 -0.05917636 -0.0446636  -0.07573427  0.20684516 -0.07873667
   0.02025877  0.01421526  0.14550725  0.02687817 -0.09357993 -0.07501094
  -0.04740659 -0.07067216 -0.03496313  0.08797906 -0.09126623  0.04221002
  -0.09958079  0.0109628   0.02148303  0.09135683  0.06122598 -0.09075098
  -0.03853141  0.24228787  0.09228625 -0.00844795  0.05395839 -0.06616196
   0.11704915 -0.085365   -0.11269411  0.09382007 -0.02327782 -0.07796916
  -0.01070712  0.06192402  0.03236483  0.07761462 -0.07746392 -0.0245572
  -0.08642502 -0.02847917 -0.09642854  0.20004109  0.07803518  0.19082214
   0.01655412  0.03896486 -0.06692912 -0.09882329  0.0891463   0.16585703
   0.04557936 -0.08778251 -0.10137808 -0.06887951 -0.04707937  0.01176362
  -0.02250694  0.18821618]
 [ 0.16913253 -0.06662916 -0.08632421 -0.16359791 -0.08071747  0.0922848
  -0.08285267 -0.0622636  -0.10509308 -0.02380949 -0.09529275 -0.02495944
  -0.09955213  0.07300954 -0.05429654  0.24447761 -0.08858783  0.06151297
  -0.07626987  0.03941199 -0.06857918  0.03393528 -0.192871    0.0188707
   0.13862579 -0.0485977   0.0469126   0.12467364  0.15246518 -0.06995038
  -0.07069737  0.03991907  0.01104525 -0.02971654 -0.0500543  -0.01612054
   0.06220125 -0.0770874   0.04688854 -0.01000637  0.01866756 -0.06871737
  -0.08895437 -0.05012532 -0.04495793 -0.09267801  0.09271255 -0.08408362
  -0.07152037  0.03921939 -0.10549054 -0.02163119  0.10373197 -0.01702102
   0.0282156   0.00974756 -0.07626003  0.0281133   0.1528993  -0.0698315
   0.04109358 -0.03092805  0.18032008 -0.0803069   0.20317976  0.15819375
   0.06372029  0.18452103 -0.08704512 -0.046375   -0.06184091  0.15957548
   0.04902349  0.10112835  0.05711294 -0.05533566 -0.09897391 -0.04560212
   0.01399324 -0.02205573 -0.07838255  0.18986253 -0.07666793 -0.06237713
  -0.06427698 -0.0601926  -0.0548811  -0.0273902  -0.00751934  0.17561507
   0.12696013 -0.0312608  -0.04856729 -0.02661978  0.13455482 -0.08960748
  -0.08292843 -0.07141666 -0.08895013  0.06337696  0.02259653  0.10169563
  -0.06759463  0.01608242 -0.0277916   0.11894855 -0.05954094  0.08575802
   0.06833921  0.10396333 -0.09067041 -0.04451628  0.06074797 -0.07195672
   0.02432943 -0.01642985 -0.04934279 -0.07508112 -0.05107275  0.23424116
  -0.03631068  0.01986668 -0.07359712 -0.0686723   0.06020037 -0.02601235
  -0.07685195 -0.0536329 ]]
[[ 0.05808647  0.01782009 -0.07654187 -0.21907754  0.01810613  0.0393569
  -0.10897903  0.00446887 -0.11162478 -0.08028892 -0.06236362 -0.0395225
  -0.12219783  0.01996346 -0.05425166  0.08196571 -0.1131498   0.02343113
  -0.07823022 -0.02531949  0.19182603  0.22719036  0.02043709 -0.04612385
   0.17604117 -0.10556382  0.06504913 -0.05916123 -0.06344304 -0.05080275
  -0.00385725 -0.03511487 -0.09295192 -0.02561424  0.0621988   0.01957387
  -0.08594774 -0.08853725  0.1903833   0.10160235 -0.03501081 -0.06035381
  -0.13198507  0.22795354 -0.09697487 -0.06076856  0.04570307 -0.09210151
   0.03847134  0.00615364 -0.15280522 -0.08558203  0.11090976 -0.0360404
   0.06271066  0.09914022 -0.13395782  0.06017886  0.12681337 -0.09944837
   0.01565713  0.00675753  0.09871592 -0.1014315   0.16454835 -0.05333477
   0.02966591  0.05855346 -0.12965341  0.09529811 -0.03759778 -0.02820424
   0.03800477 -0.0818887   0.13503993 -0.07583244 -0.0617599   0.0050155
   0.01410781 -0.03632354 -0.04871516  0.01904476 -0.11264552 -0.01665031
  -0.07765451 -0.0854062  -0.04720057  0.07000631  0.19405192 -0.11016836
   0.08603617  0.05124979  0.11732382 -0.00445648  0.15939412 -0.10046963
  -0.07032716 -0.1193867  -0.13171299  0.10629498 -0.06733046 -0.01598083
   0.01259136  0.09341774 -0.08511002 -0.10220502 -0.09776994  0.00360181
   0.03014158  0.10846255 -0.07587158  0.00923899  0.10409264 -0.03830647
   0.03464691 -0.01502653  0.0496011  -0.09498956 -0.09122919 -0.06068412
  -0.06116751  0.02673371  0.02780884 -0.05754859  0.01519254 -0.03549863
  -0.01628613 -0.09982853]
 [ 0.05113162 -0.07599099 -0.06690579 -0.0383651   0.04298317  0.15623508
   0.00097037  0.01533778 -0.0540111  -0.02678786  0.09854715 -0.11502396
  -0.09224962  0.21906033 -0.11568322 -0.00063858  0.04937748 -0.03147727
  -0.09908249  0.02829783  0.16033733  0.12562951 -0.06884987  0.15545528
  -0.05135471  0.13077486 -0.03957528 -0.00262037 -0.03747661 -0.06514368
  -0.07630654 -0.03605003  0.00515806  0.07575212  0.05889487  0.00278513
   0.17602275 -0.00735211  0.01970998 -0.05673074  0.01454314 -0.11007489
  -0.0202614   0.07993169  0.06392534 -0.05754124  0.04498282 -0.07523625
  -0.07253781  0.01279879 -0.10712136  0.01214174  0.09979457 -0.06459226
   0.10515849  0.06773086 -0.10115648 -0.01655721  0.08922218 -0.06956659
  -0.08489185 -0.01281282  0.2175586   0.05704215 -0.01608075  0.1574869
  -0.03471171 -0.05917636 -0.0446636  -0.07573427  0.20684516 -0.07873667
   0.02025877  0.01421526  0.14550725  0.02687817 -0.09357993 -0.07501094
  -0.04740659 -0.07067216 -0.03496313  0.08797906 -0.09126623  0.04221002
  -0.09958079  0.0109628   0.02148303  0.09135683  0.06122598 -0.09075098
  -0.03853141  0.24228787  0.09228625 -0.00844795  0.05395839 -0.06616196
   0.11704915 -0.085365   -0.11269411  0.09382007 -0.02327782 -0.07796916
  -0.01070712  0.06192402  0.03236483  0.07761462 -0.07746392 -0.0245572
  -0.08642502 -0.02847917 -0.09642854  0.20004109  0.07803518  0.19082214
   0.01655412  0.03896486 -0.06692912 -0.09882329  0.0891463   0.16585703
   0.04557936 -0.08778251 -0.10137808 -0.06887951 -0.04707937  0.01176362
  -0.02250694  0.18821618]
 [ 0.16913253 -0.06662916 -0.08632421 -0.16359791 -0.08071747  0.0922848
  -0.08285267 -0.0622636  -0.10509308 -0.02380949 -0.09529275 -0.02495944
  -0.09955213  0.07300954 -0.05429654  0.24447761 -0.08858783  0.06151297
  -0.07626987  0.03941199 -0.06857918  0.03393528 -0.192871    0.0188707
   0.13862579 -0.0485977   0.0469126   0.12467364  0.15246518 -0.06995038
  -0.07069737  0.03991907  0.01104525 -0.02971654 -0.0500543  -0.01612054
   0.06220125 -0.0770874   0.04688854 -0.01000637  0.01866756 -0.06871737
  -0.08895437 -0.05012532 -0.04495793 -0.09267801  0.09271255 -0.08408362
  -0.07152037  0.03921939 -0.10549054 -0.02163119  0.10373197 -0.01702102
   0.0282156   0.00974756 -0.07626003  0.0281133   0.1528993  -0.0698315
   0.04109358 -0.03092805  0.18032008 -0.0803069   0.20317976  0.15819375
   0.06372029  0.18452103 -0.08704512 -0.046375   -0.06184091  0.15957548
   0.04902349  0.10112835  0.05711294 -0.05533566 -0.09897391 -0.04560212
   0.01399324 -0.02205573 -0.07838255  0.18986253 -0.07666793 -0.06237713
  -0.06427698 -0.0601926  -0.0548811  -0.0273902  -0.00751934  0.17561507
   0.12696013 -0.0312608  -0.04856729 -0.02661978  0.13455482 -0.08960748
  -0.08292843 -0.07141666 -0.08895013  0.06337696  0.02259653  0.10169563
  -0.06759463  0.01608242 -0.0277916   0.11894855 -0.05954094  0.08575802
   0.06833921  0.10396333 -0.09067041 -0.04451628  0.06074797 -0.07195672
   0.02432943 -0.01642985 -0.04934279 -0.07508112 -0.05107275  0.23424116
  -0.03631068  0.01986668 -0.07359712 -0.0686723   0.06020037 -0.02601235
  -0.07685195 -0.0536329 ]]
