[[-4.86663356e-02 -3.66291814e-02  1.63784306e-02  1.98862627e-02
   8.05338696e-02 -4.26848307e-02 -7.22324029e-02  3.27256508e-02
  -4.65516606e-03 -1.74126949e-03  1.92784779e-02 -9.08164829e-02
  -3.03147230e-02  9.43342075e-02 -1.16375223e-01  1.01894783e-02
   1.17997743e-01  3.51960659e-02 -5.73459566e-02  1.28987096e-02
   1.94911614e-01  1.88582048e-01 -2.69021634e-02  2.39856407e-01
   1.68585274e-02 -2.97892690e-02  2.31659431e-02 -4.40874286e-02
  -5.79783805e-02 -6.33271337e-02 -8.91149789e-02  1.59970913e-02
   4.54760380e-02  5.23093017e-03  1.97179224e-02 -2.56560985e-02
   1.60472035e-01  5.41812256e-02  8.06062669e-02 -8.40801448e-02
   3.45374495e-02 -9.12032798e-02 -7.75806010e-02  6.13351092e-02
   1.06640421e-01 -9.64935943e-02 -2.63194572e-02 -8.72833505e-02
  -4.08355445e-02  4.34281118e-02 -1.19074680e-01  1.49509400e-01
   1.26061499e-01 -4.53302972e-02  3.71576995e-02  1.35683164e-01
  -1.22582391e-01 -1.17227845e-01  8.19802210e-02 -2.30306387e-02
  -3.38991024e-02 -1.58331096e-02  2.94150531e-01  2.27784254e-02
  -8.18119943e-02  2.00005352e-01 -6.04305090e-03 -6.02531526e-03
  -1.97034460e-02 -3.71764973e-02  1.54045865e-01 -6.67730421e-02
  -4.39386182e-02 -5.97462244e-02  9.64359045e-02 -7.41223916e-02
  -2.82638762e-02 -6.08484410e-02 -9.13965330e-03 -8.37899968e-02
   8.79516676e-02  3.65023129e-02 -8.74652490e-02  7.56398439e-02
  -6.67957664e-02 -1.79949291e-02 -1.66617148e-02 -7.12046959e-03
  -1.39151737e-02 -6.66591525e-02 -8.69257227e-02  2.96861947e-01
   4.66799065e-02 -3.52366380e-02  1.26235247e-01 -7.50915334e-03
   1.05733192e-03 -9.28827003e-02 -7.87499323e-02  4.77831587e-02
  -7.41305724e-02 -9.87647772e-02 -3.03352140e-02 -6.64444594e-03
  -3.57272960e-02 -5.57724535e-02 -7.90905431e-02  1.74439233e-02
  -8.11383054e-02  3.60171236e-02 -7.84057304e-02  1.62333265e-01
   5.42152561e-02  1.67679429e-01  8.07977766e-02 -2.07284819e-02
  -5.61313331e-02 -4.19592708e-02 -5.12184633e-04 -8.44956841e-03
   6.66076019e-02 -6.53138831e-02 -3.38114314e-02 -7.26185367e-02
  -5.27693145e-02 -2.08694860e-02  1.02267019e-01  2.66354859e-01]
 [ 1.36779681e-01 -1.02535836e-01 -3.40718143e-02 -1.32559747e-01
  -6.65400003e-04 -8.60388027e-05 -9.41980258e-02 -5.15347384e-02
  -4.96077947e-02 -2.01407559e-02 -1.13412470e-01 -2.08819676e-02
  -1.14683457e-01  7.99313188e-02 -7.65953809e-02  2.12986678e-01
  -5.98302409e-02  4.11891937e-02 -3.41668501e-02  1.82702839e-01
   5.03078550e-02  1.25799075e-01 -1.19522206e-01 -7.04464912e-02
   1.64061785e-01 -8.82633105e-02  2.49699000e-02 -3.12754773e-02
   1.04859643e-01 -9.70081091e-02 -3.52176316e-02  5.68625145e-02
   2.71879714e-02 -4.13971655e-02  5.17111495e-02  5.19360900e-02
   3.81721221e-02 -9.39611122e-02  1.54286176e-01  1.00062992e-02
  -5.97357377e-02  1.91402119e-02 -7.73540214e-02  8.37267861e-02
  -6.58425540e-02 -9.84935164e-02  1.39337897e-01 -1.07286431e-01
  -6.23028092e-02  1.06744237e-01 -1.16480581e-01 -3.37728076e-02
   2.14436695e-01 -1.34289954e-02  6.08251020e-02  1.41244888e-01
  -9.96161625e-02  5.50153144e-02  1.43522605e-01 -8.54621083e-02
  -1.21476036e-02  7.14281052e-02  1.44882277e-01 -1.10775784e-01
   2.31184229e-01  1.25819951e-01  5.41965663e-02  2.12619398e-02
  -1.06667183e-01  3.61636057e-02 -2.79165320e-02  8.14456642e-02
   5.60348667e-02 -5.43958843e-02 -6.55908231e-03 -3.86291444e-02
   2.52597779e-03  6.18568547e-02  2.28440925e-01 -3.45954411e-02
  -7.75946304e-02  4.24387343e-02 -9.89511088e-02 -1.08839888e-02
  -5.27739003e-02 -8.92190188e-02  2.42669452e-02  3.87560539e-02
   1.66562155e-01  4.48947772e-02  1.11679077e-01  4.23199050e-02
   1.39795288e-01 -1.88590009e-02  1.50906816e-01 -7.01166913e-02
  -5.54647334e-02 -8.57547745e-02 -8.04861337e-02  9.23037902e-03
  -3.01683135e-02  6.59990460e-02 -8.03491324e-02 -2.31810398e-02
  -6.99032396e-02 -4.19134982e-02 -5.59507944e-02 -2.33769361e-02
   2.35619880e-02  1.62724182e-01 -8.72254893e-02 -4.52120006e-02
   4.87406664e-02 -3.63989919e-02  2.75203735e-02 -8.31967816e-02
  -2.58064345e-02 -3.21820155e-02 -8.07322338e-02  1.64206669e-01
  -4.28160392e-02  1.09922953e-01 -5.39004393e-02 -6.03467934e-02
   4.03589569e-02 -4.55898087e-04 -4.16463278e-02 -7.38643333e-02]]
[[-4.86663356e-02 -3.66291814e-02  1.63784306e-02  1.98862627e-02
   8.05338696e-02 -4.26848307e-02 -7.22324029e-02  3.27256508e-02
  -4.65516606e-03 -1.74126949e-03  1.92784779e-02 -9.08164829e-02
  -3.03147230e-02  9.43342075e-02 -1.16375223e-01  1.01894783e-02
   1.17997743e-01  3.51960659e-02 -5.73459566e-02  1.28987096e-02
   1.94911614e-01  1.88582048e-01 -2.69021634e-02  2.39856407e-01
   1.68585274e-02 -2.97892690e-02  2.31659431e-02 -4.40874286e-02
  -5.79783805e-02 -6.33271337e-02 -8.91149789e-02  1.59970913e-02
   4.54760380e-02  5.23093017e-03  1.97179224e-02 -2.56560985e-02
   1.60472035e-01  5.41812256e-02  8.06062669e-02 -8.40801448e-02
   3.45374495e-02 -9.12032798e-02 -7.75806010e-02  6.13351092e-02
   1.06640421e-01 -9.64935943e-02 -2.63194572e-02 -8.72833505e-02
  -4.08355445e-02  4.34281118e-02 -1.19074680e-01  1.49509400e-01
   1.26061499e-01 -4.53302972e-02  3.71576995e-02  1.35683164e-01
  -1.22582391e-01 -1.17227845e-01  8.19802210e-02 -2.30306387e-02
  -3.38991024e-02 -1.58331096e-02  2.94150531e-01  2.27784254e-02
  -8.18119943e-02  2.00005352e-01 -6.04305090e-03 -6.02531526e-03
  -1.97034460e-02 -3.71764973e-02  1.54045865e-01 -6.67730421e-02
  -4.39386182e-02 -5.97462244e-02  9.64359045e-02 -7.41223916e-02
  -2.82638762e-02 -6.08484410e-02 -9.13965330e-03 -8.37899968e-02
   8.79516676e-02  3.65023129e-02 -8.74652490e-02  7.56398439e-02
  -6.67957664e-02 -1.79949291e-02 -1.66617148e-02 -7.12046959e-03
  -1.39151737e-02 -6.66591525e-02 -8.69257227e-02  2.96861947e-01
   4.66799065e-02 -3.52366380e-02  1.26235247e-01 -7.50915334e-03
   1.05733192e-03 -9.28827003e-02 -7.87499323e-02  4.77831587e-02
  -7.41305724e-02 -9.87647772e-02 -3.03352140e-02 -6.64444594e-03
  -3.57272960e-02 -5.57724535e-02 -7.90905431e-02  1.74439233e-02
  -8.11383054e-02  3.60171236e-02 -7.84057304e-02  1.62333265e-01
   5.42152561e-02  1.67679429e-01  8.07977766e-02 -2.07284819e-02
  -5.61313331e-02 -4.19592708e-02 -5.12184633e-04 -8.44956841e-03
   6.66076019e-02 -6.53138831e-02 -3.38114314e-02 -7.26185367e-02
  -5.27693145e-02 -2.08694860e-02  1.02267019e-01  2.66354859e-01]
 [ 1.36779681e-01 -1.02535836e-01 -3.40718143e-02 -1.32559747e-01
  -6.65400003e-04 -8.60388027e-05 -9.41980258e-02 -5.15347384e-02
  -4.96077947e-02 -2.01407559e-02 -1.13412470e-01 -2.08819676e-02
  -1.14683457e-01  7.99313188e-02 -7.65953809e-02  2.12986678e-01
  -5.98302409e-02  4.11891937e-02 -3.41668501e-02  1.82702839e-01
   5.03078550e-02  1.25799075e-01 -1.19522206e-01 -7.04464912e-02
   1.64061785e-01 -8.82633105e-02  2.49699000e-02 -3.12754773e-02
   1.04859643e-01 -9.70081091e-02 -3.52176316e-02  5.68625145e-02
   2.71879714e-02 -4.13971655e-02  5.17111495e-02  5.19360900e-02
   3.81721221e-02 -9.39611122e-02  1.54286176e-01  1.00062992e-02
  -5.97357377e-02  1.91402119e-02 -7.73540214e-02  8.37267861e-02
  -6.58425540e-02 -9.84935164e-02  1.39337897e-01 -1.07286431e-01
  -6.23028092e-02  1.06744237e-01 -1.16480581e-01 -3.37728076e-02
   2.14436695e-01 -1.34289954e-02  6.08251020e-02  1.41244888e-01
  -9.96161625e-02  5.50153144e-02  1.43522605e-01 -8.54621083e-02
  -1.21476036e-02  7.14281052e-02  1.44882277e-01 -1.10775784e-01
   2.31184229e-01  1.25819951e-01  5.41965663e-02  2.12619398e-02
  -1.06667183e-01  3.61636057e-02 -2.79165320e-02  8.14456642e-02
   5.60348667e-02 -5.43958843e-02 -6.55908231e-03 -3.86291444e-02
   2.52597779e-03  6.18568547e-02  2.28440925e-01 -3.45954411e-02
  -7.75946304e-02  4.24387343e-02 -9.89511088e-02 -1.08839888e-02
  -5.27739003e-02 -8.92190188e-02  2.42669452e-02  3.87560539e-02
   1.66562155e-01  4.48947772e-02  1.11679077e-01  4.23199050e-02
   1.39795288e-01 -1.88590009e-02  1.50906816e-01 -7.01166913e-02
  -5.54647334e-02 -8.57547745e-02 -8.04861337e-02  9.23037902e-03
  -3.01683135e-02  6.59990460e-02 -8.03491324e-02 -2.31810398e-02
  -6.99032396e-02 -4.19134982e-02 -5.59507944e-02 -2.33769361e-02
   2.35619880e-02  1.62724182e-01 -8.72254893e-02 -4.52120006e-02
   4.87406664e-02 -3.63989919e-02  2.75203735e-02 -8.31967816e-02
  -2.58064345e-02 -3.21820155e-02 -8.07322338e-02  1.64206669e-01
  -4.28160392e-02  1.09922953e-01 -5.39004393e-02 -6.03467934e-02
   4.03589569e-02 -4.55898087e-04 -4.16463278e-02 -7.38643333e-02]]
[[-4.86663356e-02 -3.66291814e-02  1.63784306e-02  1.98862627e-02
   8.05338696e-02 -4.26848307e-02 -7.22324029e-02  3.27256508e-02
  -4.65516606e-03 -1.74126949e-03  1.92784779e-02 -9.08164829e-02
  -3.03147230e-02  9.43342075e-02 -1.16375223e-01  1.01894783e-02
   1.17997743e-01  3.51960659e-02 -5.73459566e-02  1.28987096e-02
   1.94911614e-01  1.88582048e-01 -2.69021634e-02  2.39856407e-01
   1.68585274e-02 -2.97892690e-02  2.31659431e-02 -4.40874286e-02
  -5.79783805e-02 -6.33271337e-02 -8.91149789e-02  1.59970913e-02
   4.54760380e-02  5.23093017e-03  1.97179224e-02 -2.56560985e-02
   1.60472035e-01  5.41812256e-02  8.06062669e-02 -8.40801448e-02
   3.45374495e-02 -9.12032798e-02 -7.75806010e-02  6.13351092e-02
   1.06640421e-01 -9.64935943e-02 -2.63194572e-02 -8.72833505e-02
  -4.08355445e-02  4.34281118e-02 -1.19074680e-01  1.49509400e-01
   1.26061499e-01 -4.53302972e-02  3.71576995e-02  1.35683164e-01
  -1.22582391e-01 -1.17227845e-01  8.19802210e-02 -2.30306387e-02
  -3.38991024e-02 -1.58331096e-02  2.94150531e-01  2.27784254e-02
  -8.18119943e-02  2.00005352e-01 -6.04305090e-03 -6.02531526e-03
  -1.97034460e-02 -3.71764973e-02  1.54045865e-01 -6.67730421e-02
  -4.39386182e-02 -5.97462244e-02  9.64359045e-02 -7.41223916e-02
  -2.82638762e-02 -6.08484410e-02 -9.13965330e-03 -8.37899968e-02
   8.79516676e-02  3.65023129e-02 -8.74652490e-02  7.56398439e-02
  -6.67957664e-02 -1.79949291e-02 -1.66617148e-02 -7.12046959e-03
  -1.39151737e-02 -6.66591525e-02 -8.69257227e-02  2.96861947e-01
   4.66799065e-02 -3.52366380e-02  1.26235247e-01 -7.50915334e-03
   1.05733192e-03 -9.28827003e-02 -7.87499323e-02  4.77831587e-02
  -7.41305724e-02 -9.87647772e-02 -3.03352140e-02 -6.64444594e-03
  -3.57272960e-02 -5.57724535e-02 -7.90905431e-02  1.74439233e-02
  -8.11383054e-02  3.60171236e-02 -7.84057304e-02  1.62333265e-01
   5.42152561e-02  1.67679429e-01  8.07977766e-02 -2.07284819e-02
  -5.61313331e-02 -4.19592708e-02 -5.12184633e-04 -8.44956841e-03
   6.66076019e-02 -6.53138831e-02 -3.38114314e-02 -7.26185367e-02
  -5.27693145e-02 -2.08694860e-02  1.02267019e-01  2.66354859e-01]
 [ 1.36779681e-01 -1.02535836e-01 -3.40718143e-02 -1.32559747e-01
  -6.65400003e-04 -8.60388027e-05 -9.41980258e-02 -5.15347384e-02
  -4.96077947e-02 -2.01407559e-02 -1.13412470e-01 -2.08819676e-02
  -1.14683457e-01  7.99313188e-02 -7.65953809e-02  2.12986678e-01
  -5.98302409e-02  4.11891937e-02 -3.41668501e-02  1.82702839e-01
   5.03078550e-02  1.25799075e-01 -1.19522206e-01 -7.04464912e-02
   1.64061785e-01 -8.82633105e-02  2.49699000e-02 -3.12754773e-02
   1.04859643e-01 -9.70081091e-02 -3.52176316e-02  5.68625145e-02
   2.71879714e-02 -4.13971655e-02  5.17111495e-02  5.19360900e-02
   3.81721221e-02 -9.39611122e-02  1.54286176e-01  1.00062992e-02
  -5.97357377e-02  1.91402119e-02 -7.73540214e-02  8.37267861e-02
  -6.58425540e-02 -9.84935164e-02  1.39337897e-01 -1.07286431e-01
  -6.23028092e-02  1.06744237e-01 -1.16480581e-01 -3.37728076e-02
   2.14436695e-01 -1.34289954e-02  6.08251020e-02  1.41244888e-01
  -9.96161625e-02  5.50153144e-02  1.43522605e-01 -8.54621083e-02
  -1.21476036e-02  7.14281052e-02  1.44882277e-01 -1.10775784e-01
   2.31184229e-01  1.25819951e-01  5.41965663e-02  2.12619398e-02
  -1.06667183e-01  3.61636057e-02 -2.79165320e-02  8.14456642e-02
   5.60348667e-02 -5.43958843e-02 -6.55908231e-03 -3.86291444e-02
   2.52597779e-03  6.18568547e-02  2.28440925e-01 -3.45954411e-02
  -7.75946304e-02  4.24387343e-02 -9.89511088e-02 -1.08839888e-02
  -5.27739003e-02 -8.92190188e-02  2.42669452e-02  3.87560539e-02
   1.66562155e-01  4.48947772e-02  1.11679077e-01  4.23199050e-02
   1.39795288e-01 -1.88590009e-02  1.50906816e-01 -7.01166913e-02
  -5.54647334e-02 -8.57547745e-02 -8.04861337e-02  9.23037902e-03
  -3.01683135e-02  6.59990460e-02 -8.03491324e-02 -2.31810398e-02
  -6.99032396e-02 -4.19134982e-02 -5.59507944e-02 -2.33769361e-02
   2.35619880e-02  1.62724182e-01 -8.72254893e-02 -4.52120006e-02
   4.87406664e-02 -3.63989919e-02  2.75203735e-02 -8.31967816e-02
  -2.58064345e-02 -3.21820155e-02 -8.07322338e-02  1.64206669e-01
  -4.28160392e-02  1.09922953e-01 -5.39004393e-02 -6.03467934e-02
   4.03589569e-02 -4.55898087e-04 -4.16463278e-02 -7.38643333e-02]]
