[[-0.00599825 -0.04898816 -0.04287079  0.06597246  0.07155652 -0.06464284
  -0.06197098  0.05604839  0.03434892 -0.01603605 -0.02956498 -0.09146838
  -0.06010387  0.07965883 -0.12681374 -0.00747683  0.1230946  -0.03266287
  -0.02966556  0.02056795  0.04754717  0.12123536 -0.09745732  0.23187284
   0.01893252 -0.02633021  0.01738541  0.02089585 -0.05563355 -0.06408386
  -0.10216382 -0.00106286 -0.03108796  0.03554019 -0.02336813  0.00595617
   0.16523013  0.0175562   0.02657374 -0.119688    0.08694555 -0.08618332
  -0.01526145  0.02211825  0.16479316 -0.0998079  -0.04821936 -0.09970389
  -0.05989314  0.03972217 -0.11901251  0.18166485  0.05505403 -0.06580149
   0.03375665  0.1604337  -0.16038038 -0.14009337  0.09328972 -0.00807471
   0.03463558  0.00364503  0.26813045 -0.00727487 -0.09025543  0.19229311
  -0.05116964  0.01933534 -0.01669113 -0.05762862  0.15358597 -0.0825417
  -0.05389422 -0.05485491  0.10963535 -0.0712646  -0.02527525 -0.07734055
  -0.00645021 -0.12405631  0.13357742  0.08217978 -0.09515791  0.06697328
  -0.07039857 -0.04115499 -0.01622316  0.04412687 -0.01637575 -0.04763797
  -0.09869055  0.2695126   0.05101069 -0.04082962  0.12933037 -0.05861732
  -0.02000707 -0.09999415 -0.0731888   0.06332733 -0.07925659 -0.09728691
  -0.0566835  -0.00706348 -0.05490214 -0.06704014 -0.07535046 -0.06980956
  -0.08299656 -0.00958657 -0.0838163   0.15803373 -0.0460686   0.15080403
   0.12776501 -0.03190663 -0.06001798 -0.00558046  0.0079346  -0.02642271
   0.00857419 -0.06595937 -0.05833376 -0.06729932 -0.02589838 -0.02945786
   0.0701719   0.22802515]
 [ 0.1438089  -0.08367604 -0.06025365 -0.11638796 -0.0245496   0.029037
  -0.08317181 -0.06421072 -0.06588789  0.02394679 -0.11596711 -0.04914351
  -0.10467855  0.07973161 -0.01384747  0.2825292  -0.10007802  0.07242101
  -0.02416622  0.12341625 -0.00669554  0.09314942 -0.16540289 -0.02370809
   0.15806533 -0.08670276  0.10924526 -0.02189602  0.15136069 -0.08971131
  -0.04076976  0.0967421  -0.02598779 -0.09187587  0.01469155  0.01462467
   0.03758595 -0.0992587   0.2266015  -0.01017917 -0.0747152   0.01166049
  -0.0639968   0.06665157 -0.0139203  -0.09112696  0.07987285 -0.09757034
  -0.06232902  0.04902959 -0.13885109 -0.03529827  0.2255816  -0.00342239
  -0.00240639  0.08504087 -0.10366096  0.03788031  0.15823965 -0.09745177
   0.06643594  0.03899783  0.14744951 -0.11054635  0.1380359   0.10304586
   0.07411724  0.1201473  -0.09388739  0.00999261 -0.08406068  0.07665535
   0.04514411 -0.05285663  0.01690776 -0.07242379 -0.08320909  0.04496308
   0.19094676 -0.03843309 -0.08785987  0.03953589 -0.09658419 -0.04582115
   0.01712602 -0.10927154 -0.05066891  0.02475022  0.07831668  0.05872576
   0.12561415  0.00538337  0.0793997  -0.06607076  0.1387752  -0.06671237
  -0.08240345 -0.09558211 -0.08698281  0.05756341 -0.00771692  0.06581651
  -0.08556869 -0.01684382 -0.09909758  0.01138154 -0.07188243  0.01442813
   0.01874221  0.14325441 -0.08045077 -0.02922027  0.12985747 -0.0824829
  -0.0017551  -0.06091544 -0.05175695 -0.05469307 -0.06687795  0.13414168
  -0.06294183  0.06459446 -0.01991351 -0.06808372 -0.00383306 -0.03799677
  -0.06958623 -0.07445952]]
[[-0.00599825 -0.04898816 -0.04287079  0.06597246  0.07155652 -0.06464284
  -0.06197098  0.05604839  0.03434892 -0.01603605 -0.02956498 -0.09146838
  -0.06010387  0.07965883 -0.12681374 -0.00747683  0.1230946  -0.03266287
  -0.02966556  0.02056795  0.04754717  0.12123536 -0.09745732  0.23187284
   0.01893252 -0.02633021  0.01738541  0.02089585 -0.05563355 -0.06408386
  -0.10216382 -0.00106286 -0.03108796  0.03554019 -0.02336813  0.00595617
   0.16523013  0.0175562   0.02657374 -0.119688    0.08694555 -0.08618332
  -0.01526145  0.02211825  0.16479316 -0.0998079  -0.04821936 -0.09970389
  -0.05989314  0.03972217 -0.11901251  0.18166485  0.05505403 -0.06580149
   0.03375665  0.1604337  -0.16038038 -0.14009337  0.09328972 -0.00807471
   0.03463558  0.00364503  0.26813045 -0.00727487 -0.09025543  0.19229311
  -0.05116964  0.01933534 -0.01669113 -0.05762862  0.15358597 -0.0825417
  -0.05389422 -0.05485491  0.10963535 -0.0712646  -0.02527525 -0.07734055
  -0.00645021 -0.12405631  0.13357742  0.08217978 -0.09515791  0.06697328
  -0.07039857 -0.04115499 -0.01622316  0.04412687 -0.01637575 -0.04763797
  -0.09869055  0.2695126   0.05101069 -0.04082962  0.12933037 -0.05861732
  -0.02000707 -0.09999415 -0.0731888   0.06332733 -0.07925659 -0.09728691
  -0.0566835  -0.00706348 -0.05490214 -0.06704014 -0.07535046 -0.06980956
  -0.08299656 -0.00958657 -0.0838163   0.15803373 -0.0460686   0.15080403
   0.12776501 -0.03190663 -0.06001798 -0.00558046  0.0079346  -0.02642271
   0.00857419 -0.06595937 -0.05833376 -0.06729932 -0.02589838 -0.02945786
   0.0701719   0.22802515]
 [ 0.1438089  -0.08367604 -0.06025365 -0.11638796 -0.0245496   0.029037
  -0.08317181 -0.06421072 -0.06588789  0.02394679 -0.11596711 -0.04914351
  -0.10467855  0.07973161 -0.01384747  0.2825292  -0.10007802  0.07242101
  -0.02416622  0.12341625 -0.00669554  0.09314942 -0.16540289 -0.02370809
   0.15806533 -0.08670276  0.10924526 -0.02189602  0.15136069 -0.08971131
  -0.04076976  0.0967421  -0.02598779 -0.09187587  0.01469155  0.01462467
   0.03758595 -0.0992587   0.2266015  -0.01017917 -0.0747152   0.01166049
  -0.0639968   0.06665157 -0.0139203  -0.09112696  0.07987285 -0.09757034
  -0.06232902  0.04902959 -0.13885109 -0.03529827  0.2255816  -0.00342239
  -0.00240639  0.08504087 -0.10366096  0.03788031  0.15823965 -0.09745177
   0.06643594  0.03899783  0.14744951 -0.11054635  0.1380359   0.10304586
   0.07411724  0.1201473  -0.09388739  0.00999261 -0.08406068  0.07665535
   0.04514411 -0.05285663  0.01690776 -0.07242379 -0.08320909  0.04496308
   0.19094676 -0.03843309 -0.08785987  0.03953589 -0.09658419 -0.04582115
   0.01712602 -0.10927154 -0.05066891  0.02475022  0.07831668  0.05872576
   0.12561415  0.00538337  0.0793997  -0.06607076  0.1387752  -0.06671237
  -0.08240345 -0.09558211 -0.08698281  0.05756341 -0.00771692  0.06581651
  -0.08556869 -0.01684382 -0.09909758  0.01138154 -0.07188243  0.01442813
   0.01874221  0.14325441 -0.08045077 -0.02922027  0.12985747 -0.0824829
  -0.0017551  -0.06091544 -0.05175695 -0.05469307 -0.06687795  0.13414168
  -0.06294183  0.06459446 -0.01991351 -0.06808372 -0.00383306 -0.03799677
  -0.06958623 -0.07445952]]
[[-0.00599825 -0.04898816 -0.04287079  0.06597246  0.07155652 -0.06464284
  -0.06197098  0.05604839  0.03434892 -0.01603605 -0.02956498 -0.09146838
  -0.06010387  0.07965883 -0.12681374 -0.00747683  0.1230946  -0.03266287
  -0.02966556  0.02056795  0.04754717  0.12123536 -0.09745732  0.23187284
   0.01893252 -0.02633021  0.01738541  0.02089585 -0.05563355 -0.06408386
  -0.10216382 -0.00106286 -0.03108796  0.03554019 -0.02336813  0.00595617
   0.16523013  0.0175562   0.02657374 -0.119688    0.08694555 -0.08618332
  -0.01526145  0.02211825  0.16479316 -0.0998079  -0.04821936 -0.09970389
  -0.05989314  0.03972217 -0.11901251  0.18166485  0.05505403 -0.06580149
   0.03375665  0.1604337  -0.16038038 -0.14009337  0.09328972 -0.00807471
   0.03463558  0.00364503  0.26813045 -0.00727487 -0.09025543  0.19229311
  -0.05116964  0.01933534 -0.01669113 -0.05762862  0.15358597 -0.0825417
  -0.05389422 -0.05485491  0.10963535 -0.0712646  -0.02527525 -0.07734055
  -0.00645021 -0.12405631  0.13357742  0.08217978 -0.09515791  0.06697328
  -0.07039857 -0.04115499 -0.01622316  0.04412687 -0.01637575 -0.04763797
  -0.09869055  0.2695126   0.05101069 -0.04082962  0.12933037 -0.05861732
  -0.02000707 -0.09999415 -0.0731888   0.06332733 -0.07925659 -0.09728691
  -0.0566835  -0.00706348 -0.05490214 -0.06704014 -0.07535046 -0.06980956
  -0.08299656 -0.00958657 -0.0838163   0.15803373 -0.0460686   0.15080403
   0.12776501 -0.03190663 -0.06001798 -0.00558046  0.0079346  -0.02642271
   0.00857419 -0.06595937 -0.05833376 -0.06729932 -0.02589838 -0.02945786
   0.0701719   0.22802515]
 [ 0.1438089  -0.08367604 -0.06025365 -0.11638796 -0.0245496   0.029037
  -0.08317181 -0.06421072 -0.06588789  0.02394679 -0.11596711 -0.04914351
  -0.10467855  0.07973161 -0.01384747  0.2825292  -0.10007802  0.07242101
  -0.02416622  0.12341625 -0.00669554  0.09314942 -0.16540289 -0.02370809
   0.15806533 -0.08670276  0.10924526 -0.02189602  0.15136069 -0.08971131
  -0.04076976  0.0967421  -0.02598779 -0.09187587  0.01469155  0.01462467
   0.03758595 -0.0992587   0.2266015  -0.01017917 -0.0747152   0.01166049
  -0.0639968   0.06665157 -0.0139203  -0.09112696  0.07987285 -0.09757034
  -0.06232902  0.04902959 -0.13885109 -0.03529827  0.2255816  -0.00342239
  -0.00240639  0.08504087 -0.10366096  0.03788031  0.15823965 -0.09745177
   0.06643594  0.03899783  0.14744951 -0.11054635  0.1380359   0.10304586
   0.07411724  0.1201473  -0.09388739  0.00999261 -0.08406068  0.07665535
   0.04514411 -0.05285663  0.01690776 -0.07242379 -0.08320909  0.04496308
   0.19094676 -0.03843309 -0.08785987  0.03953589 -0.09658419 -0.04582115
   0.01712602 -0.10927154 -0.05066891  0.02475022  0.07831668  0.05872576
   0.12561415  0.00538337  0.0793997  -0.06607076  0.1387752  -0.06671237
  -0.08240345 -0.09558211 -0.08698281  0.05756341 -0.00771692  0.06581651
  -0.08556869 -0.01684382 -0.09909758  0.01138154 -0.07188243  0.01442813
   0.01874221  0.14325441 -0.08045077 -0.02922027  0.12985747 -0.0824829
  -0.0017551  -0.06091544 -0.05175695 -0.05469307 -0.06687795  0.13414168
  -0.06294183  0.06459446 -0.01991351 -0.06808372 -0.00383306 -0.03799677
  -0.06958623 -0.07445952]]
