[[-0.04608501 -0.04261516  0.01325499  0.01056896  0.06651049 -0.02747393
  -0.07279678  0.0172969  -0.02676002 -0.01063658  0.03244167 -0.09470543
  -0.04453154  0.11958849 -0.11227538 -0.00622732  0.11421225  0.04714244
  -0.05880287  0.01453421  0.21599834  0.19659334 -0.01555745  0.23687701
   0.00745394 -0.0133655   0.03689371 -0.03886078 -0.05568186 -0.06136495
  -0.08641814  0.01212858  0.06052887  0.01136583  0.01183742 -0.03643794
   0.13057809  0.06906971  0.08903834 -0.07564599  0.02720422 -0.08953789
  -0.07689206  0.04447889  0.11961746 -0.09516307 -0.02271743 -0.08619424
  -0.05028416  0.05381416 -0.11555709  0.11844759  0.14369163 -0.04571453
   0.04053642  0.12938534 -0.1192434  -0.11397808  0.07224748 -0.02608941
  -0.04381388 -0.00805584  0.30805632  0.0196193  -0.07689239  0.20205633
  -0.01530565 -0.00965862 -0.02456422 -0.03703788  0.15594096 -0.07241436
  -0.04620713 -0.05512272  0.08869201 -0.07252704 -0.04546792 -0.05934677
  -0.03040599 -0.08310514  0.07895136  0.04348047 -0.08314072  0.07919084
  -0.07231019 -0.01644334 -0.01202893 -0.0030911  -0.00565055 -0.0685566
  -0.08247738  0.28854457  0.04743287 -0.04582558  0.11089072 -0.01060822
   0.01992703 -0.08811273 -0.0806875   0.03956912 -0.06486004 -0.09690394
  -0.02584327 -0.02272931 -0.03666011 -0.0442478  -0.07909451  0.02226838
  -0.07847007  0.02089955 -0.07335193  0.16429429  0.05275081  0.1717196
   0.07656571 -0.00859184 -0.05946197 -0.04187759 -0.0135636   0.03121534
   0.09174337 -0.05864045 -0.03857322 -0.06982021 -0.05452025 -0.02790896
   0.10323292  0.26054183]
 [ 0.17327383 -0.09807988 -0.04701203 -0.11872153 -0.01660517  0.02193972
  -0.0978962  -0.06480283 -0.04874896 -0.02373169 -0.11819021 -0.03630389
  -0.12111852  0.06141758 -0.06233075  0.21435    -0.05815481  0.03847024
   0.00082969  0.17731161  0.05139478  0.08510028 -0.14330763 -0.0877158
   0.18232992 -0.09593458  0.01978457 -0.00109914  0.10779031 -0.09694804
  -0.03784864  0.04296968 -0.0032728  -0.03280175  0.05978313  0.0447688
   0.02580828 -0.0971211   0.1906586   0.00885501 -0.03929126  0.02778609
  -0.04514698  0.04637063 -0.06103318 -0.09785485  0.12661533 -0.11608923
  -0.06104548  0.13177586 -0.11639351 -0.02443943  0.18470289 -0.02714082
   0.08318471  0.14177948 -0.11081604  0.07467611  0.10939894 -0.08127296
  -0.0275607   0.06385101  0.12210673 -0.11324786  0.1936789   0.12237552
   0.04832752  0.03290262 -0.11034653  0.01616889 -0.03924789  0.07617747
   0.06930324 -0.05200843  0.01977364 -0.04120698 -0.01112536  0.06632122
   0.24270272 -0.03970462 -0.09450725  0.02941723 -0.10052095 -0.01787487
  -0.05920756 -0.10330794  0.01823984  0.03389324  0.17373085  0.08467326
   0.11987024 -0.00262903  0.15101096 -0.01198393  0.13459605 -0.07609723
  -0.07008064 -0.08070385 -0.04155679  0.01390348 -0.04006124  0.04626928
  -0.08425099 -0.04362397 -0.06338613 -0.02784112 -0.06115782 -0.03231576
   0.03896209  0.1470853  -0.07971656 -0.04046954  0.01912267 -0.0379234
   0.00134    -0.07272734 -0.04207269 -0.03935722 -0.08779541  0.16869101
  -0.04889655  0.11862181 -0.05426729 -0.05583343  0.0409367   0.00544712
  -0.05451218 -0.08659089]]
[[-0.04608501 -0.04261516  0.01325499  0.01056896  0.06651049 -0.02747393
  -0.07279678  0.0172969  -0.02676002 -0.01063658  0.03244167 -0.09470543
  -0.04453154  0.11958849 -0.11227538 -0.00622732  0.11421225  0.04714244
  -0.05880287  0.01453421  0.21599834  0.19659334 -0.01555745  0.23687701
   0.00745394 -0.0133655   0.03689371 -0.03886078 -0.05568186 -0.06136495
  -0.08641814  0.01212858  0.06052887  0.01136583  0.01183742 -0.03643794
   0.13057809  0.06906971  0.08903834 -0.07564599  0.02720422 -0.08953789
  -0.07689206  0.04447889  0.11961746 -0.09516307 -0.02271743 -0.08619424
  -0.05028416  0.05381416 -0.11555709  0.11844759  0.14369163 -0.04571453
   0.04053642  0.12938534 -0.1192434  -0.11397808  0.07224748 -0.02608941
  -0.04381388 -0.00805584  0.30805632  0.0196193  -0.07689239  0.20205633
  -0.01530565 -0.00965862 -0.02456422 -0.03703788  0.15594096 -0.07241436
  -0.04620713 -0.05512272  0.08869201 -0.07252704 -0.04546792 -0.05934677
  -0.03040599 -0.08310514  0.07895136  0.04348047 -0.08314072  0.07919084
  -0.07231019 -0.01644334 -0.01202893 -0.0030911  -0.00565055 -0.0685566
  -0.08247738  0.28854457  0.04743287 -0.04582558  0.11089072 -0.01060822
   0.01992703 -0.08811273 -0.0806875   0.03956912 -0.06486004 -0.09690394
  -0.02584327 -0.02272931 -0.03666011 -0.0442478  -0.07909451  0.02226838
  -0.07847007  0.02089955 -0.07335193  0.16429429  0.05275081  0.1717196
   0.07656571 -0.00859184 -0.05946197 -0.04187759 -0.0135636   0.03121534
   0.09174337 -0.05864045 -0.03857322 -0.06982021 -0.05452025 -0.02790896
   0.10323292  0.26054183]
 [ 0.17327383 -0.09807988 -0.04701203 -0.11872153 -0.01660517  0.02193972
  -0.0978962  -0.06480283 -0.04874896 -0.02373169 -0.11819021 -0.03630389
  -0.12111852  0.06141758 -0.06233075  0.21435    -0.05815481  0.03847024
   0.00082969  0.17731161  0.05139478  0.08510028 -0.14330763 -0.0877158
   0.18232992 -0.09593458  0.01978457 -0.00109914  0.10779031 -0.09694804
  -0.03784864  0.04296968 -0.0032728  -0.03280175  0.05978313  0.0447688
   0.02580828 -0.0971211   0.1906586   0.00885501 -0.03929126  0.02778609
  -0.04514698  0.04637063 -0.06103318 -0.09785485  0.12661533 -0.11608923
  -0.06104548  0.13177586 -0.11639351 -0.02443943  0.18470289 -0.02714082
   0.08318471  0.14177948 -0.11081604  0.07467611  0.10939894 -0.08127296
  -0.0275607   0.06385101  0.12210673 -0.11324786  0.1936789   0.12237552
   0.04832752  0.03290262 -0.11034653  0.01616889 -0.03924789  0.07617747
   0.06930324 -0.05200843  0.01977364 -0.04120698 -0.01112536  0.06632122
   0.24270272 -0.03970462 -0.09450725  0.02941723 -0.10052095 -0.01787487
  -0.05920756 -0.10330794  0.01823984  0.03389324  0.17373085  0.08467326
   0.11987024 -0.00262903  0.15101096 -0.01198393  0.13459605 -0.07609723
  -0.07008064 -0.08070385 -0.04155679  0.01390348 -0.04006124  0.04626928
  -0.08425099 -0.04362397 -0.06338613 -0.02784112 -0.06115782 -0.03231576
   0.03896209  0.1470853  -0.07971656 -0.04046954  0.01912267 -0.0379234
   0.00134    -0.07272734 -0.04207269 -0.03935722 -0.08779541  0.16869101
  -0.04889655  0.11862181 -0.05426729 -0.05583343  0.0409367   0.00544712
  -0.05451218 -0.08659089]]
[[-0.04608501 -0.04261516  0.01325499  0.01056896  0.06651049 -0.02747393
  -0.07279678  0.0172969  -0.02676002 -0.01063658  0.03244167 -0.09470543
  -0.04453154  0.11958849 -0.11227538 -0.00622732  0.11421225  0.04714244
  -0.05880287  0.01453421  0.21599834  0.19659334 -0.01555745  0.23687701
   0.00745394 -0.0133655   0.03689371 -0.03886078 -0.05568186 -0.06136495
  -0.08641814  0.01212858  0.06052887  0.01136583  0.01183742 -0.03643794
   0.13057809  0.06906971  0.08903834 -0.07564599  0.02720422 -0.08953789
  -0.07689206  0.04447889  0.11961746 -0.09516307 -0.02271743 -0.08619424
  -0.05028416  0.05381416 -0.11555709  0.11844759  0.14369163 -0.04571453
   0.04053642  0.12938534 -0.1192434  -0.11397808  0.07224748 -0.02608941
  -0.04381388 -0.00805584  0.30805632  0.0196193  -0.07689239  0.20205633
  -0.01530565 -0.00965862 -0.02456422 -0.03703788  0.15594096 -0.07241436
  -0.04620713 -0.05512272  0.08869201 -0.07252704 -0.04546792 -0.05934677
  -0.03040599 -0.08310514  0.07895136  0.04348047 -0.08314072  0.07919084
  -0.07231019 -0.01644334 -0.01202893 -0.0030911  -0.00565055 -0.0685566
  -0.08247738  0.28854457  0.04743287 -0.04582558  0.11089072 -0.01060822
   0.01992703 -0.08811273 -0.0806875   0.03956912 -0.06486004 -0.09690394
  -0.02584327 -0.02272931 -0.03666011 -0.0442478  -0.07909451  0.02226838
  -0.07847007  0.02089955 -0.07335193  0.16429429  0.05275081  0.1717196
   0.07656571 -0.00859184 -0.05946197 -0.04187759 -0.0135636   0.03121534
   0.09174337 -0.05864045 -0.03857322 -0.06982021 -0.05452025 -0.02790896
   0.10323292  0.26054183]
 [ 0.17327383 -0.09807988 -0.04701203 -0.11872153 -0.01660517  0.02193972
  -0.0978962  -0.06480283 -0.04874896 -0.02373169 -0.11819021 -0.03630389
  -0.12111852  0.06141758 -0.06233075  0.21435    -0.05815481  0.03847024
   0.00082969  0.17731161  0.05139478  0.08510028 -0.14330763 -0.0877158
   0.18232992 -0.09593458  0.01978457 -0.00109914  0.10779031 -0.09694804
  -0.03784864  0.04296968 -0.0032728  -0.03280175  0.05978313  0.0447688
   0.02580828 -0.0971211   0.1906586   0.00885501 -0.03929126  0.02778609
  -0.04514698  0.04637063 -0.06103318 -0.09785485  0.12661533 -0.11608923
  -0.06104548  0.13177586 -0.11639351 -0.02443943  0.18470289 -0.02714082
   0.08318471  0.14177948 -0.11081604  0.07467611  0.10939894 -0.08127296
  -0.0275607   0.06385101  0.12210673 -0.11324786  0.1936789   0.12237552
   0.04832752  0.03290262 -0.11034653  0.01616889 -0.03924789  0.07617747
   0.06930324 -0.05200843  0.01977364 -0.04120698 -0.01112536  0.06632122
   0.24270272 -0.03970462 -0.09450725  0.02941723 -0.10052095 -0.01787487
  -0.05920756 -0.10330794  0.01823984  0.03389324  0.17373085  0.08467326
   0.11987024 -0.00262903  0.15101096 -0.01198393  0.13459605 -0.07609723
  -0.07008064 -0.08070385 -0.04155679  0.01390348 -0.04006124  0.04626928
  -0.08425099 -0.04362397 -0.06338613 -0.02784112 -0.06115782 -0.03231576
   0.03896209  0.1470853  -0.07971656 -0.04046954  0.01912267 -0.0379234
   0.00134    -0.07272734 -0.04207269 -0.03935722 -0.08779541  0.16869101
  -0.04889655  0.11862181 -0.05426729 -0.05583343  0.0409367   0.00544712
  -0.05451218 -0.08659089]]
