[[ 5.70350289e-02 -6.32325932e-02 -7.15856999e-02 -3.62089239e-02
   7.14870840e-02  1.14607371e-01 -4.54196222e-02  1.86286084e-02
  -6.64759949e-02 -1.76628251e-02  1.25519976e-01 -1.10662721e-01
  -1.01742029e-01  1.90402091e-01 -1.13268815e-01  7.94294383e-03
   1.25626221e-01 -1.32803796e-02 -7.69689158e-02  2.02697124e-02
   1.74260855e-01  1.60039067e-01 -4.99526262e-02  1.43371314e-01
  -6.90883026e-02  2.97569726e-02 -5.07097207e-02 -6.97629759e-03
  -5.25966063e-02 -6.32403791e-02 -8.50334764e-02 -2.69228127e-02
  -2.77636456e-03  5.92232198e-02  7.66201541e-02 -1.43325813e-02
   1.06811062e-01  3.09542995e-02  2.78711766e-02 -4.81509082e-02
   1.07525036e-01 -1.01447165e-01 -9.40907896e-02  4.89378572e-02
  -1.27986912e-02 -6.48785681e-02  9.54677630e-03 -8.67815986e-02
  -6.98741302e-02 -2.36029644e-02 -9.79016572e-02  3.37640718e-02
   1.26497641e-01 -5.21906540e-02  9.05312449e-02  1.32710608e-02
  -1.18070319e-01 -6.87895017e-03  8.80486444e-02 -3.68195623e-02
  -7.46196061e-02 -6.67781457e-02  2.93378770e-01  8.04070458e-02
  -2.69194674e-02  1.55306950e-01 -3.76272500e-02 -4.97068577e-02
  -1.90646574e-02 -6.96704686e-02  1.87148958e-01 -5.68167418e-02
  -1.94653142e-02  3.47109325e-02  1.06077097e-01 -2.13985369e-02
  -8.70184675e-02 -7.55429715e-02  1.74855650e-05 -9.15587544e-02
   2.86733615e-03  5.96194528e-02 -8.31651539e-02  3.40867303e-02
  -9.13434774e-02  3.81951109e-02  6.51225680e-03  2.71111727e-02
   1.08165018e-01 -8.32645595e-02 -3.54132243e-03  2.99133509e-01
   5.62991612e-02 -8.96072946e-03  7.35959411e-02 -7.21609443e-02
   6.57558888e-02 -8.30381364e-02 -9.98186320e-02  1.15346313e-01
  -4.49854210e-02 -9.36565399e-02 -1.05400132e-02  1.13112547e-01
  -2.62219785e-03  6.11000136e-02 -9.32132825e-02  2.14859121e-03
  -7.82594234e-02 -3.03040468e-03 -8.16795751e-02  1.68643013e-01
   2.84117367e-02  1.91224664e-01 -2.95917280e-02  1.36502627e-02
  -7.02155605e-02 -8.08785111e-02  3.88830155e-02  9.13572758e-02
   7.97940344e-02 -8.65856484e-02 -6.99975863e-02 -7.09883496e-02
  -5.56180105e-02 -1.15145212e-02 -4.15875986e-02  2.41377100e-01]
 [ 1.59775585e-01 -7.98851252e-02 -8.30217227e-02 -1.35342523e-01
  -7.67023489e-02  3.69947515e-02 -7.92135894e-02 -6.57762885e-02
  -1.06193960e-01  2.08577961e-02 -9.99277458e-02 -4.56917584e-02
  -9.59162861e-02  6.40078634e-02 -1.49477497e-02  2.62593627e-01
  -8.77210572e-02  2.56917216e-02 -5.37633076e-02  8.37668329e-02
  -6.61677495e-02  8.68901238e-02 -2.05936030e-01  4.67642508e-02
   1.64123803e-01 -7.04752952e-02  9.42222215e-03  9.97915864e-02
   1.41260341e-01 -7.25282803e-02 -7.11826310e-02  4.86110784e-02
  -4.73711081e-03 -7.51689672e-02 -3.10340859e-02 -8.98225233e-03
   7.79771730e-02 -8.41023624e-02  1.16336308e-01 -5.87432832e-03
  -3.69537510e-02 -5.30384555e-02 -9.69849303e-02 -3.38975266e-02
  -5.06439060e-02 -8.97577330e-02  9.58851576e-02 -8.50272924e-02
  -7.36172050e-02  1.94978248e-02 -1.12593979e-01 -8.94056540e-03
   1.43779159e-01 -2.83041075e-02 -2.38583256e-02  3.78773250e-02
  -8.53487030e-02  2.73915604e-02  1.37047946e-01 -8.01430568e-02
   6.49196506e-02 -2.26109903e-02  1.72905415e-01 -8.93241391e-02
   1.91012025e-01  1.51772559e-01  4.79390472e-02  1.54362530e-01
  -9.17151645e-02 -1.15553746e-02 -7.10708126e-02  1.65379614e-01
   3.17945071e-02  5.58702610e-02  6.44013286e-02 -5.46529032e-02
  -9.62036625e-02 -2.28476115e-02  8.31719637e-02 -2.12558657e-02
  -8.13970864e-02  1.36247247e-01 -8.07161704e-02 -5.25247492e-02
  -1.93268107e-03 -9.53227058e-02 -4.44773175e-02 -4.34814170e-02
   1.08257430e-02  1.19911537e-01  1.90121368e-01 -9.13070142e-03
   1.48231233e-03 -5.09768613e-02  1.35321409e-01 -7.54727125e-02
  -8.07234347e-02 -8.05357918e-02 -8.46369043e-02  4.79098633e-02
   2.56002508e-02  1.56478092e-01 -6.36326745e-02  3.10100429e-02
  -8.11737105e-02  1.11330681e-01 -5.99025711e-02  1.09114885e-01
   3.00643351e-02  1.02481097e-01 -8.61837938e-02 -3.83757688e-02
   1.19228177e-01 -7.89266080e-02 -2.89612822e-02 -7.58222828e-04
  -6.11700453e-02 -7.26274177e-02 -5.68022430e-02  1.80838212e-01
  -3.89774218e-02  4.99584004e-02 -6.37132749e-02 -6.23754375e-02
   2.42784936e-02 -4.31765169e-02 -6.83833361e-02 -6.16926067e-02]]
[[ 5.70350289e-02 -6.32325932e-02 -7.15856999e-02 -3.62089239e-02
   7.14870840e-02  1.14607371e-01 -4.54196222e-02  1.86286084e-02
  -6.64759949e-02 -1.76628251e-02  1.25519976e-01 -1.10662721e-01
  -1.01742029e-01  1.90402091e-01 -1.13268815e-01  7.94294383e-03
   1.25626221e-01 -1.32803796e-02 -7.69689158e-02  2.02697124e-02
   1.74260855e-01  1.60039067e-01 -4.99526262e-02  1.43371314e-01
  -6.90883026e-02  2.97569726e-02 -5.07097207e-02 -6.97629759e-03
  -5.25966063e-02 -6.32403791e-02 -8.50334764e-02 -2.69228127e-02
  -2.77636456e-03  5.92232198e-02  7.66201541e-02 -1.43325813e-02
   1.06811062e-01  3.09542995e-02  2.78711766e-02 -4.81509082e-02
   1.07525036e-01 -1.01447165e-01 -9.40907896e-02  4.89378572e-02
  -1.27986912e-02 -6.48785681e-02  9.54677630e-03 -8.67815986e-02
  -6.98741302e-02 -2.36029644e-02 -9.79016572e-02  3.37640718e-02
   1.26497641e-01 -5.21906540e-02  9.05312449e-02  1.32710608e-02
  -1.18070319e-01 -6.87895017e-03  8.80486444e-02 -3.68195623e-02
  -7.46196061e-02 -6.67781457e-02  2.93378770e-01  8.04070458e-02
  -2.69194674e-02  1.55306950e-01 -3.76272500e-02 -4.97068577e-02
  -1.90646574e-02 -6.96704686e-02  1.87148958e-01 -5.68167418e-02
  -1.94653142e-02  3.47109325e-02  1.06077097e-01 -2.13985369e-02
  -8.70184675e-02 -7.55429715e-02  1.74855650e-05 -9.15587544e-02
   2.86733615e-03  5.96194528e-02 -8.31651539e-02  3.40867303e-02
  -9.13434774e-02  3.81951109e-02  6.51225680e-03  2.71111727e-02
   1.08165018e-01 -8.32645595e-02 -3.54132243e-03  2.99133509e-01
   5.62991612e-02 -8.96072946e-03  7.35959411e-02 -7.21609443e-02
   6.57558888e-02 -8.30381364e-02 -9.98186320e-02  1.15346313e-01
  -4.49854210e-02 -9.36565399e-02 -1.05400132e-02  1.13112547e-01
  -2.62219785e-03  6.11000136e-02 -9.32132825e-02  2.14859121e-03
  -7.82594234e-02 -3.03040468e-03 -8.16795751e-02  1.68643013e-01
   2.84117367e-02  1.91224664e-01 -2.95917280e-02  1.36502627e-02
  -7.02155605e-02 -8.08785111e-02  3.88830155e-02  9.13572758e-02
   7.97940344e-02 -8.65856484e-02 -6.99975863e-02 -7.09883496e-02
  -5.56180105e-02 -1.15145212e-02 -4.15875986e-02  2.41377100e-01]
 [ 1.59775585e-01 -7.98851252e-02 -8.30217227e-02 -1.35342523e-01
  -7.67023489e-02  3.69947515e-02 -7.92135894e-02 -6.57762885e-02
  -1.06193960e-01  2.08577961e-02 -9.99277458e-02 -4.56917584e-02
  -9.59162861e-02  6.40078634e-02 -1.49477497e-02  2.62593627e-01
  -8.77210572e-02  2.56917216e-02 -5.37633076e-02  8.37668329e-02
  -6.61677495e-02  8.68901238e-02 -2.05936030e-01  4.67642508e-02
   1.64123803e-01 -7.04752952e-02  9.42222215e-03  9.97915864e-02
   1.41260341e-01 -7.25282803e-02 -7.11826310e-02  4.86110784e-02
  -4.73711081e-03 -7.51689672e-02 -3.10340859e-02 -8.98225233e-03
   7.79771730e-02 -8.41023624e-02  1.16336308e-01 -5.87432832e-03
  -3.69537510e-02 -5.30384555e-02 -9.69849303e-02 -3.38975266e-02
  -5.06439060e-02 -8.97577330e-02  9.58851576e-02 -8.50272924e-02
  -7.36172050e-02  1.94978248e-02 -1.12593979e-01 -8.94056540e-03
   1.43779159e-01 -2.83041075e-02 -2.38583256e-02  3.78773250e-02
  -8.53487030e-02  2.73915604e-02  1.37047946e-01 -8.01430568e-02
   6.49196506e-02 -2.26109903e-02  1.72905415e-01 -8.93241391e-02
   1.91012025e-01  1.51772559e-01  4.79390472e-02  1.54362530e-01
  -9.17151645e-02 -1.15553746e-02 -7.10708126e-02  1.65379614e-01
   3.17945071e-02  5.58702610e-02  6.44013286e-02 -5.46529032e-02
  -9.62036625e-02 -2.28476115e-02  8.31719637e-02 -2.12558657e-02
  -8.13970864e-02  1.36247247e-01 -8.07161704e-02 -5.25247492e-02
  -1.93268107e-03 -9.53227058e-02 -4.44773175e-02 -4.34814170e-02
   1.08257430e-02  1.19911537e-01  1.90121368e-01 -9.13070142e-03
   1.48231233e-03 -5.09768613e-02  1.35321409e-01 -7.54727125e-02
  -8.07234347e-02 -8.05357918e-02 -8.46369043e-02  4.79098633e-02
   2.56002508e-02  1.56478092e-01 -6.36326745e-02  3.10100429e-02
  -8.11737105e-02  1.11330681e-01 -5.99025711e-02  1.09114885e-01
   3.00643351e-02  1.02481097e-01 -8.61837938e-02 -3.83757688e-02
   1.19228177e-01 -7.89266080e-02 -2.89612822e-02 -7.58222828e-04
  -6.11700453e-02 -7.26274177e-02 -5.68022430e-02  1.80838212e-01
  -3.89774218e-02  4.99584004e-02 -6.37132749e-02 -6.23754375e-02
   2.42784936e-02 -4.31765169e-02 -6.83833361e-02 -6.16926067e-02]]
[[ 5.70350289e-02 -6.32325932e-02 -7.15856999e-02 -3.62089239e-02
   7.14870840e-02  1.14607371e-01 -4.54196222e-02  1.86286084e-02
  -6.64759949e-02 -1.76628251e-02  1.25519976e-01 -1.10662721e-01
  -1.01742029e-01  1.90402091e-01 -1.13268815e-01  7.94294383e-03
   1.25626221e-01 -1.32803796e-02 -7.69689158e-02  2.02697124e-02
   1.74260855e-01  1.60039067e-01 -4.99526262e-02  1.43371314e-01
  -6.90883026e-02  2.97569726e-02 -5.07097207e-02 -6.97629759e-03
  -5.25966063e-02 -6.32403791e-02 -8.50334764e-02 -2.69228127e-02
  -2.77636456e-03  5.92232198e-02  7.66201541e-02 -1.43325813e-02
   1.06811062e-01  3.09542995e-02  2.78711766e-02 -4.81509082e-02
   1.07525036e-01 -1.01447165e-01 -9.40907896e-02  4.89378572e-02
  -1.27986912e-02 -6.48785681e-02  9.54677630e-03 -8.67815986e-02
  -6.98741302e-02 -2.36029644e-02 -9.79016572e-02  3.37640718e-02
   1.26497641e-01 -5.21906540e-02  9.05312449e-02  1.32710608e-02
  -1.18070319e-01 -6.87895017e-03  8.80486444e-02 -3.68195623e-02
  -7.46196061e-02 -6.67781457e-02  2.93378770e-01  8.04070458e-02
  -2.69194674e-02  1.55306950e-01 -3.76272500e-02 -4.97068577e-02
  -1.90646574e-02 -6.96704686e-02  1.87148958e-01 -5.68167418e-02
  -1.94653142e-02  3.47109325e-02  1.06077097e-01 -2.13985369e-02
  -8.70184675e-02 -7.55429715e-02  1.74855650e-05 -9.15587544e-02
   2.86733615e-03  5.96194528e-02 -8.31651539e-02  3.40867303e-02
  -9.13434774e-02  3.81951109e-02  6.51225680e-03  2.71111727e-02
   1.08165018e-01 -8.32645595e-02 -3.54132243e-03  2.99133509e-01
   5.62991612e-02 -8.96072946e-03  7.35959411e-02 -7.21609443e-02
   6.57558888e-02 -8.30381364e-02 -9.98186320e-02  1.15346313e-01
  -4.49854210e-02 -9.36565399e-02 -1.05400132e-02  1.13112547e-01
  -2.62219785e-03  6.11000136e-02 -9.32132825e-02  2.14859121e-03
  -7.82594234e-02 -3.03040468e-03 -8.16795751e-02  1.68643013e-01
   2.84117367e-02  1.91224664e-01 -2.95917280e-02  1.36502627e-02
  -7.02155605e-02 -8.08785111e-02  3.88830155e-02  9.13572758e-02
   7.97940344e-02 -8.65856484e-02 -6.99975863e-02 -7.09883496e-02
  -5.56180105e-02 -1.15145212e-02 -4.15875986e-02  2.41377100e-01]
 [ 1.59775585e-01 -7.98851252e-02 -8.30217227e-02 -1.35342523e-01
  -7.67023489e-02  3.69947515e-02 -7.92135894e-02 -6.57762885e-02
  -1.06193960e-01  2.08577961e-02 -9.99277458e-02 -4.56917584e-02
  -9.59162861e-02  6.40078634e-02 -1.49477497e-02  2.62593627e-01
  -8.77210572e-02  2.56917216e-02 -5.37633076e-02  8.37668329e-02
  -6.61677495e-02  8.68901238e-02 -2.05936030e-01  4.67642508e-02
   1.64123803e-01 -7.04752952e-02  9.42222215e-03  9.97915864e-02
   1.41260341e-01 -7.25282803e-02 -7.11826310e-02  4.86110784e-02
  -4.73711081e-03 -7.51689672e-02 -3.10340859e-02 -8.98225233e-03
   7.79771730e-02 -8.41023624e-02  1.16336308e-01 -5.87432832e-03
  -3.69537510e-02 -5.30384555e-02 -9.69849303e-02 -3.38975266e-02
  -5.06439060e-02 -8.97577330e-02  9.58851576e-02 -8.50272924e-02
  -7.36172050e-02  1.94978248e-02 -1.12593979e-01 -8.94056540e-03
   1.43779159e-01 -2.83041075e-02 -2.38583256e-02  3.78773250e-02
  -8.53487030e-02  2.73915604e-02  1.37047946e-01 -8.01430568e-02
   6.49196506e-02 -2.26109903e-02  1.72905415e-01 -8.93241391e-02
   1.91012025e-01  1.51772559e-01  4.79390472e-02  1.54362530e-01
  -9.17151645e-02 -1.15553746e-02 -7.10708126e-02  1.65379614e-01
   3.17945071e-02  5.58702610e-02  6.44013286e-02 -5.46529032e-02
  -9.62036625e-02 -2.28476115e-02  8.31719637e-02 -2.12558657e-02
  -8.13970864e-02  1.36247247e-01 -8.07161704e-02 -5.25247492e-02
  -1.93268107e-03 -9.53227058e-02 -4.44773175e-02 -4.34814170e-02
   1.08257430e-02  1.19911537e-01  1.90121368e-01 -9.13070142e-03
   1.48231233e-03 -5.09768613e-02  1.35321409e-01 -7.54727125e-02
  -8.07234347e-02 -8.05357918e-02 -8.46369043e-02  4.79098633e-02
   2.56002508e-02  1.56478092e-01 -6.36326745e-02  3.10100429e-02
  -8.11737105e-02  1.11330681e-01 -5.99025711e-02  1.09114885e-01
   3.00643351e-02  1.02481097e-01 -8.61837938e-02 -3.83757688e-02
   1.19228177e-01 -7.89266080e-02 -2.89612822e-02 -7.58222828e-04
  -6.11700453e-02 -7.26274177e-02 -5.68022430e-02  1.80838212e-01
  -3.89774218e-02  4.99584004e-02 -6.37132749e-02 -6.23754375e-02
   2.42784936e-02 -4.31765169e-02 -6.83833361e-02 -6.16926067e-02]]
