[[-0.0441471  -0.04179629  0.00360122  0.00446765  0.10071325 -0.03783339
  -0.0743399   0.02709076 -0.01782904 -0.00747118  0.00352746 -0.09844847
  -0.02462892  0.09537288 -0.11526215  0.00424499  0.12536818  0.01349294
  -0.06431448  0.00546361  0.19733521  0.1928542  -0.02131455  0.25130585
   0.01485175 -0.02243433  0.00664514 -0.03751926 -0.06142693 -0.06258468
  -0.09115189  0.02573461  0.05613567  0.00955184  0.03069357 -0.02167882
   0.1593533   0.03934225  0.08266114 -0.0865522   0.03536863 -0.09373636
  -0.07930349  0.06378336  0.11006209 -0.0937205  -0.02609818 -0.08540394
  -0.04446388  0.04573504 -0.12104578  0.13719447  0.12595229 -0.04320613
   0.04432757  0.14005597 -0.12581868 -0.10608211  0.0852834  -0.03247652
  -0.02964412 -0.0150553   0.28158587  0.01395783 -0.08227807  0.19406404
  -0.0197081  -0.00635376 -0.00438718 -0.04255457  0.15126093 -0.07014348
  -0.03625993 -0.05392211  0.10343656 -0.0609517  -0.04647581 -0.06617105
  -0.00846623 -0.08625244  0.08711123  0.0426609  -0.08932865  0.06509566
  -0.07570258 -0.02199435 -0.0184959   0.0214821  -0.00541108 -0.06623599
  -0.08368128  0.3035232   0.07579524 -0.03595559  0.12439162 -0.01235166
   0.00453479 -0.09247816 -0.08538987  0.0523528  -0.0636925  -0.09584272
  -0.02668268  0.01856504 -0.0300329  -0.05579693 -0.07579598  0.00424798
  -0.08015016  0.03513207 -0.08531019  0.1617169   0.03926471  0.17435095
   0.07454277 -0.00543847 -0.06209073 -0.04926693  0.0093364  -0.00682195
   0.04241633 -0.06868507 -0.03289436 -0.07202231 -0.04653762 -0.0297653
   0.10062695  0.2509137 ]
 [ 0.11732422 -0.10144957 -0.03691396 -0.11540613  0.00402228 -0.00263174
  -0.08605359 -0.07688822 -0.0655252  -0.00593401 -0.11098104 -0.00852752
  -0.1157362   0.07835371 -0.06229153  0.23423629 -0.06278204  0.03348345
  -0.04117892  0.19079173  0.03910958  0.12096806 -0.14043058 -0.06760009
   0.17165181 -0.09190333  0.03103633  0.00334567  0.15186764 -0.09262194
  -0.0362578   0.034882    0.01270454 -0.03714368  0.04265685  0.0479414
   0.03126145 -0.09315194  0.17597131  0.00590204 -0.06232065 -0.01521087
  -0.08110983  0.0754053  -0.06816921 -0.10353427  0.12441878 -0.10481212
  -0.06625806  0.08621867 -0.11832978 -0.02697899  0.22756356 -0.01542116
   0.04821878  0.13362402 -0.09667014  0.05668236  0.15089181 -0.0855004
  -0.00674198  0.07865804  0.16667567 -0.10289591  0.2128397   0.12809028
   0.05770008  0.04458824 -0.10340504  0.03029036 -0.04578497  0.10792411
   0.05700781 -0.04768485 -0.00267343 -0.04373651 -0.02034724  0.05168337
   0.18270843 -0.06184715 -0.08178014  0.03422597 -0.09504818 -0.00954374
  -0.00498827 -0.05982974 -0.008541    0.02535605  0.14321409  0.07828277
   0.11920314  0.01702521  0.11390258 -0.01324503  0.15962122 -0.05840674
  -0.05778424 -0.07865268 -0.08241475  0.05035352 -0.02780988  0.08563736
  -0.07547563 -0.0011646  -0.07684918 -0.01683656 -0.03766943  0.00247006
   0.04647501  0.15174355 -0.08506345 -0.03966042  0.07835337 -0.04587925
  -0.00502012 -0.07855841 -0.04124769 -0.02152791 -0.07224953  0.1777945
  -0.05552687  0.12238439 -0.05548657 -0.05677475  0.02650929 -0.0324983
  -0.05027709 -0.06912186]]
[[-0.0441471  -0.04179629  0.00360122  0.00446765  0.10071325 -0.03783339
  -0.0743399   0.02709076 -0.01782904 -0.00747118  0.00352746 -0.09844847
  -0.02462892  0.09537288 -0.11526215  0.00424499  0.12536818  0.01349294
  -0.06431448  0.00546361  0.19733521  0.1928542  -0.02131455  0.25130585
   0.01485175 -0.02243433  0.00664514 -0.03751926 -0.06142693 -0.06258468
  -0.09115189  0.02573461  0.05613567  0.00955184  0.03069357 -0.02167882
   0.1593533   0.03934225  0.08266114 -0.0865522   0.03536863 -0.09373636
  -0.07930349  0.06378336  0.11006209 -0.0937205  -0.02609818 -0.08540394
  -0.04446388  0.04573504 -0.12104578  0.13719447  0.12595229 -0.04320613
   0.04432757  0.14005597 -0.12581868 -0.10608211  0.0852834  -0.03247652
  -0.02964412 -0.0150553   0.28158587  0.01395783 -0.08227807  0.19406404
  -0.0197081  -0.00635376 -0.00438718 -0.04255457  0.15126093 -0.07014348
  -0.03625993 -0.05392211  0.10343656 -0.0609517  -0.04647581 -0.06617105
  -0.00846623 -0.08625244  0.08711123  0.0426609  -0.08932865  0.06509566
  -0.07570258 -0.02199435 -0.0184959   0.0214821  -0.00541108 -0.06623599
  -0.08368128  0.3035232   0.07579524 -0.03595559  0.12439162 -0.01235166
   0.00453479 -0.09247816 -0.08538987  0.0523528  -0.0636925  -0.09584272
  -0.02668268  0.01856504 -0.0300329  -0.05579693 -0.07579598  0.00424798
  -0.08015016  0.03513207 -0.08531019  0.1617169   0.03926471  0.17435095
   0.07454277 -0.00543847 -0.06209073 -0.04926693  0.0093364  -0.00682195
   0.04241633 -0.06868507 -0.03289436 -0.07202231 -0.04653762 -0.0297653
   0.10062695  0.2509137 ]
 [ 0.11732422 -0.10144957 -0.03691396 -0.11540613  0.00402228 -0.00263174
  -0.08605359 -0.07688822 -0.0655252  -0.00593401 -0.11098104 -0.00852752
  -0.1157362   0.07835371 -0.06229153  0.23423629 -0.06278204  0.03348345
  -0.04117892  0.19079173  0.03910958  0.12096806 -0.14043058 -0.06760009
   0.17165181 -0.09190333  0.03103633  0.00334567  0.15186764 -0.09262194
  -0.0362578   0.034882    0.01270454 -0.03714368  0.04265685  0.0479414
   0.03126145 -0.09315194  0.17597131  0.00590204 -0.06232065 -0.01521087
  -0.08110983  0.0754053  -0.06816921 -0.10353427  0.12441878 -0.10481212
  -0.06625806  0.08621867 -0.11832978 -0.02697899  0.22756356 -0.01542116
   0.04821878  0.13362402 -0.09667014  0.05668236  0.15089181 -0.0855004
  -0.00674198  0.07865804  0.16667567 -0.10289591  0.2128397   0.12809028
   0.05770008  0.04458824 -0.10340504  0.03029036 -0.04578497  0.10792411
   0.05700781 -0.04768485 -0.00267343 -0.04373651 -0.02034724  0.05168337
   0.18270843 -0.06184715 -0.08178014  0.03422597 -0.09504818 -0.00954374
  -0.00498827 -0.05982974 -0.008541    0.02535605  0.14321409  0.07828277
   0.11920314  0.01702521  0.11390258 -0.01324503  0.15962122 -0.05840674
  -0.05778424 -0.07865268 -0.08241475  0.05035352 -0.02780988  0.08563736
  -0.07547563 -0.0011646  -0.07684918 -0.01683656 -0.03766943  0.00247006
   0.04647501  0.15174355 -0.08506345 -0.03966042  0.07835337 -0.04587925
  -0.00502012 -0.07855841 -0.04124769 -0.02152791 -0.07224953  0.1777945
  -0.05552687  0.12238439 -0.05548657 -0.05677475  0.02650929 -0.0324983
  -0.05027709 -0.06912186]]
[[-0.0441471  -0.04179629  0.00360122  0.00446765  0.10071325 -0.03783339
  -0.0743399   0.02709076 -0.01782904 -0.00747118  0.00352746 -0.09844847
  -0.02462892  0.09537288 -0.11526215  0.00424499  0.12536818  0.01349294
  -0.06431448  0.00546361  0.19733521  0.1928542  -0.02131455  0.25130585
   0.01485175 -0.02243433  0.00664514 -0.03751926 -0.06142693 -0.06258468
  -0.09115189  0.02573461  0.05613567  0.00955184  0.03069357 -0.02167882
   0.1593533   0.03934225  0.08266114 -0.0865522   0.03536863 -0.09373636
  -0.07930349  0.06378336  0.11006209 -0.0937205  -0.02609818 -0.08540394
  -0.04446388  0.04573504 -0.12104578  0.13719447  0.12595229 -0.04320613
   0.04432757  0.14005597 -0.12581868 -0.10608211  0.0852834  -0.03247652
  -0.02964412 -0.0150553   0.28158587  0.01395783 -0.08227807  0.19406404
  -0.0197081  -0.00635376 -0.00438718 -0.04255457  0.15126093 -0.07014348
  -0.03625993 -0.05392211  0.10343656 -0.0609517  -0.04647581 -0.06617105
  -0.00846623 -0.08625244  0.08711123  0.0426609  -0.08932865  0.06509566
  -0.07570258 -0.02199435 -0.0184959   0.0214821  -0.00541108 -0.06623599
  -0.08368128  0.3035232   0.07579524 -0.03595559  0.12439162 -0.01235166
   0.00453479 -0.09247816 -0.08538987  0.0523528  -0.0636925  -0.09584272
  -0.02668268  0.01856504 -0.0300329  -0.05579693 -0.07579598  0.00424798
  -0.08015016  0.03513207 -0.08531019  0.1617169   0.03926471  0.17435095
   0.07454277 -0.00543847 -0.06209073 -0.04926693  0.0093364  -0.00682195
   0.04241633 -0.06868507 -0.03289436 -0.07202231 -0.04653762 -0.0297653
   0.10062695  0.2509137 ]
 [ 0.11732422 -0.10144957 -0.03691396 -0.11540613  0.00402228 -0.00263174
  -0.08605359 -0.07688822 -0.0655252  -0.00593401 -0.11098104 -0.00852752
  -0.1157362   0.07835371 -0.06229153  0.23423629 -0.06278204  0.03348345
  -0.04117892  0.19079173  0.03910958  0.12096806 -0.14043058 -0.06760009
   0.17165181 -0.09190333  0.03103633  0.00334567  0.15186764 -0.09262194
  -0.0362578   0.034882    0.01270454 -0.03714368  0.04265685  0.0479414
   0.03126145 -0.09315194  0.17597131  0.00590204 -0.06232065 -0.01521087
  -0.08110983  0.0754053  -0.06816921 -0.10353427  0.12441878 -0.10481212
  -0.06625806  0.08621867 -0.11832978 -0.02697899  0.22756356 -0.01542116
   0.04821878  0.13362402 -0.09667014  0.05668236  0.15089181 -0.0855004
  -0.00674198  0.07865804  0.16667567 -0.10289591  0.2128397   0.12809028
   0.05770008  0.04458824 -0.10340504  0.03029036 -0.04578497  0.10792411
   0.05700781 -0.04768485 -0.00267343 -0.04373651 -0.02034724  0.05168337
   0.18270843 -0.06184715 -0.08178014  0.03422597 -0.09504818 -0.00954374
  -0.00498827 -0.05982974 -0.008541    0.02535605  0.14321409  0.07828277
   0.11920314  0.01702521  0.11390258 -0.01324503  0.15962122 -0.05840674
  -0.05778424 -0.07865268 -0.08241475  0.05035352 -0.02780988  0.08563736
  -0.07547563 -0.0011646  -0.07684918 -0.01683656 -0.03766943  0.00247006
   0.04647501  0.15174355 -0.08506345 -0.03966042  0.07835337 -0.04587925
  -0.00502012 -0.07855841 -0.04124769 -0.02152791 -0.07224953  0.1777945
  -0.05552687  0.12238439 -0.05548657 -0.05677475  0.02650929 -0.0324983
  -0.05027709 -0.06912186]]
