[[ 0.01979226 -0.07750189 -0.01313434 -0.04440814  0.08656424  0.09919262
  -0.02864578  0.03343477 -0.04466695 -0.03429553  0.08199719 -0.09762238
  -0.11008804  0.22534664 -0.11170968 -0.00260787  0.06857485 -0.05811301
  -0.09552534  0.09575658  0.13137491  0.19139978 -0.03826899  0.1150808
  -0.04099406  0.10797385  0.01209729 -0.04437769 -0.0526994  -0.0631234
  -0.04236971 -0.0169961   0.00137632  0.00482796  0.05588774  0.00730199
   0.14867343 -0.0242026  -0.00937599 -0.0537084   0.03155534 -0.11162455
  -0.05241987  0.06741865  0.02374712 -0.08252352  0.05532172 -0.08917836
  -0.04626369  0.02277368 -0.10750858 -0.01575063  0.1397813  -0.05866082
   0.08217569  0.05937571 -0.11863401 -0.01530047  0.08701996 -0.05669333
  -0.0708667  -0.0591781   0.17220548  0.04815851  0.05505422  0.12678425
  -0.06933831 -0.06143872 -0.03897377 -0.06344325  0.24369203 -0.03622869
  -0.01743558  0.04224322  0.08642837 -0.03433709 -0.0726128  -0.07657106
  -0.05092365 -0.08183856  0.02325662  0.10860715 -0.08023244  0.04466675
  -0.09553315 -0.0077842   0.12578066  0.0022471   0.09584519 -0.10343019
  -0.02588466  0.29626065  0.07246262 -0.00201169  0.08325423 -0.07644433
   0.17790559 -0.09509093 -0.11736035  0.04004962 -0.02912853 -0.09261479
  -0.02800231  0.05672396 -0.04052876  0.0175929  -0.09309091  0.01662214
  -0.08102124  0.02403109 -0.1035748   0.11866471  0.01730919  0.22827776
  -0.00497511  0.06052222 -0.06939263 -0.09146741  0.00733618  0.15532587
   0.07690132 -0.07157259 -0.08915637 -0.06701175 -0.05177498  0.04023227
  -0.04669774  0.2092699 ]
 [ 0.14067231 -0.0724337  -0.0791859  -0.15521479 -0.07220507  0.07120924
  -0.08357915 -0.06655957 -0.10523788 -0.00532964 -0.09413533 -0.05529646
  -0.09696028  0.06401542 -0.03294365  0.24992362 -0.08986886  0.0730675
  -0.07        0.05645243 -0.05468496  0.08525221 -0.18279395  0.005614
   0.16992828 -0.05846632  0.04766982  0.09678106  0.1519924  -0.06959827
  -0.0715535   0.04303251 -0.0188531  -0.05331755 -0.04770251 -0.00651693
   0.04281554 -0.0791472   0.09983544  0.00075592 -0.02232664 -0.05668303
  -0.08472504 -0.03089959 -0.03828234 -0.09234011  0.07747092 -0.0882644
  -0.06875733  0.03175879 -0.10728526 -0.03909175  0.17553954 -0.00609334
  -0.01355254  0.02082419 -0.10215856  0.01564163  0.13872555 -0.07889399
   0.06981934 -0.02228422  0.16687037 -0.07245743  0.17070928  0.18028443
   0.02551238  0.17881677 -0.08829439 -0.04582825 -0.06559285  0.14880173
   0.05284636  0.0848368   0.04982489 -0.0640887  -0.09831692 -0.03702009
   0.0478876   0.00442215 -0.07930601  0.1477202  -0.0724397  -0.04865225
  -0.03775707 -0.09124431 -0.05709051 -0.02925481  0.01803974  0.17433196
   0.19262382 -0.00943959 -0.01729818 -0.05749989  0.15491374 -0.1066425
  -0.08286951 -0.0709979  -0.08646575  0.04979735  0.03752296  0.12357005
  -0.07168068  0.05485645 -0.04327006  0.08254468 -0.06880114  0.10986978
   0.09273074  0.10321171 -0.08457928 -0.0539999   0.06495798 -0.0747529
  -0.02174243  0.03315508 -0.05909103 -0.06516556 -0.06713605  0.16648845
  -0.02602294  0.05390242 -0.06056018 -0.05983628  0.03454605 -0.04988204
  -0.08021109 -0.06243368]]
[[ 0.01979226 -0.07750189 -0.01313434 -0.04440814  0.08656424  0.09919262
  -0.02864578  0.03343477 -0.04466695 -0.03429553  0.08199719 -0.09762238
  -0.11008804  0.22534664 -0.11170968 -0.00260787  0.06857485 -0.05811301
  -0.09552534  0.09575658  0.13137491  0.19139978 -0.03826899  0.1150808
  -0.04099406  0.10797385  0.01209729 -0.04437769 -0.0526994  -0.0631234
  -0.04236971 -0.0169961   0.00137632  0.00482796  0.05588774  0.00730199
   0.14867343 -0.0242026  -0.00937599 -0.0537084   0.03155534 -0.11162455
  -0.05241987  0.06741865  0.02374712 -0.08252352  0.05532172 -0.08917836
  -0.04626369  0.02277368 -0.10750858 -0.01575063  0.1397813  -0.05866082
   0.08217569  0.05937571 -0.11863401 -0.01530047  0.08701996 -0.05669333
  -0.0708667  -0.0591781   0.17220548  0.04815851  0.05505422  0.12678425
  -0.06933831 -0.06143872 -0.03897377 -0.06344325  0.24369203 -0.03622869
  -0.01743558  0.04224322  0.08642837 -0.03433709 -0.0726128  -0.07657106
  -0.05092365 -0.08183856  0.02325662  0.10860715 -0.08023244  0.04466675
  -0.09553315 -0.0077842   0.12578066  0.0022471   0.09584519 -0.10343019
  -0.02588466  0.29626065  0.07246262 -0.00201169  0.08325423 -0.07644433
   0.17790559 -0.09509093 -0.11736035  0.04004962 -0.02912853 -0.09261479
  -0.02800231  0.05672396 -0.04052876  0.0175929  -0.09309091  0.01662214
  -0.08102124  0.02403109 -0.1035748   0.11866471  0.01730919  0.22827776
  -0.00497511  0.06052222 -0.06939263 -0.09146741  0.00733618  0.15532587
   0.07690132 -0.07157259 -0.08915637 -0.06701175 -0.05177498  0.04023227
  -0.04669774  0.2092699 ]
 [ 0.14067231 -0.0724337  -0.0791859  -0.15521479 -0.07220507  0.07120924
  -0.08357915 -0.06655957 -0.10523788 -0.00532964 -0.09413533 -0.05529646
  -0.09696028  0.06401542 -0.03294365  0.24992362 -0.08986886  0.0730675
  -0.07        0.05645243 -0.05468496  0.08525221 -0.18279395  0.005614
   0.16992828 -0.05846632  0.04766982  0.09678106  0.1519924  -0.06959827
  -0.0715535   0.04303251 -0.0188531  -0.05331755 -0.04770251 -0.00651693
   0.04281554 -0.0791472   0.09983544  0.00075592 -0.02232664 -0.05668303
  -0.08472504 -0.03089959 -0.03828234 -0.09234011  0.07747092 -0.0882644
  -0.06875733  0.03175879 -0.10728526 -0.03909175  0.17553954 -0.00609334
  -0.01355254  0.02082419 -0.10215856  0.01564163  0.13872555 -0.07889399
   0.06981934 -0.02228422  0.16687037 -0.07245743  0.17070928  0.18028443
   0.02551238  0.17881677 -0.08829439 -0.04582825 -0.06559285  0.14880173
   0.05284636  0.0848368   0.04982489 -0.0640887  -0.09831692 -0.03702009
   0.0478876   0.00442215 -0.07930601  0.1477202  -0.0724397  -0.04865225
  -0.03775707 -0.09124431 -0.05709051 -0.02925481  0.01803974  0.17433196
   0.19262382 -0.00943959 -0.01729818 -0.05749989  0.15491374 -0.1066425
  -0.08286951 -0.0709979  -0.08646575  0.04979735  0.03752296  0.12357005
  -0.07168068  0.05485645 -0.04327006  0.08254468 -0.06880114  0.10986978
   0.09273074  0.10321171 -0.08457928 -0.0539999   0.06495798 -0.0747529
  -0.02174243  0.03315508 -0.05909103 -0.06516556 -0.06713605  0.16648845
  -0.02602294  0.05390242 -0.06056018 -0.05983628  0.03454605 -0.04988204
  -0.08021109 -0.06243368]]
[[ 0.01979226 -0.07750189 -0.01313434 -0.04440814  0.08656424  0.09919262
  -0.02864578  0.03343477 -0.04466695 -0.03429553  0.08199719 -0.09762238
  -0.11008804  0.22534664 -0.11170968 -0.00260787  0.06857485 -0.05811301
  -0.09552534  0.09575658  0.13137491  0.19139978 -0.03826899  0.1150808
  -0.04099406  0.10797385  0.01209729 -0.04437769 -0.0526994  -0.0631234
  -0.04236971 -0.0169961   0.00137632  0.00482796  0.05588774  0.00730199
   0.14867343 -0.0242026  -0.00937599 -0.0537084   0.03155534 -0.11162455
  -0.05241987  0.06741865  0.02374712 -0.08252352  0.05532172 -0.08917836
  -0.04626369  0.02277368 -0.10750858 -0.01575063  0.1397813  -0.05866082
   0.08217569  0.05937571 -0.11863401 -0.01530047  0.08701996 -0.05669333
  -0.0708667  -0.0591781   0.17220548  0.04815851  0.05505422  0.12678425
  -0.06933831 -0.06143872 -0.03897377 -0.06344325  0.24369203 -0.03622869
  -0.01743558  0.04224322  0.08642837 -0.03433709 -0.0726128  -0.07657106
  -0.05092365 -0.08183856  0.02325662  0.10860715 -0.08023244  0.04466675
  -0.09553315 -0.0077842   0.12578066  0.0022471   0.09584519 -0.10343019
  -0.02588466  0.29626065  0.07246262 -0.00201169  0.08325423 -0.07644433
   0.17790559 -0.09509093 -0.11736035  0.04004962 -0.02912853 -0.09261479
  -0.02800231  0.05672396 -0.04052876  0.0175929  -0.09309091  0.01662214
  -0.08102124  0.02403109 -0.1035748   0.11866471  0.01730919  0.22827776
  -0.00497511  0.06052222 -0.06939263 -0.09146741  0.00733618  0.15532587
   0.07690132 -0.07157259 -0.08915637 -0.06701175 -0.05177498  0.04023227
  -0.04669774  0.2092699 ]
 [ 0.14067231 -0.0724337  -0.0791859  -0.15521479 -0.07220507  0.07120924
  -0.08357915 -0.06655957 -0.10523788 -0.00532964 -0.09413533 -0.05529646
  -0.09696028  0.06401542 -0.03294365  0.24992362 -0.08986886  0.0730675
  -0.07        0.05645243 -0.05468496  0.08525221 -0.18279395  0.005614
   0.16992828 -0.05846632  0.04766982  0.09678106  0.1519924  -0.06959827
  -0.0715535   0.04303251 -0.0188531  -0.05331755 -0.04770251 -0.00651693
   0.04281554 -0.0791472   0.09983544  0.00075592 -0.02232664 -0.05668303
  -0.08472504 -0.03089959 -0.03828234 -0.09234011  0.07747092 -0.0882644
  -0.06875733  0.03175879 -0.10728526 -0.03909175  0.17553954 -0.00609334
  -0.01355254  0.02082419 -0.10215856  0.01564163  0.13872555 -0.07889399
   0.06981934 -0.02228422  0.16687037 -0.07245743  0.17070928  0.18028443
   0.02551238  0.17881677 -0.08829439 -0.04582825 -0.06559285  0.14880173
   0.05284636  0.0848368   0.04982489 -0.0640887  -0.09831692 -0.03702009
   0.0478876   0.00442215 -0.07930601  0.1477202  -0.0724397  -0.04865225
  -0.03775707 -0.09124431 -0.05709051 -0.02925481  0.01803974  0.17433196
   0.19262382 -0.00943959 -0.01729818 -0.05749989  0.15491374 -0.1066425
  -0.08286951 -0.0709979  -0.08646575  0.04979735  0.03752296  0.12357005
  -0.07168068  0.05485645 -0.04327006  0.08254468 -0.06880114  0.10986978
   0.09273074  0.10321171 -0.08457928 -0.0539999   0.06495798 -0.0747529
  -0.02174243  0.03315508 -0.05909103 -0.06516556 -0.06713605  0.16648845
  -0.02602294  0.05390242 -0.06056018 -0.05983628  0.03454605 -0.04988204
  -0.08021109 -0.06243368]]
