[[ 7.05513405e-03 -6.33403659e-02 -3.77062224e-02 -2.85289194e-02
   6.38816282e-02  1.21549457e-01 -5.32237208e-03  2.80757397e-02
  -4.12412398e-02 -1.48963761e-02  9.26999971e-02 -9.82581899e-02
  -9.63121429e-02  2.27845043e-01 -1.07710995e-01  6.67070085e-03
   6.24438711e-02 -6.07448928e-02 -9.91747081e-02  7.62625933e-02
   1.50002539e-01  1.12311170e-01 -6.73075616e-02  1.57457039e-01
  -6.60855770e-02  1.14451796e-01 -2.59781722e-03 -3.10761128e-02
  -5.45642227e-02 -6.40773177e-02 -7.24480897e-02 -4.31639701e-02
   1.04707982e-02  3.25558223e-02  6.50182515e-02 -1.59522872e-02
   1.56920180e-01 -5.40293939e-03 -2.60941349e-02 -5.10392934e-02
   4.48882058e-02 -1.13217302e-01 -2.95712636e-03  8.29528943e-02
   6.15100935e-02 -5.62901869e-02  1.61582176e-02 -8.00224543e-02
  -6.42722771e-02 -8.98046698e-03 -1.04371712e-01  1.44007402e-02
   9.92836952e-02 -7.04814866e-02  9.52107012e-02  3.76363136e-02
  -1.03401437e-01 -2.68933568e-02  8.08713958e-02 -5.04936688e-02
  -8.33816379e-02 -6.04028702e-02  1.72138169e-01  7.32622966e-02
   3.49178985e-02  1.27195746e-01 -5.48842140e-02 -5.16222641e-02
  -4.23392877e-02 -8.20799544e-02  1.97353736e-01 -6.55829161e-02
  -1.91149823e-02  2.78990623e-02  1.12487070e-01 -2.26269141e-02
  -9.49980095e-02 -8.20048749e-02 -5.79935201e-02 -7.09169209e-02
  -1.70317627e-02  9.31444615e-02 -8.26240256e-02  3.28344032e-02
  -1.04324698e-01  1.87557861e-02  7.62139112e-02  2.62629683e-03
   7.15313107e-02 -9.99397188e-02 -3.67107205e-02  2.89650112e-01
   6.72685057e-02  2.23199967e-02  4.49456014e-02 -7.44811967e-02
   1.29948422e-01 -9.23429206e-02 -1.16514228e-01  7.17335641e-02
  -2.27425229e-02 -8.92135948e-02 -2.16469411e-02  9.73945707e-02
  -2.50240248e-02  6.15526997e-02 -9.34683755e-02 -1.70706548e-02
  -8.64766315e-02 -2.14430727e-02 -1.02326818e-01  1.87003136e-01
   3.91044244e-02  1.71908870e-01  8.38042516e-03  4.21131365e-02
  -7.08510280e-02 -9.69094783e-02  7.82646537e-02  1.76825523e-01
   8.46213698e-02 -8.63366351e-02 -9.80306342e-02 -6.71403110e-02
  -6.68436885e-02  7.11481944e-02 -4.28141914e-02  2.65853822e-01]
 [ 1.09937243e-01 -5.91858029e-02 -5.16256057e-02 -1.22547545e-01
  -7.28472769e-02  3.23755071e-02 -8.16870183e-02 -6.40621409e-02
  -1.01193942e-01 -1.48266030e-04 -9.38521624e-02 -4.99901734e-02
  -9.33843032e-02  4.40897904e-02 -4.41149324e-02  2.57761031e-01
  -8.96031857e-02  9.46764201e-02 -7.00257719e-02  8.57838318e-02
  -6.61044121e-02  5.86850718e-02 -1.93168923e-01  1.66772231e-02
   1.71480596e-01 -5.47508039e-02  6.64330423e-02  1.15758352e-01
   1.40870646e-01 -6.95744008e-02 -6.33045211e-02  4.53331098e-02
  -1.98388584e-02 -5.90673201e-02 -5.60644530e-02 -2.63559762e-02
   5.59088700e-02 -7.63879046e-02  8.07599500e-02 -2.47867294e-02
  -9.67066176e-03 -5.23360632e-02 -9.49847028e-02 -4.88230661e-02
  -4.60874885e-02 -9.11307186e-02  7.65496567e-02 -8.51500481e-02
  -6.91939145e-02  3.05560213e-02 -1.04392491e-01 -3.16540413e-02
   1.28958777e-01  5.30325575e-03  2.89782602e-03  3.09803914e-02
  -9.69218761e-02  1.36117255e-02  1.41551435e-01 -6.48674965e-02
   6.60337433e-02 -1.85507368e-02  1.55985132e-01 -7.17907473e-02
   1.73246607e-01  2.08237737e-01  6.37767166e-02  2.01971680e-01
  -8.79165903e-02 -3.81910130e-02 -6.31079674e-02  1.57981381e-01
   2.93861311e-02  9.82479155e-02  8.25042874e-02 -5.81841059e-02
  -9.46270302e-02 -3.97832766e-02  2.56493744e-02 -1.62471030e-02
  -8.02028775e-02  1.54211447e-01 -7.18950257e-02 -4.01215218e-02
  -4.63253036e-02 -1.17862336e-01 -5.55059537e-02 -5.01020178e-02
   8.33586603e-03  2.07076862e-01  1.71160340e-01 -3.79679017e-02
  -1.94141623e-02 -5.93971685e-02  1.62925169e-01 -1.12265810e-01
  -8.69573578e-02 -7.19955564e-02 -8.53858143e-02  4.76757437e-02
   5.02446294e-02  1.14197180e-01 -7.25680217e-02  2.14584824e-02
  -5.08162379e-02  6.23449832e-02 -6.78642467e-02  1.15824893e-01
   8.06814507e-02  8.45292062e-02 -8.61658156e-02 -5.52482866e-02
   7.54050836e-02 -7.78467804e-02  6.28567580e-03 -7.97006208e-03
  -4.83771302e-02 -6.33114427e-02 -7.08762258e-02  1.68442890e-01
  -1.21537438e-02  4.46419492e-02 -6.15199544e-02 -6.02876283e-02
   3.16080488e-02 -4.11578231e-02 -7.49143958e-02 -5.42028844e-02]]
[[ 7.05513405e-03 -6.33403659e-02 -3.77062224e-02 -2.85289194e-02
   6.38816282e-02  1.21549457e-01 -5.32237208e-03  2.80757397e-02
  -4.12412398e-02 -1.48963761e-02  9.26999971e-02 -9.82581899e-02
  -9.63121429e-02  2.27845043e-01 -1.07710995e-01  6.67070085e-03
   6.24438711e-02 -6.07448928e-02 -9.91747081e-02  7.62625933e-02
   1.50002539e-01  1.12311170e-01 -6.73075616e-02  1.57457039e-01
  -6.60855770e-02  1.14451796e-01 -2.59781722e-03 -3.10761128e-02
  -5.45642227e-02 -6.40773177e-02 -7.24480897e-02 -4.31639701e-02
   1.04707982e-02  3.25558223e-02  6.50182515e-02 -1.59522872e-02
   1.56920180e-01 -5.40293939e-03 -2.60941349e-02 -5.10392934e-02
   4.48882058e-02 -1.13217302e-01 -2.95712636e-03  8.29528943e-02
   6.15100935e-02 -5.62901869e-02  1.61582176e-02 -8.00224543e-02
  -6.42722771e-02 -8.98046698e-03 -1.04371712e-01  1.44007402e-02
   9.92836952e-02 -7.04814866e-02  9.52107012e-02  3.76363136e-02
  -1.03401437e-01 -2.68933568e-02  8.08713958e-02 -5.04936688e-02
  -8.33816379e-02 -6.04028702e-02  1.72138169e-01  7.32622966e-02
   3.49178985e-02  1.27195746e-01 -5.48842140e-02 -5.16222641e-02
  -4.23392877e-02 -8.20799544e-02  1.97353736e-01 -6.55829161e-02
  -1.91149823e-02  2.78990623e-02  1.12487070e-01 -2.26269141e-02
  -9.49980095e-02 -8.20048749e-02 -5.79935201e-02 -7.09169209e-02
  -1.70317627e-02  9.31444615e-02 -8.26240256e-02  3.28344032e-02
  -1.04324698e-01  1.87557861e-02  7.62139112e-02  2.62629683e-03
   7.15313107e-02 -9.99397188e-02 -3.67107205e-02  2.89650112e-01
   6.72685057e-02  2.23199967e-02  4.49456014e-02 -7.44811967e-02
   1.29948422e-01 -9.23429206e-02 -1.16514228e-01  7.17335641e-02
  -2.27425229e-02 -8.92135948e-02 -2.16469411e-02  9.73945707e-02
  -2.50240248e-02  6.15526997e-02 -9.34683755e-02 -1.70706548e-02
  -8.64766315e-02 -2.14430727e-02 -1.02326818e-01  1.87003136e-01
   3.91044244e-02  1.71908870e-01  8.38042516e-03  4.21131365e-02
  -7.08510280e-02 -9.69094783e-02  7.82646537e-02  1.76825523e-01
   8.46213698e-02 -8.63366351e-02 -9.80306342e-02 -6.71403110e-02
  -6.68436885e-02  7.11481944e-02 -4.28141914e-02  2.65853822e-01]
 [ 1.09937243e-01 -5.91858029e-02 -5.16256057e-02 -1.22547545e-01
  -7.28472769e-02  3.23755071e-02 -8.16870183e-02 -6.40621409e-02
  -1.01193942e-01 -1.48266030e-04 -9.38521624e-02 -4.99901734e-02
  -9.33843032e-02  4.40897904e-02 -4.41149324e-02  2.57761031e-01
  -8.96031857e-02  9.46764201e-02 -7.00257719e-02  8.57838318e-02
  -6.61044121e-02  5.86850718e-02 -1.93168923e-01  1.66772231e-02
   1.71480596e-01 -5.47508039e-02  6.64330423e-02  1.15758352e-01
   1.40870646e-01 -6.95744008e-02 -6.33045211e-02  4.53331098e-02
  -1.98388584e-02 -5.90673201e-02 -5.60644530e-02 -2.63559762e-02
   5.59088700e-02 -7.63879046e-02  8.07599500e-02 -2.47867294e-02
  -9.67066176e-03 -5.23360632e-02 -9.49847028e-02 -4.88230661e-02
  -4.60874885e-02 -9.11307186e-02  7.65496567e-02 -8.51500481e-02
  -6.91939145e-02  3.05560213e-02 -1.04392491e-01 -3.16540413e-02
   1.28958777e-01  5.30325575e-03  2.89782602e-03  3.09803914e-02
  -9.69218761e-02  1.36117255e-02  1.41551435e-01 -6.48674965e-02
   6.60337433e-02 -1.85507368e-02  1.55985132e-01 -7.17907473e-02
   1.73246607e-01  2.08237737e-01  6.37767166e-02  2.01971680e-01
  -8.79165903e-02 -3.81910130e-02 -6.31079674e-02  1.57981381e-01
   2.93861311e-02  9.82479155e-02  8.25042874e-02 -5.81841059e-02
  -9.46270302e-02 -3.97832766e-02  2.56493744e-02 -1.62471030e-02
  -8.02028775e-02  1.54211447e-01 -7.18950257e-02 -4.01215218e-02
  -4.63253036e-02 -1.17862336e-01 -5.55059537e-02 -5.01020178e-02
   8.33586603e-03  2.07076862e-01  1.71160340e-01 -3.79679017e-02
  -1.94141623e-02 -5.93971685e-02  1.62925169e-01 -1.12265810e-01
  -8.69573578e-02 -7.19955564e-02 -8.53858143e-02  4.76757437e-02
   5.02446294e-02  1.14197180e-01 -7.25680217e-02  2.14584824e-02
  -5.08162379e-02  6.23449832e-02 -6.78642467e-02  1.15824893e-01
   8.06814507e-02  8.45292062e-02 -8.61658156e-02 -5.52482866e-02
   7.54050836e-02 -7.78467804e-02  6.28567580e-03 -7.97006208e-03
  -4.83771302e-02 -6.33114427e-02 -7.08762258e-02  1.68442890e-01
  -1.21537438e-02  4.46419492e-02 -6.15199544e-02 -6.02876283e-02
   3.16080488e-02 -4.11578231e-02 -7.49143958e-02 -5.42028844e-02]]
[[ 7.05513405e-03 -6.33403659e-02 -3.77062224e-02 -2.85289194e-02
   6.38816282e-02  1.21549457e-01 -5.32237208e-03  2.80757397e-02
  -4.12412398e-02 -1.48963761e-02  9.26999971e-02 -9.82581899e-02
  -9.63121429e-02  2.27845043e-01 -1.07710995e-01  6.67070085e-03
   6.24438711e-02 -6.07448928e-02 -9.91747081e-02  7.62625933e-02
   1.50002539e-01  1.12311170e-01 -6.73075616e-02  1.57457039e-01
  -6.60855770e-02  1.14451796e-01 -2.59781722e-03 -3.10761128e-02
  -5.45642227e-02 -6.40773177e-02 -7.24480897e-02 -4.31639701e-02
   1.04707982e-02  3.25558223e-02  6.50182515e-02 -1.59522872e-02
   1.56920180e-01 -5.40293939e-03 -2.60941349e-02 -5.10392934e-02
   4.48882058e-02 -1.13217302e-01 -2.95712636e-03  8.29528943e-02
   6.15100935e-02 -5.62901869e-02  1.61582176e-02 -8.00224543e-02
  -6.42722771e-02 -8.98046698e-03 -1.04371712e-01  1.44007402e-02
   9.92836952e-02 -7.04814866e-02  9.52107012e-02  3.76363136e-02
  -1.03401437e-01 -2.68933568e-02  8.08713958e-02 -5.04936688e-02
  -8.33816379e-02 -6.04028702e-02  1.72138169e-01  7.32622966e-02
   3.49178985e-02  1.27195746e-01 -5.48842140e-02 -5.16222641e-02
  -4.23392877e-02 -8.20799544e-02  1.97353736e-01 -6.55829161e-02
  -1.91149823e-02  2.78990623e-02  1.12487070e-01 -2.26269141e-02
  -9.49980095e-02 -8.20048749e-02 -5.79935201e-02 -7.09169209e-02
  -1.70317627e-02  9.31444615e-02 -8.26240256e-02  3.28344032e-02
  -1.04324698e-01  1.87557861e-02  7.62139112e-02  2.62629683e-03
   7.15313107e-02 -9.99397188e-02 -3.67107205e-02  2.89650112e-01
   6.72685057e-02  2.23199967e-02  4.49456014e-02 -7.44811967e-02
   1.29948422e-01 -9.23429206e-02 -1.16514228e-01  7.17335641e-02
  -2.27425229e-02 -8.92135948e-02 -2.16469411e-02  9.73945707e-02
  -2.50240248e-02  6.15526997e-02 -9.34683755e-02 -1.70706548e-02
  -8.64766315e-02 -2.14430727e-02 -1.02326818e-01  1.87003136e-01
   3.91044244e-02  1.71908870e-01  8.38042516e-03  4.21131365e-02
  -7.08510280e-02 -9.69094783e-02  7.82646537e-02  1.76825523e-01
   8.46213698e-02 -8.63366351e-02 -9.80306342e-02 -6.71403110e-02
  -6.68436885e-02  7.11481944e-02 -4.28141914e-02  2.65853822e-01]
 [ 1.09937243e-01 -5.91858029e-02 -5.16256057e-02 -1.22547545e-01
  -7.28472769e-02  3.23755071e-02 -8.16870183e-02 -6.40621409e-02
  -1.01193942e-01 -1.48266030e-04 -9.38521624e-02 -4.99901734e-02
  -9.33843032e-02  4.40897904e-02 -4.41149324e-02  2.57761031e-01
  -8.96031857e-02  9.46764201e-02 -7.00257719e-02  8.57838318e-02
  -6.61044121e-02  5.86850718e-02 -1.93168923e-01  1.66772231e-02
   1.71480596e-01 -5.47508039e-02  6.64330423e-02  1.15758352e-01
   1.40870646e-01 -6.95744008e-02 -6.33045211e-02  4.53331098e-02
  -1.98388584e-02 -5.90673201e-02 -5.60644530e-02 -2.63559762e-02
   5.59088700e-02 -7.63879046e-02  8.07599500e-02 -2.47867294e-02
  -9.67066176e-03 -5.23360632e-02 -9.49847028e-02 -4.88230661e-02
  -4.60874885e-02 -9.11307186e-02  7.65496567e-02 -8.51500481e-02
  -6.91939145e-02  3.05560213e-02 -1.04392491e-01 -3.16540413e-02
   1.28958777e-01  5.30325575e-03  2.89782602e-03  3.09803914e-02
  -9.69218761e-02  1.36117255e-02  1.41551435e-01 -6.48674965e-02
   6.60337433e-02 -1.85507368e-02  1.55985132e-01 -7.17907473e-02
   1.73246607e-01  2.08237737e-01  6.37767166e-02  2.01971680e-01
  -8.79165903e-02 -3.81910130e-02 -6.31079674e-02  1.57981381e-01
   2.93861311e-02  9.82479155e-02  8.25042874e-02 -5.81841059e-02
  -9.46270302e-02 -3.97832766e-02  2.56493744e-02 -1.62471030e-02
  -8.02028775e-02  1.54211447e-01 -7.18950257e-02 -4.01215218e-02
  -4.63253036e-02 -1.17862336e-01 -5.55059537e-02 -5.01020178e-02
   8.33586603e-03  2.07076862e-01  1.71160340e-01 -3.79679017e-02
  -1.94141623e-02 -5.93971685e-02  1.62925169e-01 -1.12265810e-01
  -8.69573578e-02 -7.19955564e-02 -8.53858143e-02  4.76757437e-02
   5.02446294e-02  1.14197180e-01 -7.25680217e-02  2.14584824e-02
  -5.08162379e-02  6.23449832e-02 -6.78642467e-02  1.15824893e-01
   8.06814507e-02  8.45292062e-02 -8.61658156e-02 -5.52482866e-02
   7.54050836e-02 -7.78467804e-02  6.28567580e-03 -7.97006208e-03
  -4.83771302e-02 -6.33114427e-02 -7.08762258e-02  1.68442890e-01
  -1.21537438e-02  4.46419492e-02 -6.15199544e-02 -6.02876283e-02
   3.16080488e-02 -4.11578231e-02 -7.49143958e-02 -5.42028844e-02]]
