[[ 0.01862863 -0.06658727 -0.05334862 -0.05042182  0.07589532  0.09541813
   0.01356981  0.00639524 -0.05173639  0.00916397  0.09041545 -0.09692942
  -0.07485855  0.20423561 -0.11663046  0.00378661  0.0970066   0.00578245
  -0.09388161  0.03938354  0.16710341  0.1402063  -0.06783908  0.14033304
  -0.07825007  0.02871106 -0.03059579 -0.01664038 -0.06280942 -0.06811753
  -0.09135217 -0.03810319 -0.01507233  0.03605232  0.07778888 -0.03510065
   0.11505165 -0.03092952  0.01707614 -0.07236528  0.05223519 -0.10924961
  -0.08033539  0.07067862  0.06821923 -0.07375467  0.0087695  -0.08828541
  -0.07767007 -0.02896223 -0.11016895  0.06349384  0.10793746 -0.06528452
   0.04304721  0.01343921 -0.10687404 -0.02465162  0.08325035 -0.06208997
  -0.04993645 -0.05421314  0.28942287  0.10622392 -0.01377563  0.1711809
  -0.01706009 -0.05080459 -0.06220686 -0.06529488  0.1828706  -0.06338891
   0.00650191  0.05069756  0.11987965 -0.04509382 -0.08366595 -0.0803435
   0.02477762 -0.10699935 -0.02455615  0.03834434 -0.08977553  0.06263559
  -0.08822979  0.0228092   0.0149826  -0.01048498  0.0720719  -0.0919967
  -0.01835191  0.30080804  0.0258599  -0.01773608  0.06762404 -0.07759451
   0.08937868 -0.09552582 -0.11438718  0.11086923 -0.06159858 -0.07412153
  -0.03111247  0.16176875 -0.01313849  0.07498157 -0.09298357 -0.01123249
  -0.0885476  -0.02045143 -0.10410199  0.16237022  0.0466443   0.1605349
  -0.02495781  0.01093588 -0.0880964  -0.08469188  0.04019028  0.07614505
   0.07877187 -0.0936216  -0.09367687 -0.07851951 -0.05919096 -0.02762911
  -0.01981694  0.22926033]
 [ 0.1512378  -0.08086529 -0.05215242 -0.08945453 -0.02836072 -0.02468874
  -0.08299734 -0.04151732 -0.08755612  0.04045272 -0.10781915 -0.05441688
  -0.10157949  0.08158741 -0.0112296   0.2845601  -0.09068082  0.04568801
   0.00851361  0.11990456 -0.02756242  0.13340984 -0.16964626  0.00534026
   0.1513176  -0.07989988  0.06802607 -0.00143678  0.15949047 -0.08184862
  -0.05313932  0.09874667 -0.02355604 -0.10238453  0.00301861  0.00987773
   0.04072407 -0.09391323  0.235592   -0.01616925 -0.06205425 -0.00672464
  -0.07707287 -0.00622015 -0.02391371 -0.09205255  0.09971634 -0.09046995
  -0.05336798  0.0617185  -0.12960078 -0.00119629  0.18472373  0.02011299
  -0.02649742  0.09174484 -0.08938472  0.04689258  0.13472848 -0.08898637
   0.0515401   0.01872707  0.1708144  -0.09997382  0.17324987  0.15157011
   0.07900371  0.10887909 -0.08952555  0.00703802 -0.07688649  0.08130034
   0.02197021 -0.01624016  0.02174294 -0.06377544 -0.08462143  0.03495609
   0.19876733 -0.05574971 -0.08380578  0.06587726 -0.0887938  -0.05355358
   0.00959388 -0.11899167 -0.0388706  -0.02853438  0.07056121  0.08226693
   0.17953448 -0.00490697  0.07058795 -0.06152805  0.1529522  -0.07041505
  -0.0892325  -0.09451467 -0.07700057  0.03941292  0.00994179  0.10436319
  -0.07833426 -0.01075256 -0.10150767  0.03283971 -0.07839484  0.04401305
   0.00259535  0.12764765 -0.08204124 -0.03255055  0.1153276  -0.0838424
  -0.01358596 -0.05393863 -0.05067793 -0.06904973 -0.06539239  0.11636496
  -0.03139355  0.03491739 -0.02579491 -0.06621677 -0.0213021  -0.02003016
  -0.05486945 -0.06712096]]
[[ 0.01862863 -0.06658727 -0.05334862 -0.05042182  0.07589532  0.09541813
   0.01356981  0.00639524 -0.05173639  0.00916397  0.09041545 -0.09692942
  -0.07485855  0.20423561 -0.11663046  0.00378661  0.0970066   0.00578245
  -0.09388161  0.03938354  0.16710341  0.1402063  -0.06783908  0.14033304
  -0.07825007  0.02871106 -0.03059579 -0.01664038 -0.06280942 -0.06811753
  -0.09135217 -0.03810319 -0.01507233  0.03605232  0.07778888 -0.03510065
   0.11505165 -0.03092952  0.01707614 -0.07236528  0.05223519 -0.10924961
  -0.08033539  0.07067862  0.06821923 -0.07375467  0.0087695  -0.08828541
  -0.07767007 -0.02896223 -0.11016895  0.06349384  0.10793746 -0.06528452
   0.04304721  0.01343921 -0.10687404 -0.02465162  0.08325035 -0.06208997
  -0.04993645 -0.05421314  0.28942287  0.10622392 -0.01377563  0.1711809
  -0.01706009 -0.05080459 -0.06220686 -0.06529488  0.1828706  -0.06338891
   0.00650191  0.05069756  0.11987965 -0.04509382 -0.08366595 -0.0803435
   0.02477762 -0.10699935 -0.02455615  0.03834434 -0.08977553  0.06263559
  -0.08822979  0.0228092   0.0149826  -0.01048498  0.0720719  -0.0919967
  -0.01835191  0.30080804  0.0258599  -0.01773608  0.06762404 -0.07759451
   0.08937868 -0.09552582 -0.11438718  0.11086923 -0.06159858 -0.07412153
  -0.03111247  0.16176875 -0.01313849  0.07498157 -0.09298357 -0.01123249
  -0.0885476  -0.02045143 -0.10410199  0.16237022  0.0466443   0.1605349
  -0.02495781  0.01093588 -0.0880964  -0.08469188  0.04019028  0.07614505
   0.07877187 -0.0936216  -0.09367687 -0.07851951 -0.05919096 -0.02762911
  -0.01981694  0.22926033]
 [ 0.1512378  -0.08086529 -0.05215242 -0.08945453 -0.02836072 -0.02468874
  -0.08299734 -0.04151732 -0.08755612  0.04045272 -0.10781915 -0.05441688
  -0.10157949  0.08158741 -0.0112296   0.2845601  -0.09068082  0.04568801
   0.00851361  0.11990456 -0.02756242  0.13340984 -0.16964626  0.00534026
   0.1513176  -0.07989988  0.06802607 -0.00143678  0.15949047 -0.08184862
  -0.05313932  0.09874667 -0.02355604 -0.10238453  0.00301861  0.00987773
   0.04072407 -0.09391323  0.235592   -0.01616925 -0.06205425 -0.00672464
  -0.07707287 -0.00622015 -0.02391371 -0.09205255  0.09971634 -0.09046995
  -0.05336798  0.0617185  -0.12960078 -0.00119629  0.18472373  0.02011299
  -0.02649742  0.09174484 -0.08938472  0.04689258  0.13472848 -0.08898637
   0.0515401   0.01872707  0.1708144  -0.09997382  0.17324987  0.15157011
   0.07900371  0.10887909 -0.08952555  0.00703802 -0.07688649  0.08130034
   0.02197021 -0.01624016  0.02174294 -0.06377544 -0.08462143  0.03495609
   0.19876733 -0.05574971 -0.08380578  0.06587726 -0.0887938  -0.05355358
   0.00959388 -0.11899167 -0.0388706  -0.02853438  0.07056121  0.08226693
   0.17953448 -0.00490697  0.07058795 -0.06152805  0.1529522  -0.07041505
  -0.0892325  -0.09451467 -0.07700057  0.03941292  0.00994179  0.10436319
  -0.07833426 -0.01075256 -0.10150767  0.03283971 -0.07839484  0.04401305
   0.00259535  0.12764765 -0.08204124 -0.03255055  0.1153276  -0.0838424
  -0.01358596 -0.05393863 -0.05067793 -0.06904973 -0.06539239  0.11636496
  -0.03139355  0.03491739 -0.02579491 -0.06621677 -0.0213021  -0.02003016
  -0.05486945 -0.06712096]]
[[ 0.01862863 -0.06658727 -0.05334862 -0.05042182  0.07589532  0.09541813
   0.01356981  0.00639524 -0.05173639  0.00916397  0.09041545 -0.09692942
  -0.07485855  0.20423561 -0.11663046  0.00378661  0.0970066   0.00578245
  -0.09388161  0.03938354  0.16710341  0.1402063  -0.06783908  0.14033304
  -0.07825007  0.02871106 -0.03059579 -0.01664038 -0.06280942 -0.06811753
  -0.09135217 -0.03810319 -0.01507233  0.03605232  0.07778888 -0.03510065
   0.11505165 -0.03092952  0.01707614 -0.07236528  0.05223519 -0.10924961
  -0.08033539  0.07067862  0.06821923 -0.07375467  0.0087695  -0.08828541
  -0.07767007 -0.02896223 -0.11016895  0.06349384  0.10793746 -0.06528452
   0.04304721  0.01343921 -0.10687404 -0.02465162  0.08325035 -0.06208997
  -0.04993645 -0.05421314  0.28942287  0.10622392 -0.01377563  0.1711809
  -0.01706009 -0.05080459 -0.06220686 -0.06529488  0.1828706  -0.06338891
   0.00650191  0.05069756  0.11987965 -0.04509382 -0.08366595 -0.0803435
   0.02477762 -0.10699935 -0.02455615  0.03834434 -0.08977553  0.06263559
  -0.08822979  0.0228092   0.0149826  -0.01048498  0.0720719  -0.0919967
  -0.01835191  0.30080804  0.0258599  -0.01773608  0.06762404 -0.07759451
   0.08937868 -0.09552582 -0.11438718  0.11086923 -0.06159858 -0.07412153
  -0.03111247  0.16176875 -0.01313849  0.07498157 -0.09298357 -0.01123249
  -0.0885476  -0.02045143 -0.10410199  0.16237022  0.0466443   0.1605349
  -0.02495781  0.01093588 -0.0880964  -0.08469188  0.04019028  0.07614505
   0.07877187 -0.0936216  -0.09367687 -0.07851951 -0.05919096 -0.02762911
  -0.01981694  0.22926033]
 [ 0.1512378  -0.08086529 -0.05215242 -0.08945453 -0.02836072 -0.02468874
  -0.08299734 -0.04151732 -0.08755612  0.04045272 -0.10781915 -0.05441688
  -0.10157949  0.08158741 -0.0112296   0.2845601  -0.09068082  0.04568801
   0.00851361  0.11990456 -0.02756242  0.13340984 -0.16964626  0.00534026
   0.1513176  -0.07989988  0.06802607 -0.00143678  0.15949047 -0.08184862
  -0.05313932  0.09874667 -0.02355604 -0.10238453  0.00301861  0.00987773
   0.04072407 -0.09391323  0.235592   -0.01616925 -0.06205425 -0.00672464
  -0.07707287 -0.00622015 -0.02391371 -0.09205255  0.09971634 -0.09046995
  -0.05336798  0.0617185  -0.12960078 -0.00119629  0.18472373  0.02011299
  -0.02649742  0.09174484 -0.08938472  0.04689258  0.13472848 -0.08898637
   0.0515401   0.01872707  0.1708144  -0.09997382  0.17324987  0.15157011
   0.07900371  0.10887909 -0.08952555  0.00703802 -0.07688649  0.08130034
   0.02197021 -0.01624016  0.02174294 -0.06377544 -0.08462143  0.03495609
   0.19876733 -0.05574971 -0.08380578  0.06587726 -0.0887938  -0.05355358
   0.00959388 -0.11899167 -0.0388706  -0.02853438  0.07056121  0.08226693
   0.17953448 -0.00490697  0.07058795 -0.06152805  0.1529522  -0.07041505
  -0.0892325  -0.09451467 -0.07700057  0.03941292  0.00994179  0.10436319
  -0.07833426 -0.01075256 -0.10150767  0.03283971 -0.07839484  0.04401305
   0.00259535  0.12764765 -0.08204124 -0.03255055  0.1153276  -0.0838424
  -0.01358596 -0.05393863 -0.05067793 -0.06904973 -0.06539239  0.11636496
  -0.03139355  0.03491739 -0.02579491 -0.06621677 -0.0213021  -0.02003016
  -0.05486945 -0.06712096]]
