[[-0.03083634 -0.05759488 -0.0264671   0.02212803  0.09599268 -0.04676255
  -0.07071833  0.04056649  0.02210796 -0.00496355 -0.03066017 -0.09806881
  -0.01731383  0.09403285 -0.12138412  0.00729196  0.12103946 -0.00994355
  -0.0570491   0.00300584  0.13749066  0.16273718 -0.05996907  0.24368826
   0.00825569 -0.02194829  0.01130265 -0.02036256 -0.05863051 -0.06345373
  -0.09592403  0.02448884  0.0510763   0.01655767 -0.00208343 -0.00449319
   0.18162291  0.01145244  0.06696966 -0.11106277  0.03232662 -0.08863133
  -0.04689742  0.04389244  0.14154053 -0.0984034  -0.03626541 -0.08950541
  -0.05384573  0.04612921 -0.12143301  0.15609308  0.11572474 -0.0585601
   0.03654173  0.16703871 -0.13855101 -0.11122     0.08506768 -0.02852867
   0.009455    0.01733919  0.28009355 -0.01758225 -0.08846138  0.18298922
  -0.03145659 -0.00048688 -0.00335584 -0.0423293   0.13715188 -0.07881499
  -0.04671679 -0.04356443  0.10190178 -0.05028351 -0.03984798 -0.07179641
  -0.00326332 -0.11169606  0.10632516  0.05572451 -0.09417272  0.07130948
  -0.07432179 -0.03008983 -0.02565422  0.06027163 -0.01262904 -0.0471851
  -0.09726524  0.29294497  0.0720005  -0.04846964  0.10334966 -0.02426518
  -0.00442153 -0.09121003 -0.08248702  0.05371505 -0.07869373 -0.09252978
  -0.03868732  0.01265673 -0.027278   -0.0588589  -0.06888913 -0.04469536
  -0.07989101  0.01883308 -0.09190455  0.1728232   0.00971589  0.16936773
   0.10322949 -0.02579083 -0.06417148 -0.03222523  0.02838583 -0.00957231
   0.00454735 -0.07553557 -0.05096989 -0.07515488 -0.02396873 -0.02162252
   0.09543289  0.24750228]
 [ 0.11655165 -0.10195304 -0.029633   -0.12509735 -0.01387994  0.01890439
  -0.09259101 -0.07086066 -0.04700008 -0.00792316 -0.11550904 -0.02787755
  -0.10839821  0.09657437 -0.05974286  0.22733611 -0.09015918  0.05255951
  -0.03492676  0.16192965 -0.00562961  0.12414585 -0.13784292 -0.06039078
   0.14987288 -0.0908554   0.10674443 -0.03022891  0.16321723 -0.09305198
  -0.05189031  0.04566317 -0.00945331 -0.07977985  0.02063004  0.04698649
   0.03598252 -0.1033624   0.17029682 -0.0024347  -0.08357095 -0.00160337
  -0.07152271  0.09205709 -0.03656373 -0.10269213  0.10207607 -0.10623816
  -0.07221863  0.06112135 -0.1363964  -0.04112503  0.25859034 -0.00403939
  -0.00518071  0.09264855 -0.10423609  0.02269898  0.15394421 -0.10088851
   0.03366134  0.03289999  0.1604223  -0.11163694  0.20152713  0.13603614
   0.05833387  0.09352692 -0.10279387  0.01098695 -0.06276214  0.10101465
   0.04420052 -0.03571692 -0.00864268 -0.07122891 -0.04862401  0.05321882
   0.1879334  -0.04421865 -0.08807755  0.03574844 -0.10076139 -0.01454201
  -0.00652958 -0.08026761 -0.02978912  0.04695579  0.11110564  0.05964671
   0.093836    0.03691188  0.09921286 -0.06088275  0.15927148 -0.05843278
  -0.05436753 -0.09503872 -0.08986194  0.02554808 -0.02854697  0.04629654
  -0.08611131 -0.00258942 -0.08040362 -0.01163356 -0.05153826 -0.00065931
   0.02792413  0.15309934 -0.08016812 -0.03567728  0.09491887 -0.05992084
  -0.000762   -0.07127435 -0.05179735 -0.05150803 -0.07292721  0.14657728
  -0.05079641  0.10334166 -0.05108632 -0.07512979  0.02196135 -0.0162224
  -0.07000791 -0.06981337]]
[[-0.03083634 -0.05759488 -0.0264671   0.02212803  0.09599268 -0.04676255
  -0.07071833  0.04056649  0.02210796 -0.00496355 -0.03066017 -0.09806881
  -0.01731383  0.09403285 -0.12138412  0.00729196  0.12103946 -0.00994355
  -0.0570491   0.00300584  0.13749066  0.16273718 -0.05996907  0.24368826
   0.00825569 -0.02194829  0.01130265 -0.02036256 -0.05863051 -0.06345373
  -0.09592403  0.02448884  0.0510763   0.01655767 -0.00208343 -0.00449319
   0.18162291  0.01145244  0.06696966 -0.11106277  0.03232662 -0.08863133
  -0.04689742  0.04389244  0.14154053 -0.0984034  -0.03626541 -0.08950541
  -0.05384573  0.04612921 -0.12143301  0.15609308  0.11572474 -0.0585601
   0.03654173  0.16703871 -0.13855101 -0.11122     0.08506768 -0.02852867
   0.009455    0.01733919  0.28009355 -0.01758225 -0.08846138  0.18298922
  -0.03145659 -0.00048688 -0.00335584 -0.0423293   0.13715188 -0.07881499
  -0.04671679 -0.04356443  0.10190178 -0.05028351 -0.03984798 -0.07179641
  -0.00326332 -0.11169606  0.10632516  0.05572451 -0.09417272  0.07130948
  -0.07432179 -0.03008983 -0.02565422  0.06027163 -0.01262904 -0.0471851
  -0.09726524  0.29294497  0.0720005  -0.04846964  0.10334966 -0.02426518
  -0.00442153 -0.09121003 -0.08248702  0.05371505 -0.07869373 -0.09252978
  -0.03868732  0.01265673 -0.027278   -0.0588589  -0.06888913 -0.04469536
  -0.07989101  0.01883308 -0.09190455  0.1728232   0.00971589  0.16936773
   0.10322949 -0.02579083 -0.06417148 -0.03222523  0.02838583 -0.00957231
   0.00454735 -0.07553557 -0.05096989 -0.07515488 -0.02396873 -0.02162252
   0.09543289  0.24750228]
 [ 0.11655165 -0.10195304 -0.029633   -0.12509735 -0.01387994  0.01890439
  -0.09259101 -0.07086066 -0.04700008 -0.00792316 -0.11550904 -0.02787755
  -0.10839821  0.09657437 -0.05974286  0.22733611 -0.09015918  0.05255951
  -0.03492676  0.16192965 -0.00562961  0.12414585 -0.13784292 -0.06039078
   0.14987288 -0.0908554   0.10674443 -0.03022891  0.16321723 -0.09305198
  -0.05189031  0.04566317 -0.00945331 -0.07977985  0.02063004  0.04698649
   0.03598252 -0.1033624   0.17029682 -0.0024347  -0.08357095 -0.00160337
  -0.07152271  0.09205709 -0.03656373 -0.10269213  0.10207607 -0.10623816
  -0.07221863  0.06112135 -0.1363964  -0.04112503  0.25859034 -0.00403939
  -0.00518071  0.09264855 -0.10423609  0.02269898  0.15394421 -0.10088851
   0.03366134  0.03289999  0.1604223  -0.11163694  0.20152713  0.13603614
   0.05833387  0.09352692 -0.10279387  0.01098695 -0.06276214  0.10101465
   0.04420052 -0.03571692 -0.00864268 -0.07122891 -0.04862401  0.05321882
   0.1879334  -0.04421865 -0.08807755  0.03574844 -0.10076139 -0.01454201
  -0.00652958 -0.08026761 -0.02978912  0.04695579  0.11110564  0.05964671
   0.093836    0.03691188  0.09921286 -0.06088275  0.15927148 -0.05843278
  -0.05436753 -0.09503872 -0.08986194  0.02554808 -0.02854697  0.04629654
  -0.08611131 -0.00258942 -0.08040362 -0.01163356 -0.05153826 -0.00065931
   0.02792413  0.15309934 -0.08016812 -0.03567728  0.09491887 -0.05992084
  -0.000762   -0.07127435 -0.05179735 -0.05150803 -0.07292721  0.14657728
  -0.05079641  0.10334166 -0.05108632 -0.07512979  0.02196135 -0.0162224
  -0.07000791 -0.06981337]]
[[-0.03083634 -0.05759488 -0.0264671   0.02212803  0.09599268 -0.04676255
  -0.07071833  0.04056649  0.02210796 -0.00496355 -0.03066017 -0.09806881
  -0.01731383  0.09403285 -0.12138412  0.00729196  0.12103946 -0.00994355
  -0.0570491   0.00300584  0.13749066  0.16273718 -0.05996907  0.24368826
   0.00825569 -0.02194829  0.01130265 -0.02036256 -0.05863051 -0.06345373
  -0.09592403  0.02448884  0.0510763   0.01655767 -0.00208343 -0.00449319
   0.18162291  0.01145244  0.06696966 -0.11106277  0.03232662 -0.08863133
  -0.04689742  0.04389244  0.14154053 -0.0984034  -0.03626541 -0.08950541
  -0.05384573  0.04612921 -0.12143301  0.15609308  0.11572474 -0.0585601
   0.03654173  0.16703871 -0.13855101 -0.11122     0.08506768 -0.02852867
   0.009455    0.01733919  0.28009355 -0.01758225 -0.08846138  0.18298922
  -0.03145659 -0.00048688 -0.00335584 -0.0423293   0.13715188 -0.07881499
  -0.04671679 -0.04356443  0.10190178 -0.05028351 -0.03984798 -0.07179641
  -0.00326332 -0.11169606  0.10632516  0.05572451 -0.09417272  0.07130948
  -0.07432179 -0.03008983 -0.02565422  0.06027163 -0.01262904 -0.0471851
  -0.09726524  0.29294497  0.0720005  -0.04846964  0.10334966 -0.02426518
  -0.00442153 -0.09121003 -0.08248702  0.05371505 -0.07869373 -0.09252978
  -0.03868732  0.01265673 -0.027278   -0.0588589  -0.06888913 -0.04469536
  -0.07989101  0.01883308 -0.09190455  0.1728232   0.00971589  0.16936773
   0.10322949 -0.02579083 -0.06417148 -0.03222523  0.02838583 -0.00957231
   0.00454735 -0.07553557 -0.05096989 -0.07515488 -0.02396873 -0.02162252
   0.09543289  0.24750228]
 [ 0.11655165 -0.10195304 -0.029633   -0.12509735 -0.01387994  0.01890439
  -0.09259101 -0.07086066 -0.04700008 -0.00792316 -0.11550904 -0.02787755
  -0.10839821  0.09657437 -0.05974286  0.22733611 -0.09015918  0.05255951
  -0.03492676  0.16192965 -0.00562961  0.12414585 -0.13784292 -0.06039078
   0.14987288 -0.0908554   0.10674443 -0.03022891  0.16321723 -0.09305198
  -0.05189031  0.04566317 -0.00945331 -0.07977985  0.02063004  0.04698649
   0.03598252 -0.1033624   0.17029682 -0.0024347  -0.08357095 -0.00160337
  -0.07152271  0.09205709 -0.03656373 -0.10269213  0.10207607 -0.10623816
  -0.07221863  0.06112135 -0.1363964  -0.04112503  0.25859034 -0.00403939
  -0.00518071  0.09264855 -0.10423609  0.02269898  0.15394421 -0.10088851
   0.03366134  0.03289999  0.1604223  -0.11163694  0.20152713  0.13603614
   0.05833387  0.09352692 -0.10279387  0.01098695 -0.06276214  0.10101465
   0.04420052 -0.03571692 -0.00864268 -0.07122891 -0.04862401  0.05321882
   0.1879334  -0.04421865 -0.08807755  0.03574844 -0.10076139 -0.01454201
  -0.00652958 -0.08026761 -0.02978912  0.04695579  0.11110564  0.05964671
   0.093836    0.03691188  0.09921286 -0.06088275  0.15927148 -0.05843278
  -0.05436753 -0.09503872 -0.08986194  0.02554808 -0.02854697  0.04629654
  -0.08611131 -0.00258942 -0.08040362 -0.01163356 -0.05153826 -0.00065931
   0.02792413  0.15309934 -0.08016812 -0.03567728  0.09491887 -0.05992084
  -0.000762   -0.07127435 -0.05179735 -0.05150803 -0.07292721  0.14657728
  -0.05079641  0.10334166 -0.05108632 -0.07512979  0.02196135 -0.0162224
  -0.07000791 -0.06981337]]
