[[ 2.85775904e-02 -6.25573695e-02 -6.33799657e-02 -3.84328142e-02
   6.77952319e-02  9.12318304e-02 -1.68616753e-02  1.75430123e-02
  -6.37771338e-02 -4.91726724e-03  1.08260378e-01 -1.07419811e-01
  -8.70505869e-02  2.04861179e-01 -1.14811771e-01  7.00770179e-03
   1.08909853e-01 -7.45870080e-03 -8.51866528e-02  1.36660645e-02
   1.67422831e-01  1.56349987e-01 -6.09198213e-02  1.55137509e-01
  -6.81628659e-02  4.20347974e-02 -6.18336052e-02 -1.30681694e-02
  -5.79802692e-02 -6.62923604e-02 -8.86977836e-02 -3.30787338e-02
  -5.60516352e-03  6.42589629e-02  6.61182031e-02 -3.44465226e-02
   1.19007885e-01 -1.24116987e-03  1.43426172e-02 -5.83029725e-02
   1.17611252e-01 -1.04973026e-01 -9.02768970e-02  6.21729717e-02
   1.92977302e-02 -6.91421255e-02 -7.56414561e-03 -8.50649104e-02
  -7.19413608e-02 -2.67408006e-02 -1.05704159e-01  5.09461425e-02
   1.08501397e-01 -5.50478250e-02  6.38264939e-02  3.99170863e-03
  -1.11255363e-01 -1.80538259e-02  8.62160027e-02 -4.69172820e-02
  -5.56348413e-02 -6.61405474e-02  2.96975583e-01  9.87856388e-02
  -1.84523668e-02  1.74290553e-01 -3.59898284e-02 -5.31919077e-02
  -3.76751274e-02 -7.32146576e-02  1.87705085e-01 -6.08584769e-02
  -3.58027802e-03  4.15037945e-02  1.01744086e-01 -3.40734087e-02
  -9.15039778e-02 -7.74728283e-02  7.69337500e-03 -8.92372578e-02
  -6.87085884e-03  6.90626502e-02 -8.36798549e-02  2.67559141e-02
  -9.11587924e-02  4.10859995e-02  1.22159151e-02 -1.29553024e-04
   7.68107399e-02 -8.35775137e-02 -2.53243325e-03  3.04441243e-01
   3.63592319e-02 -7.27084046e-03  6.36682436e-02 -6.25203699e-02
   6.56419992e-02 -9.20005515e-02 -1.01459481e-01  1.12184525e-01
  -4.24756743e-02 -8.06008205e-02 -1.82128493e-02  1.33099899e-01
  -5.15120989e-03  6.88936338e-02 -9.45314467e-02 -5.14319632e-03
  -8.34212676e-02 -5.44889597e-03 -9.52983573e-02  1.59952313e-01
   2.12205537e-02  1.78818256e-01 -2.93136649e-02  1.61196794e-02
  -7.84317926e-02 -8.41408893e-02  4.27780561e-02  8.69466141e-02
   8.25607330e-02 -9.11633894e-02 -8.26299042e-02 -7.21330717e-02
  -7.23562688e-02 -2.46796589e-02 -2.89589912e-02  2.34696731e-01]
 [ 1.55212834e-01 -8.61753821e-02 -6.71735555e-02 -1.41474262e-01
  -7.18638599e-02  2.48415768e-02 -7.51802027e-02 -5.51042669e-02
  -9.60549712e-02  5.78014106e-02 -1.00919530e-01 -3.30022089e-02
  -9.72709432e-02  5.40230423e-02 -2.55825501e-02  2.64687866e-01
  -8.73819068e-02  3.61996256e-02 -2.92105451e-02  1.17682278e-01
  -5.90881631e-02  1.02637172e-01 -1.81199625e-01  1.51146058e-04
   1.55291364e-01 -7.95577243e-02  5.90257198e-02  8.06703866e-02
   1.60413831e-01 -7.63927698e-02 -6.65218160e-02  4.98058684e-02
  -2.24029813e-02 -8.40703771e-02 -3.21459845e-02 -2.03448441e-03
   5.41014895e-02 -9.01215598e-02  1.34489089e-01 -1.20915417e-02
  -5.72015345e-02 -5.04508279e-02 -9.67383087e-02 -1.83338784e-02
  -5.16781546e-02 -9.14832279e-02  1.03148773e-01 -8.94788951e-02
  -7.07952678e-02  1.32200094e-02 -1.20369032e-01 -1.73203330e-02
   1.47162274e-01 -5.35293715e-03 -1.63858570e-02  4.87833843e-02
  -8.63941461e-02  3.39102000e-02  1.47784784e-01 -8.42261985e-02
   8.53828192e-02 -2.57174782e-02  1.59690693e-01 -9.31401923e-02
   1.94043726e-01  1.70414031e-01  8.33811387e-02  1.35165364e-01
  -9.55696851e-02  1.01683307e-02 -7.24061504e-02  1.36392593e-01
   3.27615216e-02  3.23904604e-02  6.16849437e-02 -5.66705726e-02
  -8.02486762e-02 -2.11439338e-02  1.30026430e-01 -5.46815619e-02
  -7.72184730e-02  1.06174335e-01 -8.27819705e-02 -6.59935474e-02
   4.97832568e-03 -1.10243745e-01 -3.66849080e-02 -4.82466258e-02
   5.79226650e-02  1.03160374e-01  1.82177052e-01 -7.51499878e-03
   4.14248221e-02 -6.26006126e-02  1.65058434e-01 -8.91859159e-02
  -8.48335847e-02 -9.01868939e-02 -7.93367103e-02  5.18025234e-02
   1.24702891e-02  1.33052602e-01 -6.50238320e-02  3.79065648e-02
  -9.35665667e-02  9.87038761e-02 -7.05250651e-02  9.53410938e-02
   3.71589772e-02  1.10636562e-01 -7.52138868e-02 -5.04430756e-02
   1.29641294e-01 -8.21588039e-02 -2.17692219e-02 -3.99859697e-02
  -5.39138131e-02 -6.32880926e-02 -6.35556579e-02  1.18500859e-01
  -2.22856682e-02  5.46798110e-02 -4.87207212e-02 -6.56959862e-02
   1.08273979e-02 -2.63227727e-02 -6.51654229e-02 -6.85175434e-02]]
[[ 2.85775904e-02 -6.25573695e-02 -6.33799657e-02 -3.84328142e-02
   6.77952319e-02  9.12318304e-02 -1.68616753e-02  1.75430123e-02
  -6.37771338e-02 -4.91726724e-03  1.08260378e-01 -1.07419811e-01
  -8.70505869e-02  2.04861179e-01 -1.14811771e-01  7.00770179e-03
   1.08909853e-01 -7.45870080e-03 -8.51866528e-02  1.36660645e-02
   1.67422831e-01  1.56349987e-01 -6.09198213e-02  1.55137509e-01
  -6.81628659e-02  4.20347974e-02 -6.18336052e-02 -1.30681694e-02
  -5.79802692e-02 -6.62923604e-02 -8.86977836e-02 -3.30787338e-02
  -5.60516352e-03  6.42589629e-02  6.61182031e-02 -3.44465226e-02
   1.19007885e-01 -1.24116987e-03  1.43426172e-02 -5.83029725e-02
   1.17611252e-01 -1.04973026e-01 -9.02768970e-02  6.21729717e-02
   1.92977302e-02 -6.91421255e-02 -7.56414561e-03 -8.50649104e-02
  -7.19413608e-02 -2.67408006e-02 -1.05704159e-01  5.09461425e-02
   1.08501397e-01 -5.50478250e-02  6.38264939e-02  3.99170863e-03
  -1.11255363e-01 -1.80538259e-02  8.62160027e-02 -4.69172820e-02
  -5.56348413e-02 -6.61405474e-02  2.96975583e-01  9.87856388e-02
  -1.84523668e-02  1.74290553e-01 -3.59898284e-02 -5.31919077e-02
  -3.76751274e-02 -7.32146576e-02  1.87705085e-01 -6.08584769e-02
  -3.58027802e-03  4.15037945e-02  1.01744086e-01 -3.40734087e-02
  -9.15039778e-02 -7.74728283e-02  7.69337500e-03 -8.92372578e-02
  -6.87085884e-03  6.90626502e-02 -8.36798549e-02  2.67559141e-02
  -9.11587924e-02  4.10859995e-02  1.22159151e-02 -1.29553024e-04
   7.68107399e-02 -8.35775137e-02 -2.53243325e-03  3.04441243e-01
   3.63592319e-02 -7.27084046e-03  6.36682436e-02 -6.25203699e-02
   6.56419992e-02 -9.20005515e-02 -1.01459481e-01  1.12184525e-01
  -4.24756743e-02 -8.06008205e-02 -1.82128493e-02  1.33099899e-01
  -5.15120989e-03  6.88936338e-02 -9.45314467e-02 -5.14319632e-03
  -8.34212676e-02 -5.44889597e-03 -9.52983573e-02  1.59952313e-01
   2.12205537e-02  1.78818256e-01 -2.93136649e-02  1.61196794e-02
  -7.84317926e-02 -8.41408893e-02  4.27780561e-02  8.69466141e-02
   8.25607330e-02 -9.11633894e-02 -8.26299042e-02 -7.21330717e-02
  -7.23562688e-02 -2.46796589e-02 -2.89589912e-02  2.34696731e-01]
 [ 1.55212834e-01 -8.61753821e-02 -6.71735555e-02 -1.41474262e-01
  -7.18638599e-02  2.48415768e-02 -7.51802027e-02 -5.51042669e-02
  -9.60549712e-02  5.78014106e-02 -1.00919530e-01 -3.30022089e-02
  -9.72709432e-02  5.40230423e-02 -2.55825501e-02  2.64687866e-01
  -8.73819068e-02  3.61996256e-02 -2.92105451e-02  1.17682278e-01
  -5.90881631e-02  1.02637172e-01 -1.81199625e-01  1.51146058e-04
   1.55291364e-01 -7.95577243e-02  5.90257198e-02  8.06703866e-02
   1.60413831e-01 -7.63927698e-02 -6.65218160e-02  4.98058684e-02
  -2.24029813e-02 -8.40703771e-02 -3.21459845e-02 -2.03448441e-03
   5.41014895e-02 -9.01215598e-02  1.34489089e-01 -1.20915417e-02
  -5.72015345e-02 -5.04508279e-02 -9.67383087e-02 -1.83338784e-02
  -5.16781546e-02 -9.14832279e-02  1.03148773e-01 -8.94788951e-02
  -7.07952678e-02  1.32200094e-02 -1.20369032e-01 -1.73203330e-02
   1.47162274e-01 -5.35293715e-03 -1.63858570e-02  4.87833843e-02
  -8.63941461e-02  3.39102000e-02  1.47784784e-01 -8.42261985e-02
   8.53828192e-02 -2.57174782e-02  1.59690693e-01 -9.31401923e-02
   1.94043726e-01  1.70414031e-01  8.33811387e-02  1.35165364e-01
  -9.55696851e-02  1.01683307e-02 -7.24061504e-02  1.36392593e-01
   3.27615216e-02  3.23904604e-02  6.16849437e-02 -5.66705726e-02
  -8.02486762e-02 -2.11439338e-02  1.30026430e-01 -5.46815619e-02
  -7.72184730e-02  1.06174335e-01 -8.27819705e-02 -6.59935474e-02
   4.97832568e-03 -1.10243745e-01 -3.66849080e-02 -4.82466258e-02
   5.79226650e-02  1.03160374e-01  1.82177052e-01 -7.51499878e-03
   4.14248221e-02 -6.26006126e-02  1.65058434e-01 -8.91859159e-02
  -8.48335847e-02 -9.01868939e-02 -7.93367103e-02  5.18025234e-02
   1.24702891e-02  1.33052602e-01 -6.50238320e-02  3.79065648e-02
  -9.35665667e-02  9.87038761e-02 -7.05250651e-02  9.53410938e-02
   3.71589772e-02  1.10636562e-01 -7.52138868e-02 -5.04430756e-02
   1.29641294e-01 -8.21588039e-02 -2.17692219e-02 -3.99859697e-02
  -5.39138131e-02 -6.32880926e-02 -6.35556579e-02  1.18500859e-01
  -2.22856682e-02  5.46798110e-02 -4.87207212e-02 -6.56959862e-02
   1.08273979e-02 -2.63227727e-02 -6.51654229e-02 -6.85175434e-02]]
[[ 2.85775904e-02 -6.25573695e-02 -6.33799657e-02 -3.84328142e-02
   6.77952319e-02  9.12318304e-02 -1.68616753e-02  1.75430123e-02
  -6.37771338e-02 -4.91726724e-03  1.08260378e-01 -1.07419811e-01
  -8.70505869e-02  2.04861179e-01 -1.14811771e-01  7.00770179e-03
   1.08909853e-01 -7.45870080e-03 -8.51866528e-02  1.36660645e-02
   1.67422831e-01  1.56349987e-01 -6.09198213e-02  1.55137509e-01
  -6.81628659e-02  4.20347974e-02 -6.18336052e-02 -1.30681694e-02
  -5.79802692e-02 -6.62923604e-02 -8.86977836e-02 -3.30787338e-02
  -5.60516352e-03  6.42589629e-02  6.61182031e-02 -3.44465226e-02
   1.19007885e-01 -1.24116987e-03  1.43426172e-02 -5.83029725e-02
   1.17611252e-01 -1.04973026e-01 -9.02768970e-02  6.21729717e-02
   1.92977302e-02 -6.91421255e-02 -7.56414561e-03 -8.50649104e-02
  -7.19413608e-02 -2.67408006e-02 -1.05704159e-01  5.09461425e-02
   1.08501397e-01 -5.50478250e-02  6.38264939e-02  3.99170863e-03
  -1.11255363e-01 -1.80538259e-02  8.62160027e-02 -4.69172820e-02
  -5.56348413e-02 -6.61405474e-02  2.96975583e-01  9.87856388e-02
  -1.84523668e-02  1.74290553e-01 -3.59898284e-02 -5.31919077e-02
  -3.76751274e-02 -7.32146576e-02  1.87705085e-01 -6.08584769e-02
  -3.58027802e-03  4.15037945e-02  1.01744086e-01 -3.40734087e-02
  -9.15039778e-02 -7.74728283e-02  7.69337500e-03 -8.92372578e-02
  -6.87085884e-03  6.90626502e-02 -8.36798549e-02  2.67559141e-02
  -9.11587924e-02  4.10859995e-02  1.22159151e-02 -1.29553024e-04
   7.68107399e-02 -8.35775137e-02 -2.53243325e-03  3.04441243e-01
   3.63592319e-02 -7.27084046e-03  6.36682436e-02 -6.25203699e-02
   6.56419992e-02 -9.20005515e-02 -1.01459481e-01  1.12184525e-01
  -4.24756743e-02 -8.06008205e-02 -1.82128493e-02  1.33099899e-01
  -5.15120989e-03  6.88936338e-02 -9.45314467e-02 -5.14319632e-03
  -8.34212676e-02 -5.44889597e-03 -9.52983573e-02  1.59952313e-01
   2.12205537e-02  1.78818256e-01 -2.93136649e-02  1.61196794e-02
  -7.84317926e-02 -8.41408893e-02  4.27780561e-02  8.69466141e-02
   8.25607330e-02 -9.11633894e-02 -8.26299042e-02 -7.21330717e-02
  -7.23562688e-02 -2.46796589e-02 -2.89589912e-02  2.34696731e-01]
 [ 1.55212834e-01 -8.61753821e-02 -6.71735555e-02 -1.41474262e-01
  -7.18638599e-02  2.48415768e-02 -7.51802027e-02 -5.51042669e-02
  -9.60549712e-02  5.78014106e-02 -1.00919530e-01 -3.30022089e-02
  -9.72709432e-02  5.40230423e-02 -2.55825501e-02  2.64687866e-01
  -8.73819068e-02  3.61996256e-02 -2.92105451e-02  1.17682278e-01
  -5.90881631e-02  1.02637172e-01 -1.81199625e-01  1.51146058e-04
   1.55291364e-01 -7.95577243e-02  5.90257198e-02  8.06703866e-02
   1.60413831e-01 -7.63927698e-02 -6.65218160e-02  4.98058684e-02
  -2.24029813e-02 -8.40703771e-02 -3.21459845e-02 -2.03448441e-03
   5.41014895e-02 -9.01215598e-02  1.34489089e-01 -1.20915417e-02
  -5.72015345e-02 -5.04508279e-02 -9.67383087e-02 -1.83338784e-02
  -5.16781546e-02 -9.14832279e-02  1.03148773e-01 -8.94788951e-02
  -7.07952678e-02  1.32200094e-02 -1.20369032e-01 -1.73203330e-02
   1.47162274e-01 -5.35293715e-03 -1.63858570e-02  4.87833843e-02
  -8.63941461e-02  3.39102000e-02  1.47784784e-01 -8.42261985e-02
   8.53828192e-02 -2.57174782e-02  1.59690693e-01 -9.31401923e-02
   1.94043726e-01  1.70414031e-01  8.33811387e-02  1.35165364e-01
  -9.55696851e-02  1.01683307e-02 -7.24061504e-02  1.36392593e-01
   3.27615216e-02  3.23904604e-02  6.16849437e-02 -5.66705726e-02
  -8.02486762e-02 -2.11439338e-02  1.30026430e-01 -5.46815619e-02
  -7.72184730e-02  1.06174335e-01 -8.27819705e-02 -6.59935474e-02
   4.97832568e-03 -1.10243745e-01 -3.66849080e-02 -4.82466258e-02
   5.79226650e-02  1.03160374e-01  1.82177052e-01 -7.51499878e-03
   4.14248221e-02 -6.26006126e-02  1.65058434e-01 -8.91859159e-02
  -8.48335847e-02 -9.01868939e-02 -7.93367103e-02  5.18025234e-02
   1.24702891e-02  1.33052602e-01 -6.50238320e-02  3.79065648e-02
  -9.35665667e-02  9.87038761e-02 -7.05250651e-02  9.53410938e-02
   3.71589772e-02  1.10636562e-01 -7.52138868e-02 -5.04430756e-02
   1.29641294e-01 -8.21588039e-02 -2.17692219e-02 -3.99859697e-02
  -5.39138131e-02 -6.32880926e-02 -6.35556579e-02  1.18500859e-01
  -2.22856682e-02  5.46798110e-02 -4.87207212e-02 -6.56959862e-02
   1.08273979e-02 -2.63227727e-02 -6.51654229e-02 -6.85175434e-02]]
