[[ 0.00808462 -0.07229143 -0.07902493 -0.19404861  0.03470886  0.05510486
  -0.06643495 -0.07272409  0.01062868  0.01092581 -0.07934571  0.00756258
   0.15265186 -0.01458958 -0.06398455 -0.04382288 -0.01543251  0.06774176
   0.06701198 -0.02531281  0.2082084   0.06921886 -0.02043881  0.04325457
   0.01853273 -0.08154602  0.13561298 -0.02991802  0.0095369   0.01752937
  -0.04263419 -0.00522749  0.03177217 -0.04349648  0.00957455  0.00744791
   0.03039698 -0.0874095   0.15787268  0.00154316 -0.10384274  0.00096562
  -0.08157393  0.20140044 -0.02324595  0.04738561  0.03609285 -0.04912227
  -0.05014618 -0.03850906 -0.10575863 -0.01486282  0.08984729 -0.05998631
   0.15913613  0.08955615  0.00108309 -0.02519347  0.14642201 -0.10813009
   0.16235575  0.0488985   0.08168352 -0.1444504  -0.00158112  0.03335894
   0.03013184  0.0023877  -0.08259898  0.2990465  -0.05841823 -0.09878551
  -0.02318727 -0.10485331  0.10260987 -0.04687292  0.12148616 -0.02644798
   0.04313625 -0.12180968  0.17200631 -0.05734069 -0.12082091 -0.03464562
   0.05921175 -0.0614609   0.07119852  0.10689291  0.05051795 -0.13313341
  -0.10532688  0.1348321   0.03856352 -0.12203974  0.05761972  0.01960045
   0.07201985 -0.06277434 -0.07137696  0.0841416  -0.10198095 -0.07162763
  -0.02459173  0.02064884 -0.11725281  0.05402496 -0.03490159 -0.02034764
  -0.02611963  0.06245977  0.05396476 -0.01357037  0.27629375  0.00212179
   0.19261351 -0.05586654  0.10500409  0.06231328 -0.03086252 -0.07241852
  -0.04863061 -0.0464271   0.08738266 -0.06967226  0.04410958  0.11274367
   0.11391132 -0.06492422]
 [ 0.17063983 -0.11055814 -0.04008435 -0.12915464  0.04186681 -0.02253814
  -0.10874619 -0.08682259 -0.07639714 -0.03221379 -0.11796565  0.02606054
  -0.13268103  0.14266786 -0.08857498  0.16926    -0.05965481  0.00607132
  -0.03546211  0.1264283  -0.05314937  0.14974801 -0.13582678 -0.0865341
   0.19599037 -0.11043166 -0.01774473  0.02061589 -0.0054538  -0.07672577
  -0.06649072 -0.03732293  0.10824013 -0.00192409  0.01167733  0.00851319
   0.04147195 -0.08404748  0.08359851 -0.05232568 -0.01897814 -0.06485677
  -0.05915476  0.05605179 -0.06362874 -0.10220241  0.13854682 -0.12281238
  -0.06402485  0.16301806 -0.11528462 -0.06163566  0.13930018 -0.04878429
   0.13434735  0.12971997 -0.13182907  0.02393151  0.05359784 -0.08666755
  -0.04264379  0.04688051  0.19423549 -0.0953779   0.10101951  0.13074698
   0.00698074  0.04109449 -0.09805242 -0.00811886 -0.03071092 -0.01343522
   0.09923562 -0.01396576  0.0478083  -0.08049251 -0.06011238 -0.01329142
   0.16115054 -0.09826092 -0.06716416  0.03102728 -0.09916681 -0.02674153
  -0.06615543 -0.0023886  -0.01344451  0.00949764  0.12370978  0.06717443
   0.05316195 -0.02700693  0.13165246  0.08253748  0.22286226 -0.05414303
  -0.09415507 -0.09576701 -0.08035658 -0.02849868 -0.05527959  0.01182304
  -0.0312404  -0.04279672 -0.05179491 -0.04474772 -0.05370623 -0.09121186
   0.09936704  0.15329018 -0.0985896  -0.08506021 -0.01825482  0.02937667
   0.15739433 -0.10641786 -0.0247358  -0.07667501 -0.09577488  0.13081963
  -0.06494848  0.08775136 -0.06034007 -0.04547887 -0.00354795 -0.01171678
  -0.04712611 -0.08516494]
 [-0.05439825 -0.0278966  -0.00253989  0.02851732  0.03686893 -0.02657869
  -0.06404226  0.03313843  0.03469105  0.01702535  0.02110592 -0.09699544
  -0.02458779  0.08704516 -0.11108177  0.02891582  0.0565705   0.03042733
  -0.02450597  0.04642486  0.24993196  0.1689635  -0.05291047  0.20055957
   0.03078158 -0.02593925  0.10227759 -0.037198   -0.02312785 -0.05904238
  -0.08640596  0.02560414 -0.01285118 -0.00450962 -0.04773955  0.01142736
   0.12347583  0.04048759  0.19532013 -0.09121437 -0.03753966 -0.08349221
  -0.07899313  0.05354852  0.13837187 -0.09386155 -0.04109253 -0.08247878
  -0.03495546  0.02130379 -0.11922734  0.16866915  0.16936268 -0.07148338
  -0.01758969  0.14166668 -0.1164724  -0.12349982  0.06678843 -0.03562264
   0.04040381  0.01310934  0.30036986 -0.00574459 -0.0846808   0.18545516
   0.02852775 -0.00765461 -0.03942457  0.02644283  0.10760352 -0.07402619
  -0.02469835 -0.07674256  0.09713951 -0.09409626  0.02442453 -0.05072112
   0.00548156 -0.09475261  0.03197429 -0.01958699 -0.08864613  0.07616743
  -0.03773357 -0.0883118  -0.01470333 -0.01653489 -0.01027427 -0.0598048
  -0.08744641  0.28507277  0.03937843 -0.07764195  0.09526891 -0.01402504
   0.03099006 -0.0969422  -0.05239032  0.05544462 -0.0841362  -0.09361361
  -0.02096113 -0.01088948 -0.07054373 -0.04090159 -0.08746099  0.02032076
  -0.07778627  0.01721625 -0.04865614  0.20070067  0.07872098  0.12783398
   0.03851727  0.01385665 -0.06568279  0.0212137  -0.01154652 -0.00908294
   0.12355085 -0.07012878 -0.0084119  -0.07726554 -0.03769635 -0.01353495
   0.08425176  0.22493319]]
[[ 0.00808462 -0.07229143 -0.07902493 -0.19404861  0.03470886  0.05510486
  -0.06643495 -0.07272409  0.01062868  0.01092581 -0.07934571  0.00756258
   0.15265186 -0.01458958 -0.06398455 -0.04382288 -0.01543251  0.06774176
   0.06701198 -0.02531281  0.2082084   0.06921886 -0.02043881  0.04325457
   0.01853273 -0.08154602  0.13561298 -0.02991802  0.0095369   0.01752937
  -0.04263419 -0.00522749  0.03177217 -0.04349648  0.00957455  0.00744791
   0.03039698 -0.0874095   0.15787268  0.00154316 -0.10384274  0.00096562
  -0.08157393  0.20140044 -0.02324595  0.04738561  0.03609285 -0.04912227
  -0.05014618 -0.03850906 -0.10575863 -0.01486282  0.08984729 -0.05998631
   0.15913613  0.08955615  0.00108309 -0.02519347  0.14642201 -0.10813009
   0.16235575  0.0488985   0.08168352 -0.1444504  -0.00158112  0.03335894
   0.03013184  0.0023877  -0.08259898  0.2990465  -0.05841823 -0.09878551
  -0.02318727 -0.10485331  0.10260987 -0.04687292  0.12148616 -0.02644798
   0.04313625 -0.12180968  0.17200631 -0.05734069 -0.12082091 -0.03464562
   0.05921175 -0.0614609   0.07119852  0.10689291  0.05051795 -0.13313341
  -0.10532688  0.1348321   0.03856352 -0.12203974  0.05761972  0.01960045
   0.07201985 -0.06277434 -0.07137696  0.0841416  -0.10198095 -0.07162763
  -0.02459173  0.02064884 -0.11725281  0.05402496 -0.03490159 -0.02034764
  -0.02611963  0.06245977  0.05396476 -0.01357037  0.27629375  0.00212179
   0.19261351 -0.05586654  0.10500409  0.06231328 -0.03086252 -0.07241852
  -0.04863061 -0.0464271   0.08738266 -0.06967226  0.04410958  0.11274367
   0.11391132 -0.06492422]
 [ 0.17063983 -0.11055814 -0.04008435 -0.12915464  0.04186681 -0.02253814
  -0.10874619 -0.08682259 -0.07639714 -0.03221379 -0.11796565  0.02606054
  -0.13268103  0.14266786 -0.08857498  0.16926    -0.05965481  0.00607132
  -0.03546211  0.1264283  -0.05314937  0.14974801 -0.13582678 -0.0865341
   0.19599037 -0.11043166 -0.01774473  0.02061589 -0.0054538  -0.07672577
  -0.06649072 -0.03732293  0.10824013 -0.00192409  0.01167733  0.00851319
   0.04147195 -0.08404748  0.08359851 -0.05232568 -0.01897814 -0.06485677
  -0.05915476  0.05605179 -0.06362874 -0.10220241  0.13854682 -0.12281238
  -0.06402485  0.16301806 -0.11528462 -0.06163566  0.13930018 -0.04878429
   0.13434735  0.12971997 -0.13182907  0.02393151  0.05359784 -0.08666755
  -0.04264379  0.04688051  0.19423549 -0.0953779   0.10101951  0.13074698
   0.00698074  0.04109449 -0.09805242 -0.00811886 -0.03071092 -0.01343522
   0.09923562 -0.01396576  0.0478083  -0.08049251 -0.06011238 -0.01329142
   0.16115054 -0.09826092 -0.06716416  0.03102728 -0.09916681 -0.02674153
  -0.06615543 -0.0023886  -0.01344451  0.00949764  0.12370978  0.06717443
   0.05316195 -0.02700693  0.13165246  0.08253748  0.22286226 -0.05414303
  -0.09415507 -0.09576701 -0.08035658 -0.02849868 -0.05527959  0.01182304
  -0.0312404  -0.04279672 -0.05179491 -0.04474772 -0.05370623 -0.09121186
   0.09936704  0.15329018 -0.0985896  -0.08506021 -0.01825482  0.02937667
   0.15739433 -0.10641786 -0.0247358  -0.07667501 -0.09577488  0.13081963
  -0.06494848  0.08775136 -0.06034007 -0.04547887 -0.00354795 -0.01171678
  -0.04712611 -0.08516494]
 [-0.05439825 -0.0278966  -0.00253989  0.02851732  0.03686893 -0.02657869
  -0.06404226  0.03313843  0.03469105  0.01702535  0.02110592 -0.09699544
  -0.02458779  0.08704516 -0.11108177  0.02891582  0.0565705   0.03042733
  -0.02450597  0.04642486  0.24993196  0.1689635  -0.05291047  0.20055957
   0.03078158 -0.02593925  0.10227759 -0.037198   -0.02312785 -0.05904238
  -0.08640596  0.02560414 -0.01285118 -0.00450962 -0.04773955  0.01142736
   0.12347583  0.04048759  0.19532013 -0.09121437 -0.03753966 -0.08349221
  -0.07899313  0.05354852  0.13837187 -0.09386155 -0.04109253 -0.08247878
  -0.03495546  0.02130379 -0.11922734  0.16866915  0.16936268 -0.07148338
  -0.01758969  0.14166668 -0.1164724  -0.12349982  0.06678843 -0.03562264
   0.04040381  0.01310934  0.30036986 -0.00574459 -0.0846808   0.18545516
   0.02852775 -0.00765461 -0.03942457  0.02644283  0.10760352 -0.07402619
  -0.02469835 -0.07674256  0.09713951 -0.09409626  0.02442453 -0.05072112
   0.00548156 -0.09475261  0.03197429 -0.01958699 -0.08864613  0.07616743
  -0.03773357 -0.0883118  -0.01470333 -0.01653489 -0.01027427 -0.0598048
  -0.08744641  0.28507277  0.03937843 -0.07764195  0.09526891 -0.01402504
   0.03099006 -0.0969422  -0.05239032  0.05544462 -0.0841362  -0.09361361
  -0.02096113 -0.01088948 -0.07054373 -0.04090159 -0.08746099  0.02032076
  -0.07778627  0.01721625 -0.04865614  0.20070067  0.07872098  0.12783398
   0.03851727  0.01385665 -0.06568279  0.0212137  -0.01154652 -0.00908294
   0.12355085 -0.07012878 -0.0084119  -0.07726554 -0.03769635 -0.01353495
   0.08425176  0.22493319]]
[[ 0.00808462 -0.07229143 -0.07902493 -0.19404861  0.03470886  0.05510486
  -0.06643495 -0.07272409  0.01062868  0.01092581 -0.07934571  0.00756258
   0.15265186 -0.01458958 -0.06398455 -0.04382288 -0.01543251  0.06774176
   0.06701198 -0.02531281  0.2082084   0.06921886 -0.02043881  0.04325457
   0.01853273 -0.08154602  0.13561298 -0.02991802  0.0095369   0.01752937
  -0.04263419 -0.00522749  0.03177217 -0.04349648  0.00957455  0.00744791
   0.03039698 -0.0874095   0.15787268  0.00154316 -0.10384274  0.00096562
  -0.08157393  0.20140044 -0.02324595  0.04738561  0.03609285 -0.04912227
  -0.05014618 -0.03850906 -0.10575863 -0.01486282  0.08984729 -0.05998631
   0.15913613  0.08955615  0.00108309 -0.02519347  0.14642201 -0.10813009
   0.16235575  0.0488985   0.08168352 -0.1444504  -0.00158112  0.03335894
   0.03013184  0.0023877  -0.08259898  0.2990465  -0.05841823 -0.09878551
  -0.02318727 -0.10485331  0.10260987 -0.04687292  0.12148616 -0.02644798
   0.04313625 -0.12180968  0.17200631 -0.05734069 -0.12082091 -0.03464562
   0.05921175 -0.0614609   0.07119852  0.10689291  0.05051795 -0.13313341
  -0.10532688  0.1348321   0.03856352 -0.12203974  0.05761972  0.01960045
   0.07201985 -0.06277434 -0.07137696  0.0841416  -0.10198095 -0.07162763
  -0.02459173  0.02064884 -0.11725281  0.05402496 -0.03490159 -0.02034764
  -0.02611963  0.06245977  0.05396476 -0.01357037  0.27629375  0.00212179
   0.19261351 -0.05586654  0.10500409  0.06231328 -0.03086252 -0.07241852
  -0.04863061 -0.0464271   0.08738266 -0.06967226  0.04410958  0.11274367
   0.11391132 -0.06492422]
 [ 0.17063983 -0.11055814 -0.04008435 -0.12915464  0.04186681 -0.02253814
  -0.10874619 -0.08682259 -0.07639714 -0.03221379 -0.11796565  0.02606054
  -0.13268103  0.14266786 -0.08857498  0.16926    -0.05965481  0.00607132
  -0.03546211  0.1264283  -0.05314937  0.14974801 -0.13582678 -0.0865341
   0.19599037 -0.11043166 -0.01774473  0.02061589 -0.0054538  -0.07672577
  -0.06649072 -0.03732293  0.10824013 -0.00192409  0.01167733  0.00851319
   0.04147195 -0.08404748  0.08359851 -0.05232568 -0.01897814 -0.06485677
  -0.05915476  0.05605179 -0.06362874 -0.10220241  0.13854682 -0.12281238
  -0.06402485  0.16301806 -0.11528462 -0.06163566  0.13930018 -0.04878429
   0.13434735  0.12971997 -0.13182907  0.02393151  0.05359784 -0.08666755
  -0.04264379  0.04688051  0.19423549 -0.0953779   0.10101951  0.13074698
   0.00698074  0.04109449 -0.09805242 -0.00811886 -0.03071092 -0.01343522
   0.09923562 -0.01396576  0.0478083  -0.08049251 -0.06011238 -0.01329142
   0.16115054 -0.09826092 -0.06716416  0.03102728 -0.09916681 -0.02674153
  -0.06615543 -0.0023886  -0.01344451  0.00949764  0.12370978  0.06717443
   0.05316195 -0.02700693  0.13165246  0.08253748  0.22286226 -0.05414303
  -0.09415507 -0.09576701 -0.08035658 -0.02849868 -0.05527959  0.01182304
  -0.0312404  -0.04279672 -0.05179491 -0.04474772 -0.05370623 -0.09121186
   0.09936704  0.15329018 -0.0985896  -0.08506021 -0.01825482  0.02937667
   0.15739433 -0.10641786 -0.0247358  -0.07667501 -0.09577488  0.13081963
  -0.06494848  0.08775136 -0.06034007 -0.04547887 -0.00354795 -0.01171678
  -0.04712611 -0.08516494]
 [-0.05439825 -0.0278966  -0.00253989  0.02851732  0.03686893 -0.02657869
  -0.06404226  0.03313843  0.03469105  0.01702535  0.02110592 -0.09699544
  -0.02458779  0.08704516 -0.11108177  0.02891582  0.0565705   0.03042733
  -0.02450597  0.04642486  0.24993196  0.1689635  -0.05291047  0.20055957
   0.03078158 -0.02593925  0.10227759 -0.037198   -0.02312785 -0.05904238
  -0.08640596  0.02560414 -0.01285118 -0.00450962 -0.04773955  0.01142736
   0.12347583  0.04048759  0.19532013 -0.09121437 -0.03753966 -0.08349221
  -0.07899313  0.05354852  0.13837187 -0.09386155 -0.04109253 -0.08247878
  -0.03495546  0.02130379 -0.11922734  0.16866915  0.16936268 -0.07148338
  -0.01758969  0.14166668 -0.1164724  -0.12349982  0.06678843 -0.03562264
   0.04040381  0.01310934  0.30036986 -0.00574459 -0.0846808   0.18545516
   0.02852775 -0.00765461 -0.03942457  0.02644283  0.10760352 -0.07402619
  -0.02469835 -0.07674256  0.09713951 -0.09409626  0.02442453 -0.05072112
   0.00548156 -0.09475261  0.03197429 -0.01958699 -0.08864613  0.07616743
  -0.03773357 -0.0883118  -0.01470333 -0.01653489 -0.01027427 -0.0598048
  -0.08744641  0.28507277  0.03937843 -0.07764195  0.09526891 -0.01402504
   0.03099006 -0.0969422  -0.05239032  0.05544462 -0.0841362  -0.09361361
  -0.02096113 -0.01088948 -0.07054373 -0.04090159 -0.08746099  0.02032076
  -0.07778627  0.01721625 -0.04865614  0.20070067  0.07872098  0.12783398
   0.03851727  0.01385665 -0.06568279  0.0212137  -0.01154652 -0.00908294
   0.12355085 -0.07012878 -0.0084119  -0.07726554 -0.03769635 -0.01353495
   0.08425176  0.22493319]]
