[[-6.20446950e-02 -1.97562072e-02 -1.60455762e-03  5.00002615e-02
   3.04693803e-02 -5.83579764e-02 -7.10747838e-02  4.49766964e-02
   3.61524471e-05  2.73336191e-02  8.94391909e-03 -9.04808268e-02
  -2.66754702e-02  8.12464729e-02 -1.13310933e-01  2.46955864e-02
   5.79284467e-02 -1.80145737e-03 -3.24729756e-02  4.36986238e-02
   1.85200721e-01  1.60352945e-01 -6.77465796e-02  2.28586853e-01
   2.08117459e-02 -1.46702304e-02  6.82624280e-02 -4.06778641e-02
  -4.29948308e-02 -5.64970411e-02 -9.17895511e-02  1.74560826e-02
  -1.75981014e-03  1.61478650e-02 -4.63768207e-02  4.44021216e-03
   1.27732754e-01  4.39970158e-02  1.43581480e-01 -9.17742327e-02
  -2.02277582e-03 -8.94795656e-02 -7.06863850e-02  3.54979597e-02
   1.45918518e-01 -9.32749063e-02 -3.59717086e-02 -8.56144577e-02
  -3.60451192e-02  1.53861241e-02 -1.20721199e-01  1.99845508e-01
   1.14872374e-01 -6.34168833e-02 -2.14013532e-02  1.43783480e-01
  -1.24445692e-01 -1.28845870e-01  7.96838105e-02 -1.85262822e-02
   1.79623142e-02 -1.15599567e-02  2.74149388e-01  6.19194843e-03
  -8.90474766e-02  1.88347593e-01  1.89721230e-02 -5.11032902e-03
  -4.00141180e-02 -3.18005010e-02  1.56787023e-01 -7.84935504e-02
  -4.37368825e-02 -7.13676885e-02  1.15866557e-01 -7.74819180e-02
  -1.60015281e-02 -5.84981106e-02 -1.18304053e-02 -9.07616094e-02
   6.33633956e-02  1.96290500e-02 -8.84510279e-02  6.54432774e-02
  -6.32390901e-02 -7.51676485e-02  2.65175872e-03 -2.25814357e-02
  -1.48430075e-02 -5.65397441e-02 -9.48196426e-02  2.95919746e-01
   3.66257615e-02 -6.78854212e-02  8.79294276e-02 -3.15321572e-02
   1.20114069e-02 -9.90912989e-02 -5.34644797e-02  5.32659255e-02
  -7.35280439e-02 -9.27021205e-02 -2.03064643e-02 -2.29340754e-02
  -7.01798275e-02 -4.72713262e-02 -8.80206227e-02 -2.88600335e-03
  -8.50039423e-02 -8.51816905e-04 -6.81127906e-02  2.31007352e-01
   4.59086820e-02  1.49047539e-01  5.65964207e-02 -1.97508801e-02
  -6.25934303e-02 -1.53925894e-02  1.49989640e-02 -1.50600383e-02
   1.00977212e-01 -7.37156719e-02 -3.84397879e-02 -7.48748779e-02
  -4.39353138e-02  1.03895338e-02  9.83416140e-02  2.49147013e-01]
 [ 1.35804713e-01 -1.04024716e-01 -4.56857756e-02 -1.26048356e-01
  -8.87575373e-03 -3.12070958e-02 -1.04399599e-01 -6.48048595e-02
  -4.81183343e-02 -1.47679476e-02 -1.11864701e-01  2.50950083e-03
  -1.21483468e-01  1.04794599e-01 -9.05820802e-02  1.90029591e-01
  -8.16381201e-02  8.78522824e-03 -4.06101793e-02  1.29303187e-01
  -1.53127462e-02  1.48087472e-01 -1.42310143e-01 -1.04559556e-01
   2.13139847e-01 -1.05515391e-01  3.40682385e-03 -6.85906224e-03
   8.22231025e-02 -7.70454705e-02 -6.19956404e-02 -1.59985609e-02
   1.03551913e-02 -1.19535085e-02  2.59221569e-02  1.79129336e-02
   4.62058047e-03 -9.05439407e-02  1.39603019e-01 -1.73833724e-02
  -6.88767284e-02 -3.77866365e-02 -6.19036034e-02  9.65936556e-02
  -7.45512247e-02 -1.08313799e-01  1.01222396e-01 -1.18509360e-01
  -5.67656606e-02  1.14342086e-01 -1.24807306e-01 -5.40325232e-02
   2.15662688e-01 -2.09000409e-02  8.73939618e-02  1.28739491e-01
  -1.17680974e-01  4.42101136e-02  1.04989462e-01 -1.01202466e-01
   1.61252338e-02  5.16781025e-02  1.89827874e-01 -1.06841959e-01
   1.45303026e-01  1.66404277e-01  4.28447425e-02  3.88037525e-02
  -1.12190567e-01  2.71676388e-02 -4.12423722e-02  1.72568187e-02
   8.48395973e-02 -1.49734011e-02  5.77429011e-02 -6.00679629e-02
  -3.08771133e-02 -1.77207794e-02  2.08647594e-01 -9.19440761e-02
  -7.70621896e-02  3.48862633e-02 -1.02637485e-01 -1.75088048e-02
  -5.61235771e-02 -5.80557585e-02 -3.51391453e-03  2.35667881e-02
   1.72546044e-01  6.78352863e-02  9.56490189e-02  1.54643888e-02
   1.22288898e-01 -1.95861850e-02  1.79858640e-01 -7.58051053e-02
  -8.64402875e-02 -1.03015475e-01 -8.70281383e-02  4.90153916e-02
  -6.22693896e-02  5.82606941e-02 -4.35976386e-02  1.47215053e-02
  -5.46097644e-02 -2.44543888e-02 -7.59751350e-02 -7.07443878e-02
   9.02388021e-02  1.23056419e-01 -9.12904590e-02 -6.94878921e-02
   1.03577301e-02 -9.68361273e-03  8.19335356e-02 -8.93740878e-02
  -4.40490842e-02 -3.11118178e-02 -9.41497982e-02  8.26275498e-02
  -5.50411008e-02  1.23014644e-01 -5.70797995e-02 -6.34806678e-02
   2.88664945e-03  1.14811091e-02 -6.04236983e-02 -8.76823887e-02]]
[[-6.20446950e-02 -1.97562072e-02 -1.60455762e-03  5.00002615e-02
   3.04693803e-02 -5.83579764e-02 -7.10747838e-02  4.49766964e-02
   3.61524471e-05  2.73336191e-02  8.94391909e-03 -9.04808268e-02
  -2.66754702e-02  8.12464729e-02 -1.13310933e-01  2.46955864e-02
   5.79284467e-02 -1.80145737e-03 -3.24729756e-02  4.36986238e-02
   1.85200721e-01  1.60352945e-01 -6.77465796e-02  2.28586853e-01
   2.08117459e-02 -1.46702304e-02  6.82624280e-02 -4.06778641e-02
  -4.29948308e-02 -5.64970411e-02 -9.17895511e-02  1.74560826e-02
  -1.75981014e-03  1.61478650e-02 -4.63768207e-02  4.44021216e-03
   1.27732754e-01  4.39970158e-02  1.43581480e-01 -9.17742327e-02
  -2.02277582e-03 -8.94795656e-02 -7.06863850e-02  3.54979597e-02
   1.45918518e-01 -9.32749063e-02 -3.59717086e-02 -8.56144577e-02
  -3.60451192e-02  1.53861241e-02 -1.20721199e-01  1.99845508e-01
   1.14872374e-01 -6.34168833e-02 -2.14013532e-02  1.43783480e-01
  -1.24445692e-01 -1.28845870e-01  7.96838105e-02 -1.85262822e-02
   1.79623142e-02 -1.15599567e-02  2.74149388e-01  6.19194843e-03
  -8.90474766e-02  1.88347593e-01  1.89721230e-02 -5.11032902e-03
  -4.00141180e-02 -3.18005010e-02  1.56787023e-01 -7.84935504e-02
  -4.37368825e-02 -7.13676885e-02  1.15866557e-01 -7.74819180e-02
  -1.60015281e-02 -5.84981106e-02 -1.18304053e-02 -9.07616094e-02
   6.33633956e-02  1.96290500e-02 -8.84510279e-02  6.54432774e-02
  -6.32390901e-02 -7.51676485e-02  2.65175872e-03 -2.25814357e-02
  -1.48430075e-02 -5.65397441e-02 -9.48196426e-02  2.95919746e-01
   3.66257615e-02 -6.78854212e-02  8.79294276e-02 -3.15321572e-02
   1.20114069e-02 -9.90912989e-02 -5.34644797e-02  5.32659255e-02
  -7.35280439e-02 -9.27021205e-02 -2.03064643e-02 -2.29340754e-02
  -7.01798275e-02 -4.72713262e-02 -8.80206227e-02 -2.88600335e-03
  -8.50039423e-02 -8.51816905e-04 -6.81127906e-02  2.31007352e-01
   4.59086820e-02  1.49047539e-01  5.65964207e-02 -1.97508801e-02
  -6.25934303e-02 -1.53925894e-02  1.49989640e-02 -1.50600383e-02
   1.00977212e-01 -7.37156719e-02 -3.84397879e-02 -7.48748779e-02
  -4.39353138e-02  1.03895338e-02  9.83416140e-02  2.49147013e-01]
 [ 1.35804713e-01 -1.04024716e-01 -4.56857756e-02 -1.26048356e-01
  -8.87575373e-03 -3.12070958e-02 -1.04399599e-01 -6.48048595e-02
  -4.81183343e-02 -1.47679476e-02 -1.11864701e-01  2.50950083e-03
  -1.21483468e-01  1.04794599e-01 -9.05820802e-02  1.90029591e-01
  -8.16381201e-02  8.78522824e-03 -4.06101793e-02  1.29303187e-01
  -1.53127462e-02  1.48087472e-01 -1.42310143e-01 -1.04559556e-01
   2.13139847e-01 -1.05515391e-01  3.40682385e-03 -6.85906224e-03
   8.22231025e-02 -7.70454705e-02 -6.19956404e-02 -1.59985609e-02
   1.03551913e-02 -1.19535085e-02  2.59221569e-02  1.79129336e-02
   4.62058047e-03 -9.05439407e-02  1.39603019e-01 -1.73833724e-02
  -6.88767284e-02 -3.77866365e-02 -6.19036034e-02  9.65936556e-02
  -7.45512247e-02 -1.08313799e-01  1.01222396e-01 -1.18509360e-01
  -5.67656606e-02  1.14342086e-01 -1.24807306e-01 -5.40325232e-02
   2.15662688e-01 -2.09000409e-02  8.73939618e-02  1.28739491e-01
  -1.17680974e-01  4.42101136e-02  1.04989462e-01 -1.01202466e-01
   1.61252338e-02  5.16781025e-02  1.89827874e-01 -1.06841959e-01
   1.45303026e-01  1.66404277e-01  4.28447425e-02  3.88037525e-02
  -1.12190567e-01  2.71676388e-02 -4.12423722e-02  1.72568187e-02
   8.48395973e-02 -1.49734011e-02  5.77429011e-02 -6.00679629e-02
  -3.08771133e-02 -1.77207794e-02  2.08647594e-01 -9.19440761e-02
  -7.70621896e-02  3.48862633e-02 -1.02637485e-01 -1.75088048e-02
  -5.61235771e-02 -5.80557585e-02 -3.51391453e-03  2.35667881e-02
   1.72546044e-01  6.78352863e-02  9.56490189e-02  1.54643888e-02
   1.22288898e-01 -1.95861850e-02  1.79858640e-01 -7.58051053e-02
  -8.64402875e-02 -1.03015475e-01 -8.70281383e-02  4.90153916e-02
  -6.22693896e-02  5.82606941e-02 -4.35976386e-02  1.47215053e-02
  -5.46097644e-02 -2.44543888e-02 -7.59751350e-02 -7.07443878e-02
   9.02388021e-02  1.23056419e-01 -9.12904590e-02 -6.94878921e-02
   1.03577301e-02 -9.68361273e-03  8.19335356e-02 -8.93740878e-02
  -4.40490842e-02 -3.11118178e-02 -9.41497982e-02  8.26275498e-02
  -5.50411008e-02  1.23014644e-01 -5.70797995e-02 -6.34806678e-02
   2.88664945e-03  1.14811091e-02 -6.04236983e-02 -8.76823887e-02]]
[[-6.20446950e-02 -1.97562072e-02 -1.60455762e-03  5.00002615e-02
   3.04693803e-02 -5.83579764e-02 -7.10747838e-02  4.49766964e-02
   3.61524471e-05  2.73336191e-02  8.94391909e-03 -9.04808268e-02
  -2.66754702e-02  8.12464729e-02 -1.13310933e-01  2.46955864e-02
   5.79284467e-02 -1.80145737e-03 -3.24729756e-02  4.36986238e-02
   1.85200721e-01  1.60352945e-01 -6.77465796e-02  2.28586853e-01
   2.08117459e-02 -1.46702304e-02  6.82624280e-02 -4.06778641e-02
  -4.29948308e-02 -5.64970411e-02 -9.17895511e-02  1.74560826e-02
  -1.75981014e-03  1.61478650e-02 -4.63768207e-02  4.44021216e-03
   1.27732754e-01  4.39970158e-02  1.43581480e-01 -9.17742327e-02
  -2.02277582e-03 -8.94795656e-02 -7.06863850e-02  3.54979597e-02
   1.45918518e-01 -9.32749063e-02 -3.59717086e-02 -8.56144577e-02
  -3.60451192e-02  1.53861241e-02 -1.20721199e-01  1.99845508e-01
   1.14872374e-01 -6.34168833e-02 -2.14013532e-02  1.43783480e-01
  -1.24445692e-01 -1.28845870e-01  7.96838105e-02 -1.85262822e-02
   1.79623142e-02 -1.15599567e-02  2.74149388e-01  6.19194843e-03
  -8.90474766e-02  1.88347593e-01  1.89721230e-02 -5.11032902e-03
  -4.00141180e-02 -3.18005010e-02  1.56787023e-01 -7.84935504e-02
  -4.37368825e-02 -7.13676885e-02  1.15866557e-01 -7.74819180e-02
  -1.60015281e-02 -5.84981106e-02 -1.18304053e-02 -9.07616094e-02
   6.33633956e-02  1.96290500e-02 -8.84510279e-02  6.54432774e-02
  -6.32390901e-02 -7.51676485e-02  2.65175872e-03 -2.25814357e-02
  -1.48430075e-02 -5.65397441e-02 -9.48196426e-02  2.95919746e-01
   3.66257615e-02 -6.78854212e-02  8.79294276e-02 -3.15321572e-02
   1.20114069e-02 -9.90912989e-02 -5.34644797e-02  5.32659255e-02
  -7.35280439e-02 -9.27021205e-02 -2.03064643e-02 -2.29340754e-02
  -7.01798275e-02 -4.72713262e-02 -8.80206227e-02 -2.88600335e-03
  -8.50039423e-02 -8.51816905e-04 -6.81127906e-02  2.31007352e-01
   4.59086820e-02  1.49047539e-01  5.65964207e-02 -1.97508801e-02
  -6.25934303e-02 -1.53925894e-02  1.49989640e-02 -1.50600383e-02
   1.00977212e-01 -7.37156719e-02 -3.84397879e-02 -7.48748779e-02
  -4.39353138e-02  1.03895338e-02  9.83416140e-02  2.49147013e-01]
 [ 1.35804713e-01 -1.04024716e-01 -4.56857756e-02 -1.26048356e-01
  -8.87575373e-03 -3.12070958e-02 -1.04399599e-01 -6.48048595e-02
  -4.81183343e-02 -1.47679476e-02 -1.11864701e-01  2.50950083e-03
  -1.21483468e-01  1.04794599e-01 -9.05820802e-02  1.90029591e-01
  -8.16381201e-02  8.78522824e-03 -4.06101793e-02  1.29303187e-01
  -1.53127462e-02  1.48087472e-01 -1.42310143e-01 -1.04559556e-01
   2.13139847e-01 -1.05515391e-01  3.40682385e-03 -6.85906224e-03
   8.22231025e-02 -7.70454705e-02 -6.19956404e-02 -1.59985609e-02
   1.03551913e-02 -1.19535085e-02  2.59221569e-02  1.79129336e-02
   4.62058047e-03 -9.05439407e-02  1.39603019e-01 -1.73833724e-02
  -6.88767284e-02 -3.77866365e-02 -6.19036034e-02  9.65936556e-02
  -7.45512247e-02 -1.08313799e-01  1.01222396e-01 -1.18509360e-01
  -5.67656606e-02  1.14342086e-01 -1.24807306e-01 -5.40325232e-02
   2.15662688e-01 -2.09000409e-02  8.73939618e-02  1.28739491e-01
  -1.17680974e-01  4.42101136e-02  1.04989462e-01 -1.01202466e-01
   1.61252338e-02  5.16781025e-02  1.89827874e-01 -1.06841959e-01
   1.45303026e-01  1.66404277e-01  4.28447425e-02  3.88037525e-02
  -1.12190567e-01  2.71676388e-02 -4.12423722e-02  1.72568187e-02
   8.48395973e-02 -1.49734011e-02  5.77429011e-02 -6.00679629e-02
  -3.08771133e-02 -1.77207794e-02  2.08647594e-01 -9.19440761e-02
  -7.70621896e-02  3.48862633e-02 -1.02637485e-01 -1.75088048e-02
  -5.61235771e-02 -5.80557585e-02 -3.51391453e-03  2.35667881e-02
   1.72546044e-01  6.78352863e-02  9.56490189e-02  1.54643888e-02
   1.22288898e-01 -1.95861850e-02  1.79858640e-01 -7.58051053e-02
  -8.64402875e-02 -1.03015475e-01 -8.70281383e-02  4.90153916e-02
  -6.22693896e-02  5.82606941e-02 -4.35976386e-02  1.47215053e-02
  -5.46097644e-02 -2.44543888e-02 -7.59751350e-02 -7.07443878e-02
   9.02388021e-02  1.23056419e-01 -9.12904590e-02 -6.94878921e-02
   1.03577301e-02 -9.68361273e-03  8.19335356e-02 -8.93740878e-02
  -4.40490842e-02 -3.11118178e-02 -9.41497982e-02  8.26275498e-02
  -5.50411008e-02  1.23014644e-01 -5.70797995e-02 -6.34806678e-02
   2.88664945e-03  1.14811091e-02 -6.04236983e-02 -8.76823887e-02]]
