[[-4.68661040e-02 -5.39113730e-02 -3.14065511e-03  2.55724806e-02
   4.32720743e-02 -2.55378410e-02 -6.65020570e-02  3.31929699e-02
  -2.56922487e-02 -1.71536990e-02  6.49480000e-02 -9.76057798e-02
  -6.48288131e-02  1.17648095e-01 -1.10861182e-01 -2.92514134e-02
   1.16706081e-01  3.81584391e-02 -5.42800874e-02  1.09870150e-03
   2.07772925e-01  2.26822883e-01 -9.83122736e-03  2.23257810e-01
  -1.06073124e-02 -6.23865798e-03  4.72731926e-02 -3.01298723e-02
  -5.64216785e-02 -5.57056405e-02 -8.95078704e-02 -4.14742576e-03
   2.35320311e-02  1.64425839e-02  8.12079757e-03 -1.21630775e-02
   9.18194652e-02  7.27086738e-02  7.65687972e-02 -7.05252737e-02
   2.49374714e-02 -9.43629444e-02 -7.56716877e-02  4.13635634e-02
   1.41663700e-01 -9.24297571e-02 -3.23309265e-02 -8.60393718e-02
  -3.60998921e-02  4.19218652e-02 -1.17140122e-01  1.13389879e-01
   1.38217986e-01 -4.44378592e-02  2.24499460e-02  1.24087237e-01
  -1.26959831e-01 -1.34527758e-01  5.55907153e-02 -3.52724120e-02
  -4.83736917e-02 -1.83450319e-02  3.00385207e-01  3.04406695e-02
  -8.17352980e-02  2.09693953e-01 -1.95123516e-02 -2.08270177e-02
  -2.07371023e-02 -3.80509533e-02  1.91530660e-01 -7.20250160e-02
  -3.84801850e-02 -6.16202988e-02  8.42310935e-02 -7.75861070e-02
  -4.82111908e-02 -5.57773821e-02 -3.54477316e-02 -6.52276725e-02
   5.51793315e-02  2.63065267e-02 -7.82033131e-02  7.28737116e-02
  -6.04843013e-02 -1.04913823e-02 -4.71206941e-03 -1.42629920e-02
   1.03079006e-02 -7.72288591e-02 -7.48274401e-02  2.83165991e-01
   5.44996299e-02 -4.52834442e-02  9.10038799e-02 -1.06467288e-02
   4.15366963e-02 -9.65140164e-02 -6.86350688e-02  2.23119557e-02
  -5.68565466e-02 -9.82561931e-02 -1.00504374e-02 -1.65539160e-02
  -4.27461155e-02 -3.38173658e-02 -7.95826614e-02  2.60007661e-02
  -8.33092332e-02  1.58322025e-02 -6.37838915e-02  1.66538656e-01
   2.52521299e-02  1.97845191e-01  7.86929298e-03  2.12664064e-02
  -5.54989800e-02 -5.26724942e-02 -2.43297592e-02  2.44499817e-02
   1.34818435e-01 -6.72998801e-02 -3.97258550e-02 -7.15696067e-02
  -6.44816682e-02 -1.59420650e-02  1.15462616e-01  2.43982330e-01]
 [ 1.29422441e-01 -1.01662666e-01 -4.03319262e-02 -1.06762283e-01
  -1.48933958e-02 -2.26758160e-02 -1.02764800e-01 -3.63084190e-02
  -7.67982900e-02 -5.71993238e-04 -1.15258917e-01  4.17763786e-03
  -1.21923260e-01  7.84726962e-02 -6.15672730e-02  2.27101147e-01
  -4.84333076e-02  2.81956076e-04  4.37759189e-03  1.75509915e-01
   4.14448492e-02  1.32720113e-01 -1.41635418e-01 -9.23835561e-02
   1.83330938e-01 -1.08767211e-01  2.14307988e-03 -7.11954106e-03
   4.99409102e-02 -8.07329118e-02 -3.12686898e-02  3.84877622e-02
   2.12123878e-02 -5.04019447e-02  5.60915619e-02  2.97389738e-02
   2.38231998e-02 -9.29533839e-02  1.92956358e-01  2.39647105e-02
  -4.15231138e-02  3.65386996e-03 -7.66072199e-02  2.86780987e-02
  -7.69853219e-02 -9.49272811e-02  1.33689120e-01 -1.13852210e-01
  -4.39369790e-02  1.15427360e-01 -9.19124410e-02 -2.17561349e-02
   2.02765718e-01 -4.08776328e-02  6.42705634e-02  1.59163222e-01
  -1.17291532e-01  6.53113797e-02  1.15280837e-01 -8.07217211e-02
   1.51450234e-02  6.92045614e-02  1.38944343e-01 -1.18369490e-01
   2.05337062e-01  1.18527658e-01  3.41808982e-02  2.10832600e-02
  -1.17164426e-01  8.31073523e-02 -2.65695956e-02  9.20023471e-02
   3.79274413e-02 -2.72913910e-02  4.98927459e-02 -2.85311118e-02
   1.41088190e-02  6.60421252e-02  2.45743677e-01 -5.34191951e-02
  -7.82116801e-02  1.76268704e-02 -1.03588805e-01  1.79454277e-03
  -3.75992581e-02 -1.04862221e-01  4.84252870e-02 -1.16212936e-02
   1.40889436e-01  3.41537967e-02  1.32960573e-01 -7.94337876e-03
   1.56525090e-01 -1.18246702e-02  1.20382346e-01 -8.84247273e-02
  -7.25483969e-02 -9.54100117e-02 -6.77367300e-02  2.34099776e-02
  -6.62391409e-02  7.41848722e-02 -7.61010274e-02 -4.74756695e-02
  -9.17222276e-02  1.92463608e-03 -6.04345016e-02 -2.31094705e-03
   4.38067690e-02  1.48607507e-01 -9.93829370e-02 -4.84817252e-02
   1.64253730e-02 -2.54077893e-02  5.91431931e-02 -7.49540851e-02
  -2.20885463e-02 -2.70865522e-02 -8.59082788e-02  1.36314586e-01
  -2.85882410e-02  1.03803359e-01 -5.37836403e-02 -4.63101231e-02
   4.16828468e-02  6.15510046e-02 -3.23613212e-02 -8.91916826e-02]]
[[-4.68661040e-02 -5.39113730e-02 -3.14065511e-03  2.55724806e-02
   4.32720743e-02 -2.55378410e-02 -6.65020570e-02  3.31929699e-02
  -2.56922487e-02 -1.71536990e-02  6.49480000e-02 -9.76057798e-02
  -6.48288131e-02  1.17648095e-01 -1.10861182e-01 -2.92514134e-02
   1.16706081e-01  3.81584391e-02 -5.42800874e-02  1.09870150e-03
   2.07772925e-01  2.26822883e-01 -9.83122736e-03  2.23257810e-01
  -1.06073124e-02 -6.23865798e-03  4.72731926e-02 -3.01298723e-02
  -5.64216785e-02 -5.57056405e-02 -8.95078704e-02 -4.14742576e-03
   2.35320311e-02  1.64425839e-02  8.12079757e-03 -1.21630775e-02
   9.18194652e-02  7.27086738e-02  7.65687972e-02 -7.05252737e-02
   2.49374714e-02 -9.43629444e-02 -7.56716877e-02  4.13635634e-02
   1.41663700e-01 -9.24297571e-02 -3.23309265e-02 -8.60393718e-02
  -3.60998921e-02  4.19218652e-02 -1.17140122e-01  1.13389879e-01
   1.38217986e-01 -4.44378592e-02  2.24499460e-02  1.24087237e-01
  -1.26959831e-01 -1.34527758e-01  5.55907153e-02 -3.52724120e-02
  -4.83736917e-02 -1.83450319e-02  3.00385207e-01  3.04406695e-02
  -8.17352980e-02  2.09693953e-01 -1.95123516e-02 -2.08270177e-02
  -2.07371023e-02 -3.80509533e-02  1.91530660e-01 -7.20250160e-02
  -3.84801850e-02 -6.16202988e-02  8.42310935e-02 -7.75861070e-02
  -4.82111908e-02 -5.57773821e-02 -3.54477316e-02 -6.52276725e-02
   5.51793315e-02  2.63065267e-02 -7.82033131e-02  7.28737116e-02
  -6.04843013e-02 -1.04913823e-02 -4.71206941e-03 -1.42629920e-02
   1.03079006e-02 -7.72288591e-02 -7.48274401e-02  2.83165991e-01
   5.44996299e-02 -4.52834442e-02  9.10038799e-02 -1.06467288e-02
   4.15366963e-02 -9.65140164e-02 -6.86350688e-02  2.23119557e-02
  -5.68565466e-02 -9.82561931e-02 -1.00504374e-02 -1.65539160e-02
  -4.27461155e-02 -3.38173658e-02 -7.95826614e-02  2.60007661e-02
  -8.33092332e-02  1.58322025e-02 -6.37838915e-02  1.66538656e-01
   2.52521299e-02  1.97845191e-01  7.86929298e-03  2.12664064e-02
  -5.54989800e-02 -5.26724942e-02 -2.43297592e-02  2.44499817e-02
   1.34818435e-01 -6.72998801e-02 -3.97258550e-02 -7.15696067e-02
  -6.44816682e-02 -1.59420650e-02  1.15462616e-01  2.43982330e-01]
 [ 1.29422441e-01 -1.01662666e-01 -4.03319262e-02 -1.06762283e-01
  -1.48933958e-02 -2.26758160e-02 -1.02764800e-01 -3.63084190e-02
  -7.67982900e-02 -5.71993238e-04 -1.15258917e-01  4.17763786e-03
  -1.21923260e-01  7.84726962e-02 -6.15672730e-02  2.27101147e-01
  -4.84333076e-02  2.81956076e-04  4.37759189e-03  1.75509915e-01
   4.14448492e-02  1.32720113e-01 -1.41635418e-01 -9.23835561e-02
   1.83330938e-01 -1.08767211e-01  2.14307988e-03 -7.11954106e-03
   4.99409102e-02 -8.07329118e-02 -3.12686898e-02  3.84877622e-02
   2.12123878e-02 -5.04019447e-02  5.60915619e-02  2.97389738e-02
   2.38231998e-02 -9.29533839e-02  1.92956358e-01  2.39647105e-02
  -4.15231138e-02  3.65386996e-03 -7.66072199e-02  2.86780987e-02
  -7.69853219e-02 -9.49272811e-02  1.33689120e-01 -1.13852210e-01
  -4.39369790e-02  1.15427360e-01 -9.19124410e-02 -2.17561349e-02
   2.02765718e-01 -4.08776328e-02  6.42705634e-02  1.59163222e-01
  -1.17291532e-01  6.53113797e-02  1.15280837e-01 -8.07217211e-02
   1.51450234e-02  6.92045614e-02  1.38944343e-01 -1.18369490e-01
   2.05337062e-01  1.18527658e-01  3.41808982e-02  2.10832600e-02
  -1.17164426e-01  8.31073523e-02 -2.65695956e-02  9.20023471e-02
   3.79274413e-02 -2.72913910e-02  4.98927459e-02 -2.85311118e-02
   1.41088190e-02  6.60421252e-02  2.45743677e-01 -5.34191951e-02
  -7.82116801e-02  1.76268704e-02 -1.03588805e-01  1.79454277e-03
  -3.75992581e-02 -1.04862221e-01  4.84252870e-02 -1.16212936e-02
   1.40889436e-01  3.41537967e-02  1.32960573e-01 -7.94337876e-03
   1.56525090e-01 -1.18246702e-02  1.20382346e-01 -8.84247273e-02
  -7.25483969e-02 -9.54100117e-02 -6.77367300e-02  2.34099776e-02
  -6.62391409e-02  7.41848722e-02 -7.61010274e-02 -4.74756695e-02
  -9.17222276e-02  1.92463608e-03 -6.04345016e-02 -2.31094705e-03
   4.38067690e-02  1.48607507e-01 -9.93829370e-02 -4.84817252e-02
   1.64253730e-02 -2.54077893e-02  5.91431931e-02 -7.49540851e-02
  -2.20885463e-02 -2.70865522e-02 -8.59082788e-02  1.36314586e-01
  -2.85882410e-02  1.03803359e-01 -5.37836403e-02 -4.63101231e-02
   4.16828468e-02  6.15510046e-02 -3.23613212e-02 -8.91916826e-02]]
[[-4.68661040e-02 -5.39113730e-02 -3.14065511e-03  2.55724806e-02
   4.32720743e-02 -2.55378410e-02 -6.65020570e-02  3.31929699e-02
  -2.56922487e-02 -1.71536990e-02  6.49480000e-02 -9.76057798e-02
  -6.48288131e-02  1.17648095e-01 -1.10861182e-01 -2.92514134e-02
   1.16706081e-01  3.81584391e-02 -5.42800874e-02  1.09870150e-03
   2.07772925e-01  2.26822883e-01 -9.83122736e-03  2.23257810e-01
  -1.06073124e-02 -6.23865798e-03  4.72731926e-02 -3.01298723e-02
  -5.64216785e-02 -5.57056405e-02 -8.95078704e-02 -4.14742576e-03
   2.35320311e-02  1.64425839e-02  8.12079757e-03 -1.21630775e-02
   9.18194652e-02  7.27086738e-02  7.65687972e-02 -7.05252737e-02
   2.49374714e-02 -9.43629444e-02 -7.56716877e-02  4.13635634e-02
   1.41663700e-01 -9.24297571e-02 -3.23309265e-02 -8.60393718e-02
  -3.60998921e-02  4.19218652e-02 -1.17140122e-01  1.13389879e-01
   1.38217986e-01 -4.44378592e-02  2.24499460e-02  1.24087237e-01
  -1.26959831e-01 -1.34527758e-01  5.55907153e-02 -3.52724120e-02
  -4.83736917e-02 -1.83450319e-02  3.00385207e-01  3.04406695e-02
  -8.17352980e-02  2.09693953e-01 -1.95123516e-02 -2.08270177e-02
  -2.07371023e-02 -3.80509533e-02  1.91530660e-01 -7.20250160e-02
  -3.84801850e-02 -6.16202988e-02  8.42310935e-02 -7.75861070e-02
  -4.82111908e-02 -5.57773821e-02 -3.54477316e-02 -6.52276725e-02
   5.51793315e-02  2.63065267e-02 -7.82033131e-02  7.28737116e-02
  -6.04843013e-02 -1.04913823e-02 -4.71206941e-03 -1.42629920e-02
   1.03079006e-02 -7.72288591e-02 -7.48274401e-02  2.83165991e-01
   5.44996299e-02 -4.52834442e-02  9.10038799e-02 -1.06467288e-02
   4.15366963e-02 -9.65140164e-02 -6.86350688e-02  2.23119557e-02
  -5.68565466e-02 -9.82561931e-02 -1.00504374e-02 -1.65539160e-02
  -4.27461155e-02 -3.38173658e-02 -7.95826614e-02  2.60007661e-02
  -8.33092332e-02  1.58322025e-02 -6.37838915e-02  1.66538656e-01
   2.52521299e-02  1.97845191e-01  7.86929298e-03  2.12664064e-02
  -5.54989800e-02 -5.26724942e-02 -2.43297592e-02  2.44499817e-02
   1.34818435e-01 -6.72998801e-02 -3.97258550e-02 -7.15696067e-02
  -6.44816682e-02 -1.59420650e-02  1.15462616e-01  2.43982330e-01]
 [ 1.29422441e-01 -1.01662666e-01 -4.03319262e-02 -1.06762283e-01
  -1.48933958e-02 -2.26758160e-02 -1.02764800e-01 -3.63084190e-02
  -7.67982900e-02 -5.71993238e-04 -1.15258917e-01  4.17763786e-03
  -1.21923260e-01  7.84726962e-02 -6.15672730e-02  2.27101147e-01
  -4.84333076e-02  2.81956076e-04  4.37759189e-03  1.75509915e-01
   4.14448492e-02  1.32720113e-01 -1.41635418e-01 -9.23835561e-02
   1.83330938e-01 -1.08767211e-01  2.14307988e-03 -7.11954106e-03
   4.99409102e-02 -8.07329118e-02 -3.12686898e-02  3.84877622e-02
   2.12123878e-02 -5.04019447e-02  5.60915619e-02  2.97389738e-02
   2.38231998e-02 -9.29533839e-02  1.92956358e-01  2.39647105e-02
  -4.15231138e-02  3.65386996e-03 -7.66072199e-02  2.86780987e-02
  -7.69853219e-02 -9.49272811e-02  1.33689120e-01 -1.13852210e-01
  -4.39369790e-02  1.15427360e-01 -9.19124410e-02 -2.17561349e-02
   2.02765718e-01 -4.08776328e-02  6.42705634e-02  1.59163222e-01
  -1.17291532e-01  6.53113797e-02  1.15280837e-01 -8.07217211e-02
   1.51450234e-02  6.92045614e-02  1.38944343e-01 -1.18369490e-01
   2.05337062e-01  1.18527658e-01  3.41808982e-02  2.10832600e-02
  -1.17164426e-01  8.31073523e-02 -2.65695956e-02  9.20023471e-02
   3.79274413e-02 -2.72913910e-02  4.98927459e-02 -2.85311118e-02
   1.41088190e-02  6.60421252e-02  2.45743677e-01 -5.34191951e-02
  -7.82116801e-02  1.76268704e-02 -1.03588805e-01  1.79454277e-03
  -3.75992581e-02 -1.04862221e-01  4.84252870e-02 -1.16212936e-02
   1.40889436e-01  3.41537967e-02  1.32960573e-01 -7.94337876e-03
   1.56525090e-01 -1.18246702e-02  1.20382346e-01 -8.84247273e-02
  -7.25483969e-02 -9.54100117e-02 -6.77367300e-02  2.34099776e-02
  -6.62391409e-02  7.41848722e-02 -7.61010274e-02 -4.74756695e-02
  -9.17222276e-02  1.92463608e-03 -6.04345016e-02 -2.31094705e-03
   4.38067690e-02  1.48607507e-01 -9.93829370e-02 -4.84817252e-02
   1.64253730e-02 -2.54077893e-02  5.91431931e-02 -7.49540851e-02
  -2.20885463e-02 -2.70865522e-02 -8.59082788e-02  1.36314586e-01
  -2.85882410e-02  1.03803359e-01 -5.37836403e-02 -4.63101231e-02
   4.16828468e-02  6.15510046e-02 -3.23613212e-02 -8.91916826e-02]]
