[[-0.04652251 -0.0572223  -0.00424706  0.01402935  0.04942933 -0.02669522
  -0.06786609  0.02963174 -0.02762381 -0.01638485  0.06203709 -0.10053775
  -0.06070498  0.11820621 -0.11100491 -0.02076764  0.11857229  0.03416728
  -0.05632559  0.00723699  0.22182441  0.22490741 -0.00959568  0.22274134
  -0.00109025 -0.00777273  0.04129487 -0.03489343 -0.05545546 -0.0594399
  -0.0878111  -0.0043305   0.03336517  0.01973665  0.01299828 -0.0232315
   0.09742849  0.07605214  0.08967628 -0.06476129  0.01975868 -0.09331072
  -0.08042057  0.05186414  0.12608437 -0.09220611 -0.02466928 -0.08760016
  -0.04245582  0.04477119 -0.11562848  0.09680501  0.14270552 -0.04523932
   0.03277273  0.1295881  -0.12302279 -0.12071374  0.06107739 -0.03946637
  -0.05085443 -0.01647341  0.30044702  0.02495715 -0.08045043  0.21288642
  -0.0188998  -0.02448051 -0.03030518 -0.03550742  0.18668662 -0.0720514
  -0.04455261 -0.06118733  0.08482799 -0.07226744 -0.04578385 -0.05633491
  -0.03608017 -0.06439889  0.0646702   0.0299001  -0.07990759  0.0774042
  -0.0638154  -0.01584023 -0.00892318 -0.00899828  0.00948591 -0.07830551
  -0.07019988  0.2875597   0.06112582 -0.04607252  0.10074876 -0.01152135
   0.03387639 -0.0950327  -0.07232112  0.02897557 -0.05449721 -0.09739645
  -0.01796627 -0.01745934 -0.03410816 -0.04135325 -0.08065325  0.02876217
  -0.08322302  0.01528837 -0.06572064  0.15694314  0.03359405  0.18826194
   0.02212973  0.01571948 -0.05915872 -0.05062839 -0.02679474  0.0299914
   0.13093118 -0.06526016 -0.0353649  -0.07025329 -0.06089051 -0.02433623
   0.11325075  0.24021065]
 [ 0.16164708 -0.09737818 -0.04840051 -0.10383522 -0.01207355  0.00185981
  -0.10532624 -0.04563197 -0.03247783 -0.00824337 -0.11799436 -0.00657472
  -0.1294461   0.11054157 -0.06022502  0.21520467 -0.04961557  0.00123405
   0.03178463  0.16242138  0.08837558  0.12938762 -0.13131343 -0.08897371
   0.15422605 -0.10831419  0.03197879 -0.03416881  0.08061279 -0.08722365
  -0.03933712  0.04596308  0.02483065 -0.02022959  0.04610673  0.02586127
   0.03627504 -0.09016119  0.22258356  0.00776074 -0.04696462  0.01675285
  -0.05113038  0.02697165 -0.063455   -0.0960067   0.12089564 -0.11537706
  -0.04964492  0.12620822 -0.11436094 -0.02604567  0.21602802 -0.0541014
   0.07352045  0.11684144 -0.12501742  0.05025849  0.10983944 -0.08258186
   0.00315521  0.02559382  0.16740435 -0.11909474  0.17705286  0.14054453
   0.0356661   0.02771657 -0.11838514  0.06785794 -0.03446722  0.06296241
   0.05969629 -0.05446798  0.03007112 -0.05943959  0.01651607  0.05982318
   0.24035142 -0.06357683 -0.07499278  0.02387712 -0.10432904 -0.00985432
  -0.05215798 -0.09451057  0.00804479  0.03334759  0.18683615  0.01184002
   0.09009545 -0.00138754  0.1554308  -0.01377852  0.12533318 -0.07907537
  -0.06996754 -0.10016678 -0.03751866  0.01022247 -0.07344949  0.03389046
  -0.08474946 -0.04022864 -0.07997254 -0.02201428 -0.07249317 -0.02991543
   0.01768745  0.1560936  -0.09157643 -0.04259356  0.0171953  -0.02377381
   0.05236769 -0.06627923 -0.03548852 -0.01041927 -0.08264334  0.14934224
  -0.02739593  0.09450427 -0.02975452 -0.05319846  0.03792869  0.03469457
  -0.06339562 -0.08388378]]
[[-0.04652251 -0.0572223  -0.00424706  0.01402935  0.04942933 -0.02669522
  -0.06786609  0.02963174 -0.02762381 -0.01638485  0.06203709 -0.10053775
  -0.06070498  0.11820621 -0.11100491 -0.02076764  0.11857229  0.03416728
  -0.05632559  0.00723699  0.22182441  0.22490741 -0.00959568  0.22274134
  -0.00109025 -0.00777273  0.04129487 -0.03489343 -0.05545546 -0.0594399
  -0.0878111  -0.0043305   0.03336517  0.01973665  0.01299828 -0.0232315
   0.09742849  0.07605214  0.08967628 -0.06476129  0.01975868 -0.09331072
  -0.08042057  0.05186414  0.12608437 -0.09220611 -0.02466928 -0.08760016
  -0.04245582  0.04477119 -0.11562848  0.09680501  0.14270552 -0.04523932
   0.03277273  0.1295881  -0.12302279 -0.12071374  0.06107739 -0.03946637
  -0.05085443 -0.01647341  0.30044702  0.02495715 -0.08045043  0.21288642
  -0.0188998  -0.02448051 -0.03030518 -0.03550742  0.18668662 -0.0720514
  -0.04455261 -0.06118733  0.08482799 -0.07226744 -0.04578385 -0.05633491
  -0.03608017 -0.06439889  0.0646702   0.0299001  -0.07990759  0.0774042
  -0.0638154  -0.01584023 -0.00892318 -0.00899828  0.00948591 -0.07830551
  -0.07019988  0.2875597   0.06112582 -0.04607252  0.10074876 -0.01152135
   0.03387639 -0.0950327  -0.07232112  0.02897557 -0.05449721 -0.09739645
  -0.01796627 -0.01745934 -0.03410816 -0.04135325 -0.08065325  0.02876217
  -0.08322302  0.01528837 -0.06572064  0.15694314  0.03359405  0.18826194
   0.02212973  0.01571948 -0.05915872 -0.05062839 -0.02679474  0.0299914
   0.13093118 -0.06526016 -0.0353649  -0.07025329 -0.06089051 -0.02433623
   0.11325075  0.24021065]
 [ 0.16164708 -0.09737818 -0.04840051 -0.10383522 -0.01207355  0.00185981
  -0.10532624 -0.04563197 -0.03247783 -0.00824337 -0.11799436 -0.00657472
  -0.1294461   0.11054157 -0.06022502  0.21520467 -0.04961557  0.00123405
   0.03178463  0.16242138  0.08837558  0.12938762 -0.13131343 -0.08897371
   0.15422605 -0.10831419  0.03197879 -0.03416881  0.08061279 -0.08722365
  -0.03933712  0.04596308  0.02483065 -0.02022959  0.04610673  0.02586127
   0.03627504 -0.09016119  0.22258356  0.00776074 -0.04696462  0.01675285
  -0.05113038  0.02697165 -0.063455   -0.0960067   0.12089564 -0.11537706
  -0.04964492  0.12620822 -0.11436094 -0.02604567  0.21602802 -0.0541014
   0.07352045  0.11684144 -0.12501742  0.05025849  0.10983944 -0.08258186
   0.00315521  0.02559382  0.16740435 -0.11909474  0.17705286  0.14054453
   0.0356661   0.02771657 -0.11838514  0.06785794 -0.03446722  0.06296241
   0.05969629 -0.05446798  0.03007112 -0.05943959  0.01651607  0.05982318
   0.24035142 -0.06357683 -0.07499278  0.02387712 -0.10432904 -0.00985432
  -0.05215798 -0.09451057  0.00804479  0.03334759  0.18683615  0.01184002
   0.09009545 -0.00138754  0.1554308  -0.01377852  0.12533318 -0.07907537
  -0.06996754 -0.10016678 -0.03751866  0.01022247 -0.07344949  0.03389046
  -0.08474946 -0.04022864 -0.07997254 -0.02201428 -0.07249317 -0.02991543
   0.01768745  0.1560936  -0.09157643 -0.04259356  0.0171953  -0.02377381
   0.05236769 -0.06627923 -0.03548852 -0.01041927 -0.08264334  0.14934224
  -0.02739593  0.09450427 -0.02975452 -0.05319846  0.03792869  0.03469457
  -0.06339562 -0.08388378]]
[[-0.04652251 -0.0572223  -0.00424706  0.01402935  0.04942933 -0.02669522
  -0.06786609  0.02963174 -0.02762381 -0.01638485  0.06203709 -0.10053775
  -0.06070498  0.11820621 -0.11100491 -0.02076764  0.11857229  0.03416728
  -0.05632559  0.00723699  0.22182441  0.22490741 -0.00959568  0.22274134
  -0.00109025 -0.00777273  0.04129487 -0.03489343 -0.05545546 -0.0594399
  -0.0878111  -0.0043305   0.03336517  0.01973665  0.01299828 -0.0232315
   0.09742849  0.07605214  0.08967628 -0.06476129  0.01975868 -0.09331072
  -0.08042057  0.05186414  0.12608437 -0.09220611 -0.02466928 -0.08760016
  -0.04245582  0.04477119 -0.11562848  0.09680501  0.14270552 -0.04523932
   0.03277273  0.1295881  -0.12302279 -0.12071374  0.06107739 -0.03946637
  -0.05085443 -0.01647341  0.30044702  0.02495715 -0.08045043  0.21288642
  -0.0188998  -0.02448051 -0.03030518 -0.03550742  0.18668662 -0.0720514
  -0.04455261 -0.06118733  0.08482799 -0.07226744 -0.04578385 -0.05633491
  -0.03608017 -0.06439889  0.0646702   0.0299001  -0.07990759  0.0774042
  -0.0638154  -0.01584023 -0.00892318 -0.00899828  0.00948591 -0.07830551
  -0.07019988  0.2875597   0.06112582 -0.04607252  0.10074876 -0.01152135
   0.03387639 -0.0950327  -0.07232112  0.02897557 -0.05449721 -0.09739645
  -0.01796627 -0.01745934 -0.03410816 -0.04135325 -0.08065325  0.02876217
  -0.08322302  0.01528837 -0.06572064  0.15694314  0.03359405  0.18826194
   0.02212973  0.01571948 -0.05915872 -0.05062839 -0.02679474  0.0299914
   0.13093118 -0.06526016 -0.0353649  -0.07025329 -0.06089051 -0.02433623
   0.11325075  0.24021065]
 [ 0.16164708 -0.09737818 -0.04840051 -0.10383522 -0.01207355  0.00185981
  -0.10532624 -0.04563197 -0.03247783 -0.00824337 -0.11799436 -0.00657472
  -0.1294461   0.11054157 -0.06022502  0.21520467 -0.04961557  0.00123405
   0.03178463  0.16242138  0.08837558  0.12938762 -0.13131343 -0.08897371
   0.15422605 -0.10831419  0.03197879 -0.03416881  0.08061279 -0.08722365
  -0.03933712  0.04596308  0.02483065 -0.02022959  0.04610673  0.02586127
   0.03627504 -0.09016119  0.22258356  0.00776074 -0.04696462  0.01675285
  -0.05113038  0.02697165 -0.063455   -0.0960067   0.12089564 -0.11537706
  -0.04964492  0.12620822 -0.11436094 -0.02604567  0.21602802 -0.0541014
   0.07352045  0.11684144 -0.12501742  0.05025849  0.10983944 -0.08258186
   0.00315521  0.02559382  0.16740435 -0.11909474  0.17705286  0.14054453
   0.0356661   0.02771657 -0.11838514  0.06785794 -0.03446722  0.06296241
   0.05969629 -0.05446798  0.03007112 -0.05943959  0.01651607  0.05982318
   0.24035142 -0.06357683 -0.07499278  0.02387712 -0.10432904 -0.00985432
  -0.05215798 -0.09451057  0.00804479  0.03334759  0.18683615  0.01184002
   0.09009545 -0.00138754  0.1554308  -0.01377852  0.12533318 -0.07907537
  -0.06996754 -0.10016678 -0.03751866  0.01022247 -0.07344949  0.03389046
  -0.08474946 -0.04022864 -0.07997254 -0.02201428 -0.07249317 -0.02991543
   0.01768745  0.1560936  -0.09157643 -0.04259356  0.0171953  -0.02377381
   0.05236769 -0.06627923 -0.03548852 -0.01041927 -0.08264334  0.14934224
  -0.02739593  0.09450427 -0.02975452 -0.05319846  0.03792869  0.03469457
  -0.06339562 -0.08388378]]
