[[-0.0413161  -0.02488547 -0.00910482  0.0151418   0.04556586 -0.02140981
  -0.06857862  0.00723565 -0.02113551  0.00455756  0.05530206 -0.09923022
  -0.07124265  0.11227941 -0.10639778 -0.00617101  0.08601078  0.03669603
  -0.05157375  0.01118726  0.2239897   0.22954181 -0.02110051  0.22986259
  -0.00873621 -0.00700816  0.06412608 -0.03370697 -0.0457377  -0.0519285
  -0.08260406 -0.01298588  0.01769175  0.03534885 -0.02390224 -0.01645946
   0.08672398  0.07708307  0.14021292 -0.07344127  0.03590816 -0.09079756
  -0.07735809  0.02185467  0.13841656 -0.08533641 -0.03279633 -0.0840519
  -0.04073641  0.05018434 -0.11715598  0.12962857  0.16401711 -0.05232299
   0.01838537  0.11415803 -0.12469638 -0.11065501  0.05303997 -0.03331964
  -0.0264461  -0.01994149  0.31338888  0.03318828 -0.08231072  0.19692522
   0.01883469 -0.01405869 -0.02583648 -0.02569205  0.15022583 -0.07433477
  -0.02033302 -0.07414395  0.09736974 -0.07831161 -0.0388686  -0.05929415
  -0.02375136 -0.07751759  0.03925163  0.02017875 -0.08050665  0.05354619
  -0.05861102 -0.02725081 -0.00769235 -0.03088745  0.02781262 -0.07367668
  -0.07713683  0.28305754  0.05103785 -0.05739699  0.08659843 -0.02534066
   0.0401139  -0.09479704 -0.07139636  0.04830023 -0.0650617  -0.09738737
   0.0087946  -0.00683511 -0.05622829 -0.02098817 -0.0869299   0.02238026
  -0.08360121  0.00532267 -0.06608851  0.19693427  0.05818428  0.17957129
   0.03304746  0.01851785 -0.06759537 -0.04975789 -0.03328601  0.01846656
   0.11555583 -0.06348719 -0.03607202 -0.07414126 -0.0626818  -0.01413347
   0.0871886   0.2342371 ]
 [ 0.10293256 -0.07602522 -0.00346236 -0.09886518 -0.01007611 -0.04699605
  -0.10300555 -0.10169663 -0.07194755  0.0351125  -0.12405471  0.02266756
  -0.10114108  0.11765681 -0.04906407  0.25492874 -0.08162927 -0.01699321
   0.02625761  0.16892667  0.00406472  0.10627215 -0.19469191 -0.06043914
   0.17268325 -0.1131397   0.06060211 -0.0270542   0.08027019 -0.05871188
  -0.05755862  0.04391713  0.068817   -0.0350803   0.02207748 -0.03304084
  -0.00243511 -0.07584532  0.13583447  0.01653954 -0.07696488  0.03469313
  -0.05217173  0.10717349 -0.06672648 -0.09016914  0.07372529 -0.11057282
  -0.07064804  0.12050699 -0.09470905 -0.04496048  0.24333002 -0.06058989
   0.05467824  0.15795477 -0.09734789  0.01527266  0.11494298 -0.09833942
  -0.01080837  0.11019607  0.13132693 -0.12021481  0.14511655  0.14047377
  -0.00768939  0.041173   -0.11741162  0.07895382 -0.05028512  0.04858037
   0.05226095 -0.03521746 -0.02072906 -0.04744982 -0.04985969  0.02012874
   0.17109185 -0.08180849 -0.06054609  0.07893216 -0.10794486 -0.03656426
  -0.00370365 -0.00761559 -0.01714585  0.06623514  0.15892933  0.03282233
   0.04573445  0.02381238  0.12880564 -0.02046589  0.11227082 -0.03458808
  -0.08308834 -0.08822115 -0.03171902  0.02601773 -0.07052497  0.05982953
  -0.05806531 -0.03061618 -0.10235451  0.0443032  -0.04052488 -0.02136491
   0.09656917  0.15767492 -0.08900807 -0.03835784  0.0602537  -0.04621204
   0.09748235 -0.08697227 -0.04599282  0.07780319 -0.06001781  0.17894287
  -0.03650031  0.14828324 -0.01971772 -0.04207925  0.09213492 -0.00520851
  -0.08477531 -0.09244049]]
[[-0.0413161  -0.02488547 -0.00910482  0.0151418   0.04556586 -0.02140981
  -0.06857862  0.00723565 -0.02113551  0.00455756  0.05530206 -0.09923022
  -0.07124265  0.11227941 -0.10639778 -0.00617101  0.08601078  0.03669603
  -0.05157375  0.01118726  0.2239897   0.22954181 -0.02110051  0.22986259
  -0.00873621 -0.00700816  0.06412608 -0.03370697 -0.0457377  -0.0519285
  -0.08260406 -0.01298588  0.01769175  0.03534885 -0.02390224 -0.01645946
   0.08672398  0.07708307  0.14021292 -0.07344127  0.03590816 -0.09079756
  -0.07735809  0.02185467  0.13841656 -0.08533641 -0.03279633 -0.0840519
  -0.04073641  0.05018434 -0.11715598  0.12962857  0.16401711 -0.05232299
   0.01838537  0.11415803 -0.12469638 -0.11065501  0.05303997 -0.03331964
  -0.0264461  -0.01994149  0.31338888  0.03318828 -0.08231072  0.19692522
   0.01883469 -0.01405869 -0.02583648 -0.02569205  0.15022583 -0.07433477
  -0.02033302 -0.07414395  0.09736974 -0.07831161 -0.0388686  -0.05929415
  -0.02375136 -0.07751759  0.03925163  0.02017875 -0.08050665  0.05354619
  -0.05861102 -0.02725081 -0.00769235 -0.03088745  0.02781262 -0.07367668
  -0.07713683  0.28305754  0.05103785 -0.05739699  0.08659843 -0.02534066
   0.0401139  -0.09479704 -0.07139636  0.04830023 -0.0650617  -0.09738737
   0.0087946  -0.00683511 -0.05622829 -0.02098817 -0.0869299   0.02238026
  -0.08360121  0.00532267 -0.06608851  0.19693427  0.05818428  0.17957129
   0.03304746  0.01851785 -0.06759537 -0.04975789 -0.03328601  0.01846656
   0.11555583 -0.06348719 -0.03607202 -0.07414126 -0.0626818  -0.01413347
   0.0871886   0.2342371 ]
 [ 0.10293256 -0.07602522 -0.00346236 -0.09886518 -0.01007611 -0.04699605
  -0.10300555 -0.10169663 -0.07194755  0.0351125  -0.12405471  0.02266756
  -0.10114108  0.11765681 -0.04906407  0.25492874 -0.08162927 -0.01699321
   0.02625761  0.16892667  0.00406472  0.10627215 -0.19469191 -0.06043914
   0.17268325 -0.1131397   0.06060211 -0.0270542   0.08027019 -0.05871188
  -0.05755862  0.04391713  0.068817   -0.0350803   0.02207748 -0.03304084
  -0.00243511 -0.07584532  0.13583447  0.01653954 -0.07696488  0.03469313
  -0.05217173  0.10717349 -0.06672648 -0.09016914  0.07372529 -0.11057282
  -0.07064804  0.12050699 -0.09470905 -0.04496048  0.24333002 -0.06058989
   0.05467824  0.15795477 -0.09734789  0.01527266  0.11494298 -0.09833942
  -0.01080837  0.11019607  0.13132693 -0.12021481  0.14511655  0.14047377
  -0.00768939  0.041173   -0.11741162  0.07895382 -0.05028512  0.04858037
   0.05226095 -0.03521746 -0.02072906 -0.04744982 -0.04985969  0.02012874
   0.17109185 -0.08180849 -0.06054609  0.07893216 -0.10794486 -0.03656426
  -0.00370365 -0.00761559 -0.01714585  0.06623514  0.15892933  0.03282233
   0.04573445  0.02381238  0.12880564 -0.02046589  0.11227082 -0.03458808
  -0.08308834 -0.08822115 -0.03171902  0.02601773 -0.07052497  0.05982953
  -0.05806531 -0.03061618 -0.10235451  0.0443032  -0.04052488 -0.02136491
   0.09656917  0.15767492 -0.08900807 -0.03835784  0.0602537  -0.04621204
   0.09748235 -0.08697227 -0.04599282  0.07780319 -0.06001781  0.17894287
  -0.03650031  0.14828324 -0.01971772 -0.04207925  0.09213492 -0.00520851
  -0.08477531 -0.09244049]]
[[-0.0413161  -0.02488547 -0.00910482  0.0151418   0.04556586 -0.02140981
  -0.06857862  0.00723565 -0.02113551  0.00455756  0.05530206 -0.09923022
  -0.07124265  0.11227941 -0.10639778 -0.00617101  0.08601078  0.03669603
  -0.05157375  0.01118726  0.2239897   0.22954181 -0.02110051  0.22986259
  -0.00873621 -0.00700816  0.06412608 -0.03370697 -0.0457377  -0.0519285
  -0.08260406 -0.01298588  0.01769175  0.03534885 -0.02390224 -0.01645946
   0.08672398  0.07708307  0.14021292 -0.07344127  0.03590816 -0.09079756
  -0.07735809  0.02185467  0.13841656 -0.08533641 -0.03279633 -0.0840519
  -0.04073641  0.05018434 -0.11715598  0.12962857  0.16401711 -0.05232299
   0.01838537  0.11415803 -0.12469638 -0.11065501  0.05303997 -0.03331964
  -0.0264461  -0.01994149  0.31338888  0.03318828 -0.08231072  0.19692522
   0.01883469 -0.01405869 -0.02583648 -0.02569205  0.15022583 -0.07433477
  -0.02033302 -0.07414395  0.09736974 -0.07831161 -0.0388686  -0.05929415
  -0.02375136 -0.07751759  0.03925163  0.02017875 -0.08050665  0.05354619
  -0.05861102 -0.02725081 -0.00769235 -0.03088745  0.02781262 -0.07367668
  -0.07713683  0.28305754  0.05103785 -0.05739699  0.08659843 -0.02534066
   0.0401139  -0.09479704 -0.07139636  0.04830023 -0.0650617  -0.09738737
   0.0087946  -0.00683511 -0.05622829 -0.02098817 -0.0869299   0.02238026
  -0.08360121  0.00532267 -0.06608851  0.19693427  0.05818428  0.17957129
   0.03304746  0.01851785 -0.06759537 -0.04975789 -0.03328601  0.01846656
   0.11555583 -0.06348719 -0.03607202 -0.07414126 -0.0626818  -0.01413347
   0.0871886   0.2342371 ]
 [ 0.10293256 -0.07602522 -0.00346236 -0.09886518 -0.01007611 -0.04699605
  -0.10300555 -0.10169663 -0.07194755  0.0351125  -0.12405471  0.02266756
  -0.10114108  0.11765681 -0.04906407  0.25492874 -0.08162927 -0.01699321
   0.02625761  0.16892667  0.00406472  0.10627215 -0.19469191 -0.06043914
   0.17268325 -0.1131397   0.06060211 -0.0270542   0.08027019 -0.05871188
  -0.05755862  0.04391713  0.068817   -0.0350803   0.02207748 -0.03304084
  -0.00243511 -0.07584532  0.13583447  0.01653954 -0.07696488  0.03469313
  -0.05217173  0.10717349 -0.06672648 -0.09016914  0.07372529 -0.11057282
  -0.07064804  0.12050699 -0.09470905 -0.04496048  0.24333002 -0.06058989
   0.05467824  0.15795477 -0.09734789  0.01527266  0.11494298 -0.09833942
  -0.01080837  0.11019607  0.13132693 -0.12021481  0.14511655  0.14047377
  -0.00768939  0.041173   -0.11741162  0.07895382 -0.05028512  0.04858037
   0.05226095 -0.03521746 -0.02072906 -0.04744982 -0.04985969  0.02012874
   0.17109185 -0.08180849 -0.06054609  0.07893216 -0.10794486 -0.03656426
  -0.00370365 -0.00761559 -0.01714585  0.06623514  0.15892933  0.03282233
   0.04573445  0.02381238  0.12880564 -0.02046589  0.11227082 -0.03458808
  -0.08308834 -0.08822115 -0.03171902  0.02601773 -0.07052497  0.05982953
  -0.05806531 -0.03061618 -0.10235451  0.0443032  -0.04052488 -0.02136491
   0.09656917  0.15767492 -0.08900807 -0.03835784  0.0602537  -0.04621204
   0.09748235 -0.08697227 -0.04599282  0.07780319 -0.06001781  0.17894287
  -0.03650031  0.14828324 -0.01971772 -0.04207925  0.09213492 -0.00520851
  -0.08477531 -0.09244049]]
