[[-5.61228804e-02 -2.64229979e-02 -1.11148140e-04  3.68779376e-02
   5.63320220e-02 -4.35714647e-02 -6.65171146e-02  1.40670044e-02
   7.19927193e-05  2.26079021e-02  1.83946099e-02 -9.47137773e-02
  -4.31929491e-02  9.23180133e-02 -1.08022049e-01  2.22596638e-02
   7.96058923e-02  7.06410734e-03 -3.66855673e-02  5.70257008e-02
   2.35261306e-01  1.76899612e-01 -4.87510525e-02  2.10959896e-01
   1.25412261e-02 -2.19378956e-02  6.42467812e-02 -3.78209241e-02
  -3.77740599e-02 -5.86444139e-02 -8.68404955e-02  9.66367777e-03
   2.05735583e-02  1.39076328e-02 -3.48740965e-02 -8.42360500e-03
   1.15979165e-01  5.62986732e-02  1.72773808e-01 -8.51807296e-02
  -2.07283404e-02 -8.59000012e-02 -7.50405192e-02  4.29708026e-02
   1.29132181e-01 -9.20976102e-02 -3.35271172e-02 -8.57620463e-02
  -4.69034091e-02  2.78397650e-02 -1.15437523e-01  1.67118296e-01
   1.59618452e-01 -6.71822876e-02 -5.48891583e-03  1.41102955e-01
  -1.21579625e-01 -1.11477822e-01  7.70353973e-02 -3.08220014e-02
   3.82448337e-03 -6.55269530e-03  3.06634516e-01  3.23507516e-03
  -8.45185071e-02  1.85114369e-01  1.65123045e-02 -1.64877065e-03
  -3.46506163e-02 -2.04436965e-02  1.46690592e-01 -7.39232153e-02
  -3.47011797e-02 -7.09276572e-02  9.67515185e-02 -8.19870606e-02
  -8.33487045e-03 -5.54208234e-02 -6.44048210e-03 -8.97623077e-02
   5.30939065e-02 -3.73028382e-03 -8.53109509e-02  8.24483708e-02
  -5.05677015e-02 -6.79712817e-02  2.62093381e-03 -2.17117071e-02
  -5.08798333e-03 -6.20284416e-02 -8.38113502e-02  2.85391271e-01
   4.74338867e-02 -6.82997853e-02  9.50155407e-02 -2.40400210e-02
   2.69324929e-02 -9.37969834e-02 -6.41996861e-02  5.67000769e-02
  -7.55075365e-02 -8.96194950e-02 -2.75548715e-02 -1.13037713e-02
  -6.27512559e-02 -4.95635532e-02 -8.55806172e-02  8.05465598e-03
  -8.16672370e-02  6.56504836e-03 -6.11936040e-02  2.15053365e-01
   6.81944937e-02  1.46463946e-01  4.83180657e-02 -2.62729754e-03
  -6.82215467e-02 -7.40515720e-03 -3.70499305e-03 -8.38562194e-03
   9.71276909e-02 -6.60253465e-02 -2.31837258e-02 -7.06142634e-02
  -5.58211766e-02 -1.60007533e-02  9.06066746e-02  2.43395790e-01]
 [ 1.39205039e-01 -1.01170652e-01 -3.24781574e-02 -1.21825591e-01
  -2.18282570e-04 -3.80920768e-02 -1.01969115e-01 -8.58794823e-02
  -7.46064931e-02 -3.87917869e-02 -1.12453923e-01  2.86063571e-02
  -1.21263169e-01  1.28538325e-01 -8.78721327e-02  1.71029031e-01
  -8.27864707e-02  1.85883511e-02 -4.43129577e-02  1.59922227e-01
  -2.60726828e-02  1.59634680e-01 -1.45430759e-01 -9.94959548e-02
   1.96058914e-01 -1.04778633e-01  1.64183415e-02  1.14139719e-02
   5.87437376e-02 -7.82981142e-02 -5.60306981e-02 -2.76775714e-02
   4.48487923e-02 -7.35060591e-03  1.49189848e-02  1.09858625e-03
   1.35652144e-02 -8.65744352e-02  1.35583490e-01 -3.61182950e-02
  -5.72159812e-02 -4.59366329e-02 -6.00547642e-02  9.21289027e-02
  -7.20109865e-02 -1.07515678e-01  1.15245022e-01 -1.16873190e-01
  -6.38369247e-02  1.34095058e-01 -1.16972141e-01 -4.95240055e-02
   1.76567450e-01 -1.94506217e-02  1.16369314e-01  1.31578237e-01
  -1.13820069e-01  3.52310427e-02  9.05425772e-02 -9.45606902e-02
  -1.53119825e-02  6.77066743e-02  1.99583918e-01 -9.91983190e-02
   1.48535475e-01  1.62727073e-01  3.74844857e-02  4.72712852e-02
  -1.08587041e-01  2.44307127e-02 -3.23945358e-02  2.80362647e-03
   9.20447931e-02 -6.32260833e-03  4.14689817e-02 -6.46360368e-02
  -4.63314801e-02 -2.52439491e-02  1.62095368e-01 -1.05543211e-01
  -6.97092041e-02  4.79679815e-02 -9.93500203e-02 -1.04001425e-02
  -5.33581339e-02 -4.55026776e-02 -6.31467905e-03  2.63167322e-02
   1.38276547e-01  1.02731504e-01  6.41923547e-02  1.25889806e-02
   1.07998006e-01 -6.34532096e-03  2.34604239e-01 -6.79853186e-02
  -7.60003254e-02 -9.25676227e-02 -8.89898017e-02  1.84817109e-02
  -5.45031726e-02  5.33696190e-02 -4.32880595e-02 -2.00915337e-02
  -5.15690334e-02 -4.20814827e-02 -5.78688197e-02 -7.48684704e-02
   1.03874274e-01  1.23288155e-01 -9.62546170e-02 -6.72135875e-02
   4.60605929e-03 -5.12120686e-03  9.66229662e-02 -9.80873704e-02
  -4.26837392e-02 -4.51946110e-02 -9.05677006e-02  1.35082960e-01
  -7.00515434e-02  1.01668321e-01 -5.76888472e-02 -5.21759726e-02
   1.37818716e-02 -2.30401848e-02 -5.59617616e-02 -8.57928172e-02]]
[[-5.61228804e-02 -2.64229979e-02 -1.11148140e-04  3.68779376e-02
   5.63320220e-02 -4.35714647e-02 -6.65171146e-02  1.40670044e-02
   7.19927193e-05  2.26079021e-02  1.83946099e-02 -9.47137773e-02
  -4.31929491e-02  9.23180133e-02 -1.08022049e-01  2.22596638e-02
   7.96058923e-02  7.06410734e-03 -3.66855673e-02  5.70257008e-02
   2.35261306e-01  1.76899612e-01 -4.87510525e-02  2.10959896e-01
   1.25412261e-02 -2.19378956e-02  6.42467812e-02 -3.78209241e-02
  -3.77740599e-02 -5.86444139e-02 -8.68404955e-02  9.66367777e-03
   2.05735583e-02  1.39076328e-02 -3.48740965e-02 -8.42360500e-03
   1.15979165e-01  5.62986732e-02  1.72773808e-01 -8.51807296e-02
  -2.07283404e-02 -8.59000012e-02 -7.50405192e-02  4.29708026e-02
   1.29132181e-01 -9.20976102e-02 -3.35271172e-02 -8.57620463e-02
  -4.69034091e-02  2.78397650e-02 -1.15437523e-01  1.67118296e-01
   1.59618452e-01 -6.71822876e-02 -5.48891583e-03  1.41102955e-01
  -1.21579625e-01 -1.11477822e-01  7.70353973e-02 -3.08220014e-02
   3.82448337e-03 -6.55269530e-03  3.06634516e-01  3.23507516e-03
  -8.45185071e-02  1.85114369e-01  1.65123045e-02 -1.64877065e-03
  -3.46506163e-02 -2.04436965e-02  1.46690592e-01 -7.39232153e-02
  -3.47011797e-02 -7.09276572e-02  9.67515185e-02 -8.19870606e-02
  -8.33487045e-03 -5.54208234e-02 -6.44048210e-03 -8.97623077e-02
   5.30939065e-02 -3.73028382e-03 -8.53109509e-02  8.24483708e-02
  -5.05677015e-02 -6.79712817e-02  2.62093381e-03 -2.17117071e-02
  -5.08798333e-03 -6.20284416e-02 -8.38113502e-02  2.85391271e-01
   4.74338867e-02 -6.82997853e-02  9.50155407e-02 -2.40400210e-02
   2.69324929e-02 -9.37969834e-02 -6.41996861e-02  5.67000769e-02
  -7.55075365e-02 -8.96194950e-02 -2.75548715e-02 -1.13037713e-02
  -6.27512559e-02 -4.95635532e-02 -8.55806172e-02  8.05465598e-03
  -8.16672370e-02  6.56504836e-03 -6.11936040e-02  2.15053365e-01
   6.81944937e-02  1.46463946e-01  4.83180657e-02 -2.62729754e-03
  -6.82215467e-02 -7.40515720e-03 -3.70499305e-03 -8.38562194e-03
   9.71276909e-02 -6.60253465e-02 -2.31837258e-02 -7.06142634e-02
  -5.58211766e-02 -1.60007533e-02  9.06066746e-02  2.43395790e-01]
 [ 1.39205039e-01 -1.01170652e-01 -3.24781574e-02 -1.21825591e-01
  -2.18282570e-04 -3.80920768e-02 -1.01969115e-01 -8.58794823e-02
  -7.46064931e-02 -3.87917869e-02 -1.12453923e-01  2.86063571e-02
  -1.21263169e-01  1.28538325e-01 -8.78721327e-02  1.71029031e-01
  -8.27864707e-02  1.85883511e-02 -4.43129577e-02  1.59922227e-01
  -2.60726828e-02  1.59634680e-01 -1.45430759e-01 -9.94959548e-02
   1.96058914e-01 -1.04778633e-01  1.64183415e-02  1.14139719e-02
   5.87437376e-02 -7.82981142e-02 -5.60306981e-02 -2.76775714e-02
   4.48487923e-02 -7.35060591e-03  1.49189848e-02  1.09858625e-03
   1.35652144e-02 -8.65744352e-02  1.35583490e-01 -3.61182950e-02
  -5.72159812e-02 -4.59366329e-02 -6.00547642e-02  9.21289027e-02
  -7.20109865e-02 -1.07515678e-01  1.15245022e-01 -1.16873190e-01
  -6.38369247e-02  1.34095058e-01 -1.16972141e-01 -4.95240055e-02
   1.76567450e-01 -1.94506217e-02  1.16369314e-01  1.31578237e-01
  -1.13820069e-01  3.52310427e-02  9.05425772e-02 -9.45606902e-02
  -1.53119825e-02  6.77066743e-02  1.99583918e-01 -9.91983190e-02
   1.48535475e-01  1.62727073e-01  3.74844857e-02  4.72712852e-02
  -1.08587041e-01  2.44307127e-02 -3.23945358e-02  2.80362647e-03
   9.20447931e-02 -6.32260833e-03  4.14689817e-02 -6.46360368e-02
  -4.63314801e-02 -2.52439491e-02  1.62095368e-01 -1.05543211e-01
  -6.97092041e-02  4.79679815e-02 -9.93500203e-02 -1.04001425e-02
  -5.33581339e-02 -4.55026776e-02 -6.31467905e-03  2.63167322e-02
   1.38276547e-01  1.02731504e-01  6.41923547e-02  1.25889806e-02
   1.07998006e-01 -6.34532096e-03  2.34604239e-01 -6.79853186e-02
  -7.60003254e-02 -9.25676227e-02 -8.89898017e-02  1.84817109e-02
  -5.45031726e-02  5.33696190e-02 -4.32880595e-02 -2.00915337e-02
  -5.15690334e-02 -4.20814827e-02 -5.78688197e-02 -7.48684704e-02
   1.03874274e-01  1.23288155e-01 -9.62546170e-02 -6.72135875e-02
   4.60605929e-03 -5.12120686e-03  9.66229662e-02 -9.80873704e-02
  -4.26837392e-02 -4.51946110e-02 -9.05677006e-02  1.35082960e-01
  -7.00515434e-02  1.01668321e-01 -5.76888472e-02 -5.21759726e-02
   1.37818716e-02 -2.30401848e-02 -5.59617616e-02 -8.57928172e-02]]
[[-5.61228804e-02 -2.64229979e-02 -1.11148140e-04  3.68779376e-02
   5.63320220e-02 -4.35714647e-02 -6.65171146e-02  1.40670044e-02
   7.19927193e-05  2.26079021e-02  1.83946099e-02 -9.47137773e-02
  -4.31929491e-02  9.23180133e-02 -1.08022049e-01  2.22596638e-02
   7.96058923e-02  7.06410734e-03 -3.66855673e-02  5.70257008e-02
   2.35261306e-01  1.76899612e-01 -4.87510525e-02  2.10959896e-01
   1.25412261e-02 -2.19378956e-02  6.42467812e-02 -3.78209241e-02
  -3.77740599e-02 -5.86444139e-02 -8.68404955e-02  9.66367777e-03
   2.05735583e-02  1.39076328e-02 -3.48740965e-02 -8.42360500e-03
   1.15979165e-01  5.62986732e-02  1.72773808e-01 -8.51807296e-02
  -2.07283404e-02 -8.59000012e-02 -7.50405192e-02  4.29708026e-02
   1.29132181e-01 -9.20976102e-02 -3.35271172e-02 -8.57620463e-02
  -4.69034091e-02  2.78397650e-02 -1.15437523e-01  1.67118296e-01
   1.59618452e-01 -6.71822876e-02 -5.48891583e-03  1.41102955e-01
  -1.21579625e-01 -1.11477822e-01  7.70353973e-02 -3.08220014e-02
   3.82448337e-03 -6.55269530e-03  3.06634516e-01  3.23507516e-03
  -8.45185071e-02  1.85114369e-01  1.65123045e-02 -1.64877065e-03
  -3.46506163e-02 -2.04436965e-02  1.46690592e-01 -7.39232153e-02
  -3.47011797e-02 -7.09276572e-02  9.67515185e-02 -8.19870606e-02
  -8.33487045e-03 -5.54208234e-02 -6.44048210e-03 -8.97623077e-02
   5.30939065e-02 -3.73028382e-03 -8.53109509e-02  8.24483708e-02
  -5.05677015e-02 -6.79712817e-02  2.62093381e-03 -2.17117071e-02
  -5.08798333e-03 -6.20284416e-02 -8.38113502e-02  2.85391271e-01
   4.74338867e-02 -6.82997853e-02  9.50155407e-02 -2.40400210e-02
   2.69324929e-02 -9.37969834e-02 -6.41996861e-02  5.67000769e-02
  -7.55075365e-02 -8.96194950e-02 -2.75548715e-02 -1.13037713e-02
  -6.27512559e-02 -4.95635532e-02 -8.55806172e-02  8.05465598e-03
  -8.16672370e-02  6.56504836e-03 -6.11936040e-02  2.15053365e-01
   6.81944937e-02  1.46463946e-01  4.83180657e-02 -2.62729754e-03
  -6.82215467e-02 -7.40515720e-03 -3.70499305e-03 -8.38562194e-03
   9.71276909e-02 -6.60253465e-02 -2.31837258e-02 -7.06142634e-02
  -5.58211766e-02 -1.60007533e-02  9.06066746e-02  2.43395790e-01]
 [ 1.39205039e-01 -1.01170652e-01 -3.24781574e-02 -1.21825591e-01
  -2.18282570e-04 -3.80920768e-02 -1.01969115e-01 -8.58794823e-02
  -7.46064931e-02 -3.87917869e-02 -1.12453923e-01  2.86063571e-02
  -1.21263169e-01  1.28538325e-01 -8.78721327e-02  1.71029031e-01
  -8.27864707e-02  1.85883511e-02 -4.43129577e-02  1.59922227e-01
  -2.60726828e-02  1.59634680e-01 -1.45430759e-01 -9.94959548e-02
   1.96058914e-01 -1.04778633e-01  1.64183415e-02  1.14139719e-02
   5.87437376e-02 -7.82981142e-02 -5.60306981e-02 -2.76775714e-02
   4.48487923e-02 -7.35060591e-03  1.49189848e-02  1.09858625e-03
   1.35652144e-02 -8.65744352e-02  1.35583490e-01 -3.61182950e-02
  -5.72159812e-02 -4.59366329e-02 -6.00547642e-02  9.21289027e-02
  -7.20109865e-02 -1.07515678e-01  1.15245022e-01 -1.16873190e-01
  -6.38369247e-02  1.34095058e-01 -1.16972141e-01 -4.95240055e-02
   1.76567450e-01 -1.94506217e-02  1.16369314e-01  1.31578237e-01
  -1.13820069e-01  3.52310427e-02  9.05425772e-02 -9.45606902e-02
  -1.53119825e-02  6.77066743e-02  1.99583918e-01 -9.91983190e-02
   1.48535475e-01  1.62727073e-01  3.74844857e-02  4.72712852e-02
  -1.08587041e-01  2.44307127e-02 -3.23945358e-02  2.80362647e-03
   9.20447931e-02 -6.32260833e-03  4.14689817e-02 -6.46360368e-02
  -4.63314801e-02 -2.52439491e-02  1.62095368e-01 -1.05543211e-01
  -6.97092041e-02  4.79679815e-02 -9.93500203e-02 -1.04001425e-02
  -5.33581339e-02 -4.55026776e-02 -6.31467905e-03  2.63167322e-02
   1.38276547e-01  1.02731504e-01  6.41923547e-02  1.25889806e-02
   1.07998006e-01 -6.34532096e-03  2.34604239e-01 -6.79853186e-02
  -7.60003254e-02 -9.25676227e-02 -8.89898017e-02  1.84817109e-02
  -5.45031726e-02  5.33696190e-02 -4.32880595e-02 -2.00915337e-02
  -5.15690334e-02 -4.20814827e-02 -5.78688197e-02 -7.48684704e-02
   1.03874274e-01  1.23288155e-01 -9.62546170e-02 -6.72135875e-02
   4.60605929e-03 -5.12120686e-03  9.66229662e-02 -9.80873704e-02
  -4.26837392e-02 -4.51946110e-02 -9.05677006e-02  1.35082960e-01
  -7.00515434e-02  1.01668321e-01 -5.76888472e-02 -5.21759726e-02
   1.37818716e-02 -2.30401848e-02 -5.59617616e-02 -8.57928172e-02]]
