[[-0.04987811 -0.04810945  0.01305639  0.00587011  0.06823344 -0.01994153
  -0.06699095  0.02006389 -0.03351475 -0.01106566  0.0619757  -0.10028969
  -0.05178477  0.10219191 -0.11267891 -0.0255242   0.13337624  0.05758484
  -0.06349235 -0.00186911  0.21963094  0.20946638 -0.00316042  0.23504524
  -0.00173676 -0.00783521  0.03670505 -0.04020333 -0.05957345 -0.06298196
  -0.08641482 -0.00241237  0.03955849  0.02157848  0.0111567  -0.03651565
   0.12125354  0.07537252  0.08208195 -0.0650145   0.03939418 -0.09398978
  -0.0866608   0.04186899  0.11784644 -0.09391691 -0.02640187 -0.08884752
  -0.05108041  0.04393093 -0.11734565  0.10465788  0.13377813 -0.03489472
   0.03463247  0.11910159 -0.11728743 -0.10993565  0.07011788 -0.03016791
  -0.05245381 -0.02210122  0.3037989   0.03295657 -0.0792566   0.21754943
  -0.00733465 -0.02160976 -0.0286123  -0.04041571  0.1647177  -0.07449096
  -0.05279924 -0.06146352  0.09555742 -0.06892774 -0.04931461 -0.0571802
  -0.0289641  -0.07594597  0.06732942  0.04456263 -0.08147839  0.06667782
  -0.07125739 -0.01376446 -0.0130789  -0.01480555 -0.0039971  -0.07647885
  -0.07865109  0.27625993  0.05644484 -0.04781003  0.10669933 -0.01158079
   0.02367376 -0.09308676 -0.07898712  0.04716367 -0.0622666  -0.09951263
  -0.02830956 -0.01054683 -0.03212193 -0.0400496  -0.08011729  0.03464613
  -0.08289882  0.01351973 -0.07055046  0.15516537  0.05050595  0.16204444
   0.04302701  0.00466778 -0.06293261 -0.0489368  -0.02279734  0.02008491
   0.11334205 -0.06445778 -0.0412423  -0.06956602 -0.05957555 -0.0317476
   0.09996942  0.263875  ]
 [ 0.13608883 -0.09220916 -0.04432352 -0.0993885  -0.01349061 -0.00684549
  -0.10080504 -0.04466575 -0.04906979 -0.00959166 -0.11578859 -0.01530753
  -0.11688084  0.05853216 -0.05665227  0.23374854 -0.05533059  0.0260877
   0.02252137  0.17905077  0.08200312  0.08780134 -0.1481577  -0.08806086
   0.19183214 -0.10050196  0.01551203 -0.01940103  0.09614215 -0.08711148
  -0.04045102  0.03978509 -0.01475941 -0.0296474   0.04094557  0.03553815
   0.0259118  -0.09307846  0.20987408 -0.00449739 -0.03403481  0.02075876
  -0.05457659  0.03292048 -0.06017377 -0.09684513  0.11108312 -0.11414068
  -0.052168    0.12890777 -0.10742912 -0.01944802  0.18179394 -0.04609569
   0.07040668  0.1421723  -0.11037412  0.07177628  0.1049161  -0.07169049
   0.01151546  0.06560171  0.13785982 -0.11318498  0.20097323  0.14800867
   0.03950822  0.04131598 -0.11694562  0.05165999 -0.04885188  0.08305547
   0.05145701 -0.03315516  0.0423598  -0.04381635  0.00876792  0.07317552
   0.2431592  -0.05081541 -0.08638608  0.04219228 -0.10117887  0.00454809
  -0.0648044  -0.11214752  0.00392967  0.00591115  0.15657847  0.09122205
   0.12522253 -0.00360707  0.13363504 -0.01584047  0.1268523  -0.08350136
  -0.08118386 -0.08676569 -0.03025366  0.01703123 -0.06580992  0.07366122
  -0.08485685 -0.05260552 -0.07648351 -0.01999831 -0.0652354  -0.03307241
   0.07339051  0.14384557 -0.0926469  -0.03234026  0.00125468 -0.04356749
   0.04198168 -0.06823405 -0.03336607 -0.0054127  -0.08825887  0.1667885
  -0.01601363  0.11638999 -0.0428938  -0.0440895   0.03416012  0.02220429
  -0.0433111  -0.08055243]]
[[-0.04987811 -0.04810945  0.01305639  0.00587011  0.06823344 -0.01994153
  -0.06699095  0.02006389 -0.03351475 -0.01106566  0.0619757  -0.10028969
  -0.05178477  0.10219191 -0.11267891 -0.0255242   0.13337624  0.05758484
  -0.06349235 -0.00186911  0.21963094  0.20946638 -0.00316042  0.23504524
  -0.00173676 -0.00783521  0.03670505 -0.04020333 -0.05957345 -0.06298196
  -0.08641482 -0.00241237  0.03955849  0.02157848  0.0111567  -0.03651565
   0.12125354  0.07537252  0.08208195 -0.0650145   0.03939418 -0.09398978
  -0.0866608   0.04186899  0.11784644 -0.09391691 -0.02640187 -0.08884752
  -0.05108041  0.04393093 -0.11734565  0.10465788  0.13377813 -0.03489472
   0.03463247  0.11910159 -0.11728743 -0.10993565  0.07011788 -0.03016791
  -0.05245381 -0.02210122  0.3037989   0.03295657 -0.0792566   0.21754943
  -0.00733465 -0.02160976 -0.0286123  -0.04041571  0.1647177  -0.07449096
  -0.05279924 -0.06146352  0.09555742 -0.06892774 -0.04931461 -0.0571802
  -0.0289641  -0.07594597  0.06732942  0.04456263 -0.08147839  0.06667782
  -0.07125739 -0.01376446 -0.0130789  -0.01480555 -0.0039971  -0.07647885
  -0.07865109  0.27625993  0.05644484 -0.04781003  0.10669933 -0.01158079
   0.02367376 -0.09308676 -0.07898712  0.04716367 -0.0622666  -0.09951263
  -0.02830956 -0.01054683 -0.03212193 -0.0400496  -0.08011729  0.03464613
  -0.08289882  0.01351973 -0.07055046  0.15516537  0.05050595  0.16204444
   0.04302701  0.00466778 -0.06293261 -0.0489368  -0.02279734  0.02008491
   0.11334205 -0.06445778 -0.0412423  -0.06956602 -0.05957555 -0.0317476
   0.09996942  0.263875  ]
 [ 0.13608883 -0.09220916 -0.04432352 -0.0993885  -0.01349061 -0.00684549
  -0.10080504 -0.04466575 -0.04906979 -0.00959166 -0.11578859 -0.01530753
  -0.11688084  0.05853216 -0.05665227  0.23374854 -0.05533059  0.0260877
   0.02252137  0.17905077  0.08200312  0.08780134 -0.1481577  -0.08806086
   0.19183214 -0.10050196  0.01551203 -0.01940103  0.09614215 -0.08711148
  -0.04045102  0.03978509 -0.01475941 -0.0296474   0.04094557  0.03553815
   0.0259118  -0.09307846  0.20987408 -0.00449739 -0.03403481  0.02075876
  -0.05457659  0.03292048 -0.06017377 -0.09684513  0.11108312 -0.11414068
  -0.052168    0.12890777 -0.10742912 -0.01944802  0.18179394 -0.04609569
   0.07040668  0.1421723  -0.11037412  0.07177628  0.1049161  -0.07169049
   0.01151546  0.06560171  0.13785982 -0.11318498  0.20097323  0.14800867
   0.03950822  0.04131598 -0.11694562  0.05165999 -0.04885188  0.08305547
   0.05145701 -0.03315516  0.0423598  -0.04381635  0.00876792  0.07317552
   0.2431592  -0.05081541 -0.08638608  0.04219228 -0.10117887  0.00454809
  -0.0648044  -0.11214752  0.00392967  0.00591115  0.15657847  0.09122205
   0.12522253 -0.00360707  0.13363504 -0.01584047  0.1268523  -0.08350136
  -0.08118386 -0.08676569 -0.03025366  0.01703123 -0.06580992  0.07366122
  -0.08485685 -0.05260552 -0.07648351 -0.01999831 -0.0652354  -0.03307241
   0.07339051  0.14384557 -0.0926469  -0.03234026  0.00125468 -0.04356749
   0.04198168 -0.06823405 -0.03336607 -0.0054127  -0.08825887  0.1667885
  -0.01601363  0.11638999 -0.0428938  -0.0440895   0.03416012  0.02220429
  -0.0433111  -0.08055243]]
[[-0.04987811 -0.04810945  0.01305639  0.00587011  0.06823344 -0.01994153
  -0.06699095  0.02006389 -0.03351475 -0.01106566  0.0619757  -0.10028969
  -0.05178477  0.10219191 -0.11267891 -0.0255242   0.13337624  0.05758484
  -0.06349235 -0.00186911  0.21963094  0.20946638 -0.00316042  0.23504524
  -0.00173676 -0.00783521  0.03670505 -0.04020333 -0.05957345 -0.06298196
  -0.08641482 -0.00241237  0.03955849  0.02157848  0.0111567  -0.03651565
   0.12125354  0.07537252  0.08208195 -0.0650145   0.03939418 -0.09398978
  -0.0866608   0.04186899  0.11784644 -0.09391691 -0.02640187 -0.08884752
  -0.05108041  0.04393093 -0.11734565  0.10465788  0.13377813 -0.03489472
   0.03463247  0.11910159 -0.11728743 -0.10993565  0.07011788 -0.03016791
  -0.05245381 -0.02210122  0.3037989   0.03295657 -0.0792566   0.21754943
  -0.00733465 -0.02160976 -0.0286123  -0.04041571  0.1647177  -0.07449096
  -0.05279924 -0.06146352  0.09555742 -0.06892774 -0.04931461 -0.0571802
  -0.0289641  -0.07594597  0.06732942  0.04456263 -0.08147839  0.06667782
  -0.07125739 -0.01376446 -0.0130789  -0.01480555 -0.0039971  -0.07647885
  -0.07865109  0.27625993  0.05644484 -0.04781003  0.10669933 -0.01158079
   0.02367376 -0.09308676 -0.07898712  0.04716367 -0.0622666  -0.09951263
  -0.02830956 -0.01054683 -0.03212193 -0.0400496  -0.08011729  0.03464613
  -0.08289882  0.01351973 -0.07055046  0.15516537  0.05050595  0.16204444
   0.04302701  0.00466778 -0.06293261 -0.0489368  -0.02279734  0.02008491
   0.11334205 -0.06445778 -0.0412423  -0.06956602 -0.05957555 -0.0317476
   0.09996942  0.263875  ]
 [ 0.13608883 -0.09220916 -0.04432352 -0.0993885  -0.01349061 -0.00684549
  -0.10080504 -0.04466575 -0.04906979 -0.00959166 -0.11578859 -0.01530753
  -0.11688084  0.05853216 -0.05665227  0.23374854 -0.05533059  0.0260877
   0.02252137  0.17905077  0.08200312  0.08780134 -0.1481577  -0.08806086
   0.19183214 -0.10050196  0.01551203 -0.01940103  0.09614215 -0.08711148
  -0.04045102  0.03978509 -0.01475941 -0.0296474   0.04094557  0.03553815
   0.0259118  -0.09307846  0.20987408 -0.00449739 -0.03403481  0.02075876
  -0.05457659  0.03292048 -0.06017377 -0.09684513  0.11108312 -0.11414068
  -0.052168    0.12890777 -0.10742912 -0.01944802  0.18179394 -0.04609569
   0.07040668  0.1421723  -0.11037412  0.07177628  0.1049161  -0.07169049
   0.01151546  0.06560171  0.13785982 -0.11318498  0.20097323  0.14800867
   0.03950822  0.04131598 -0.11694562  0.05165999 -0.04885188  0.08305547
   0.05145701 -0.03315516  0.0423598  -0.04381635  0.00876792  0.07317552
   0.2431592  -0.05081541 -0.08638608  0.04219228 -0.10117887  0.00454809
  -0.0648044  -0.11214752  0.00392967  0.00591115  0.15657847  0.09122205
   0.12522253 -0.00360707  0.13363504 -0.01584047  0.1268523  -0.08350136
  -0.08118386 -0.08676569 -0.03025366  0.01703123 -0.06580992  0.07366122
  -0.08485685 -0.05260552 -0.07648351 -0.01999831 -0.0652354  -0.03307241
   0.07339051  0.14384557 -0.0926469  -0.03234026  0.00125468 -0.04356749
   0.04198168 -0.06823405 -0.03336607 -0.0054127  -0.08825887  0.1667885
  -0.01601363  0.11638999 -0.0428938  -0.0440895   0.03416012  0.02220429
  -0.0433111  -0.08055243]]
