[[ 2.11955339e-04 -6.49261698e-02 -7.92810172e-02 -1.95249677e-01
   3.66807096e-02  6.25423044e-02 -5.78039885e-02 -5.35185300e-02
   1.20922336e-02  3.94718461e-02 -7.98860267e-02  3.78687377e-03
   1.63279310e-01 -1.67660024e-02 -7.88041130e-02 -3.46841924e-02
  -5.12461690e-03  6.80267811e-02  6.67998642e-02 -3.35294418e-02
   1.79004550e-01  5.11665680e-02 -3.03257518e-02  5.43191284e-02
  -1.73750054e-02 -8.36414546e-02  1.34638160e-01 -3.53760496e-02
   3.02257948e-04  1.35091040e-02 -3.64725292e-02 -2.69005960e-03
   5.17684855e-02 -4.64484766e-02  5.75717725e-03  2.30964664e-02
   4.23077457e-02 -8.58409256e-02  1.46409810e-01 -1.38462745e-02
  -1.02169231e-01  2.15187296e-02 -8.07547048e-02  1.89082384e-01
  -1.94619615e-02  5.59520274e-02  3.14824283e-02 -5.26301377e-02
  -4.55675907e-02 -4.37831394e-02 -9.06203836e-02 -1.75381750e-02
   9.18977708e-02 -6.14954941e-02  1.19619474e-01  1.16723828e-01
   1.26334950e-02 -2.16337815e-02  1.50671989e-01 -1.10999011e-01
   2.00417906e-01  7.29260519e-02  4.83120531e-02 -1.50265947e-01
   8.78428202e-03  1.95855405e-02  1.85080301e-02 -1.20522650e-02
  -9.86396521e-02  2.92281955e-01 -5.69701158e-02 -1.03910640e-01
  -4.35286723e-02 -1.05389342e-01  8.48965123e-02 -1.92624610e-02
   1.23629317e-01 -9.05791111e-03  5.30591086e-02 -1.26188397e-01
   1.92473263e-01 -4.13852371e-02 -1.25617579e-01 -3.47711444e-02
   6.63532466e-02 -5.94946444e-02  8.86741802e-02  9.74599048e-02
   3.10762562e-02 -1.32742986e-01 -1.02028400e-01  1.24628618e-01
   3.46804634e-02 -1.27318963e-01  1.26659507e-02  1.07969157e-02
   8.30412284e-02 -5.49603924e-02 -6.75050840e-02  8.65402073e-02
  -1.11789681e-01 -7.72234201e-02 -2.33852807e-02  3.02084908e-03
  -1.22760460e-01  8.22864324e-02 -3.33852768e-02 -1.55045036e-02
  -2.04697456e-02  5.46384528e-02  4.59056571e-02  3.28453481e-02
   2.73692548e-01  7.95702823e-03  1.78276271e-01 -5.59094623e-02
   1.10725679e-01  5.63294739e-02  1.57015480e-03 -6.82710633e-02
  -4.67363484e-02 -7.32414052e-02  5.50151654e-02 -7.51667991e-02
   5.12063690e-02  1.38657615e-01  1.15504049e-01 -6.97970241e-02]
 [ 1.87876701e-01 -1.14759773e-01 -3.57200392e-02 -1.17935039e-01
   5.60559109e-02 -3.54514755e-02 -1.10288903e-01 -7.81013891e-02
  -1.00331232e-01 -3.50066870e-02 -1.14367545e-01 -3.29419831e-03
  -1.33950010e-01  1.38986856e-01 -8.07924345e-02  1.46760777e-01
  -4.01239805e-02 -8.27849843e-03 -5.01923487e-02  1.17155284e-01
  -7.27432147e-02  1.67707548e-01 -1.15580626e-01 -8.48534405e-02
   1.73550054e-01 -1.05173059e-01 -3.85320336e-02  1.92466807e-02
  -3.87083255e-02 -7.51829222e-02 -7.44393468e-02 -5.53480461e-02
   1.22341432e-01 -4.31678165e-03 -3.96725396e-03  2.87251570e-03
   6.03836626e-02 -8.43346566e-02  7.76465386e-02 -8.29823613e-02
   1.57542676e-02 -6.83502033e-02 -7.00555444e-02  2.78786831e-02
  -6.43018335e-02 -9.27425101e-02  1.55978635e-01 -1.23031765e-01
  -6.37651682e-02  1.53362527e-01 -1.29129350e-01 -5.42345829e-02
   9.38141420e-02 -2.60273125e-02  1.53331488e-01  1.30881190e-01
  -1.31298572e-01  2.56824549e-02  4.32497673e-02 -8.79202560e-02
  -6.50652945e-02  4.11477052e-02  1.67604670e-01 -9.06406268e-02
   8.66645128e-02  1.43630877e-01  7.98185938e-04  2.79877726e-02
  -8.07768703e-02 -2.45961435e-02 -2.71903556e-02 -2.70800162e-02
   8.79226625e-02  1.62368845e-02  5.16714789e-02 -5.53880930e-02
  -9.15873200e-02 -2.98863854e-02  1.62994817e-01 -9.91937071e-02
  -7.09147081e-02  2.47948505e-02 -9.85440835e-02 -3.81623805e-02
  -8.49006698e-02 -1.91395450e-02 -2.07876004e-02  3.76661010e-02
   1.02137178e-01  6.03748001e-02  5.39353304e-02 -3.18953618e-02
   1.49197474e-01  6.66325688e-02  2.49958426e-01 -5.58620617e-02
  -9.89576131e-02 -1.07289374e-01 -8.05617049e-02 -6.20433241e-02
  -4.20985781e-02  4.17766627e-03 -3.49301398e-02 -5.44715859e-02
  -4.54684645e-02 -5.73797934e-02 -5.88434488e-02 -9.33828950e-02
   7.55304098e-02  1.44813329e-01 -1.04473144e-01 -8.70091841e-02
  -2.99512483e-02  2.02834550e-02  1.71972498e-01 -1.06162451e-01
  -2.82215886e-02 -1.03826962e-01 -9.84027460e-02  9.60969999e-02
  -4.48121279e-02  4.40226123e-02 -5.44733591e-02 -3.67327407e-02
  -4.09446880e-02  3.84352617e-02 -3.65651920e-02 -7.43622035e-02]
 [-4.24224623e-02 -2.23833080e-02 -8.88127275e-03  4.00170963e-03
   2.57256888e-02 -1.45968832e-02 -5.08852117e-02  2.96812747e-02
   3.38526666e-02  2.33702026e-02  2.25368477e-02 -9.37151760e-02
  -1.00100869e-02  1.09731272e-01 -1.02346569e-01  2.43736804e-02
   3.71002406e-02  5.41634001e-02 -2.18413211e-02  5.15055731e-02
   2.59375185e-01  2.17364818e-01 -4.12093289e-02  2.06718102e-01
   3.53323370e-02 -3.70688178e-02  1.16971575e-01 -3.94405723e-02
  -1.69362128e-02 -5.85024171e-02 -8.06350410e-02  1.28728496e-02
  -4.22709249e-03 -1.38480635e-02 -3.15408930e-02  1.63832288e-02
   1.01359040e-01  3.72636765e-02  2.15859801e-01 -8.45025852e-02
  -4.47415113e-02 -7.92600513e-02 -7.63962865e-02  9.22738314e-02
   1.45960033e-01 -8.70123357e-02 -4.23458777e-02 -7.96686858e-02
  -3.48603837e-02  1.57885533e-02 -1.15524232e-01  1.34714633e-01
   2.20242575e-01 -7.47702047e-02 -1.77593548e-02  1.40094712e-01
  -1.12318791e-01 -1.27482608e-01  6.32119998e-02 -5.13168313e-02
   5.15080839e-02  2.30158400e-02  3.11162353e-01 -8.24933778e-03
  -8.08127597e-02  1.67729571e-01  2.26727445e-02 -4.09430685e-03
  -5.30293956e-02  5.61766140e-02  9.83734950e-02 -6.70911446e-02
  -1.11817801e-02 -7.83979595e-02  9.41890478e-02 -9.19453725e-02
   2.19327454e-02 -4.72101048e-02 -1.15127699e-03 -8.24928656e-02
   3.12388875e-02 -3.19895372e-02 -8.39338154e-02  8.02854449e-02
  -1.45642972e-03 -7.85654262e-02 -1.71128232e-02 -2.01860927e-02
  -1.50096416e-02 -6.96290731e-02 -7.80545473e-02  2.79520720e-01
   5.14242388e-02 -7.77495429e-02  8.98426697e-02 -5.21825720e-03
   4.06006798e-02 -9.41670835e-02 -5.58843873e-02  5.27149811e-02
  -8.26172754e-02 -8.94702077e-02 -8.71873181e-03  1.38316033e-02
  -6.82277232e-02 -2.48282216e-02 -8.18255171e-02  3.06137986e-02
  -7.68849924e-02  1.47495009e-02 -3.55339423e-02  1.81863829e-01
   9.74179134e-02  1.24423042e-01  2.10204348e-02  3.20189893e-02
  -6.76170290e-02  2.67679282e-02 -1.41736837e-02 -1.17871566e-02
   1.02878645e-01 -5.93880601e-02  1.86845660e-02 -7.65127912e-02
  -3.07249725e-02 -2.60678232e-02  7.69497231e-02  1.83384210e-01]]
[[ 2.11955339e-04 -6.49261698e-02 -7.92810172e-02 -1.95249677e-01
   3.66807096e-02  6.25423044e-02 -5.78039885e-02 -5.35185300e-02
   1.20922336e-02  3.94718461e-02 -7.98860267e-02  3.78687377e-03
   1.63279310e-01 -1.67660024e-02 -7.88041130e-02 -3.46841924e-02
  -5.12461690e-03  6.80267811e-02  6.67998642e-02 -3.35294418e-02
   1.79004550e-01  5.11665680e-02 -3.03257518e-02  5.43191284e-02
  -1.73750054e-02 -8.36414546e-02  1.34638160e-01 -3.53760496e-02
   3.02257948e-04  1.35091040e-02 -3.64725292e-02 -2.69005960e-03
   5.17684855e-02 -4.64484766e-02  5.75717725e-03  2.30964664e-02
   4.23077457e-02 -8.58409256e-02  1.46409810e-01 -1.38462745e-02
  -1.02169231e-01  2.15187296e-02 -8.07547048e-02  1.89082384e-01
  -1.94619615e-02  5.59520274e-02  3.14824283e-02 -5.26301377e-02
  -4.55675907e-02 -4.37831394e-02 -9.06203836e-02 -1.75381750e-02
   9.18977708e-02 -6.14954941e-02  1.19619474e-01  1.16723828e-01
   1.26334950e-02 -2.16337815e-02  1.50671989e-01 -1.10999011e-01
   2.00417906e-01  7.29260519e-02  4.83120531e-02 -1.50265947e-01
   8.78428202e-03  1.95855405e-02  1.85080301e-02 -1.20522650e-02
  -9.86396521e-02  2.92281955e-01 -5.69701158e-02 -1.03910640e-01
  -4.35286723e-02 -1.05389342e-01  8.48965123e-02 -1.92624610e-02
   1.23629317e-01 -9.05791111e-03  5.30591086e-02 -1.26188397e-01
   1.92473263e-01 -4.13852371e-02 -1.25617579e-01 -3.47711444e-02
   6.63532466e-02 -5.94946444e-02  8.86741802e-02  9.74599048e-02
   3.10762562e-02 -1.32742986e-01 -1.02028400e-01  1.24628618e-01
   3.46804634e-02 -1.27318963e-01  1.26659507e-02  1.07969157e-02
   8.30412284e-02 -5.49603924e-02 -6.75050840e-02  8.65402073e-02
  -1.11789681e-01 -7.72234201e-02 -2.33852807e-02  3.02084908e-03
  -1.22760460e-01  8.22864324e-02 -3.33852768e-02 -1.55045036e-02
  -2.04697456e-02  5.46384528e-02  4.59056571e-02  3.28453481e-02
   2.73692548e-01  7.95702823e-03  1.78276271e-01 -5.59094623e-02
   1.10725679e-01  5.63294739e-02  1.57015480e-03 -6.82710633e-02
  -4.67363484e-02 -7.32414052e-02  5.50151654e-02 -7.51667991e-02
   5.12063690e-02  1.38657615e-01  1.15504049e-01 -6.97970241e-02]
 [ 1.87876701e-01 -1.14759773e-01 -3.57200392e-02 -1.17935039e-01
   5.60559109e-02 -3.54514755e-02 -1.10288903e-01 -7.81013891e-02
  -1.00331232e-01 -3.50066870e-02 -1.14367545e-01 -3.29419831e-03
  -1.33950010e-01  1.38986856e-01 -8.07924345e-02  1.46760777e-01
  -4.01239805e-02 -8.27849843e-03 -5.01923487e-02  1.17155284e-01
  -7.27432147e-02  1.67707548e-01 -1.15580626e-01 -8.48534405e-02
   1.73550054e-01 -1.05173059e-01 -3.85320336e-02  1.92466807e-02
  -3.87083255e-02 -7.51829222e-02 -7.44393468e-02 -5.53480461e-02
   1.22341432e-01 -4.31678165e-03 -3.96725396e-03  2.87251570e-03
   6.03836626e-02 -8.43346566e-02  7.76465386e-02 -8.29823613e-02
   1.57542676e-02 -6.83502033e-02 -7.00555444e-02  2.78786831e-02
  -6.43018335e-02 -9.27425101e-02  1.55978635e-01 -1.23031765e-01
  -6.37651682e-02  1.53362527e-01 -1.29129350e-01 -5.42345829e-02
   9.38141420e-02 -2.60273125e-02  1.53331488e-01  1.30881190e-01
  -1.31298572e-01  2.56824549e-02  4.32497673e-02 -8.79202560e-02
  -6.50652945e-02  4.11477052e-02  1.67604670e-01 -9.06406268e-02
   8.66645128e-02  1.43630877e-01  7.98185938e-04  2.79877726e-02
  -8.07768703e-02 -2.45961435e-02 -2.71903556e-02 -2.70800162e-02
   8.79226625e-02  1.62368845e-02  5.16714789e-02 -5.53880930e-02
  -9.15873200e-02 -2.98863854e-02  1.62994817e-01 -9.91937071e-02
  -7.09147081e-02  2.47948505e-02 -9.85440835e-02 -3.81623805e-02
  -8.49006698e-02 -1.91395450e-02 -2.07876004e-02  3.76661010e-02
   1.02137178e-01  6.03748001e-02  5.39353304e-02 -3.18953618e-02
   1.49197474e-01  6.66325688e-02  2.49958426e-01 -5.58620617e-02
  -9.89576131e-02 -1.07289374e-01 -8.05617049e-02 -6.20433241e-02
  -4.20985781e-02  4.17766627e-03 -3.49301398e-02 -5.44715859e-02
  -4.54684645e-02 -5.73797934e-02 -5.88434488e-02 -9.33828950e-02
   7.55304098e-02  1.44813329e-01 -1.04473144e-01 -8.70091841e-02
  -2.99512483e-02  2.02834550e-02  1.71972498e-01 -1.06162451e-01
  -2.82215886e-02 -1.03826962e-01 -9.84027460e-02  9.60969999e-02
  -4.48121279e-02  4.40226123e-02 -5.44733591e-02 -3.67327407e-02
  -4.09446880e-02  3.84352617e-02 -3.65651920e-02 -7.43622035e-02]
 [-4.24224623e-02 -2.23833080e-02 -8.88127275e-03  4.00170963e-03
   2.57256888e-02 -1.45968832e-02 -5.08852117e-02  2.96812747e-02
   3.38526666e-02  2.33702026e-02  2.25368477e-02 -9.37151760e-02
  -1.00100869e-02  1.09731272e-01 -1.02346569e-01  2.43736804e-02
   3.71002406e-02  5.41634001e-02 -2.18413211e-02  5.15055731e-02
   2.59375185e-01  2.17364818e-01 -4.12093289e-02  2.06718102e-01
   3.53323370e-02 -3.70688178e-02  1.16971575e-01 -3.94405723e-02
  -1.69362128e-02 -5.85024171e-02 -8.06350410e-02  1.28728496e-02
  -4.22709249e-03 -1.38480635e-02 -3.15408930e-02  1.63832288e-02
   1.01359040e-01  3.72636765e-02  2.15859801e-01 -8.45025852e-02
  -4.47415113e-02 -7.92600513e-02 -7.63962865e-02  9.22738314e-02
   1.45960033e-01 -8.70123357e-02 -4.23458777e-02 -7.96686858e-02
  -3.48603837e-02  1.57885533e-02 -1.15524232e-01  1.34714633e-01
   2.20242575e-01 -7.47702047e-02 -1.77593548e-02  1.40094712e-01
  -1.12318791e-01 -1.27482608e-01  6.32119998e-02 -5.13168313e-02
   5.15080839e-02  2.30158400e-02  3.11162353e-01 -8.24933778e-03
  -8.08127597e-02  1.67729571e-01  2.26727445e-02 -4.09430685e-03
  -5.30293956e-02  5.61766140e-02  9.83734950e-02 -6.70911446e-02
  -1.11817801e-02 -7.83979595e-02  9.41890478e-02 -9.19453725e-02
   2.19327454e-02 -4.72101048e-02 -1.15127699e-03 -8.24928656e-02
   3.12388875e-02 -3.19895372e-02 -8.39338154e-02  8.02854449e-02
  -1.45642972e-03 -7.85654262e-02 -1.71128232e-02 -2.01860927e-02
  -1.50096416e-02 -6.96290731e-02 -7.80545473e-02  2.79520720e-01
   5.14242388e-02 -7.77495429e-02  8.98426697e-02 -5.21825720e-03
   4.06006798e-02 -9.41670835e-02 -5.58843873e-02  5.27149811e-02
  -8.26172754e-02 -8.94702077e-02 -8.71873181e-03  1.38316033e-02
  -6.82277232e-02 -2.48282216e-02 -8.18255171e-02  3.06137986e-02
  -7.68849924e-02  1.47495009e-02 -3.55339423e-02  1.81863829e-01
   9.74179134e-02  1.24423042e-01  2.10204348e-02  3.20189893e-02
  -6.76170290e-02  2.67679282e-02 -1.41736837e-02 -1.17871566e-02
   1.02878645e-01 -5.93880601e-02  1.86845660e-02 -7.65127912e-02
  -3.07249725e-02 -2.60678232e-02  7.69497231e-02  1.83384210e-01]]
[[ 2.11955339e-04 -6.49261698e-02 -7.92810172e-02 -1.95249677e-01
   3.66807096e-02  6.25423044e-02 -5.78039885e-02 -5.35185300e-02
   1.20922336e-02  3.94718461e-02 -7.98860267e-02  3.78687377e-03
   1.63279310e-01 -1.67660024e-02 -7.88041130e-02 -3.46841924e-02
  -5.12461690e-03  6.80267811e-02  6.67998642e-02 -3.35294418e-02
   1.79004550e-01  5.11665680e-02 -3.03257518e-02  5.43191284e-02
  -1.73750054e-02 -8.36414546e-02  1.34638160e-01 -3.53760496e-02
   3.02257948e-04  1.35091040e-02 -3.64725292e-02 -2.69005960e-03
   5.17684855e-02 -4.64484766e-02  5.75717725e-03  2.30964664e-02
   4.23077457e-02 -8.58409256e-02  1.46409810e-01 -1.38462745e-02
  -1.02169231e-01  2.15187296e-02 -8.07547048e-02  1.89082384e-01
  -1.94619615e-02  5.59520274e-02  3.14824283e-02 -5.26301377e-02
  -4.55675907e-02 -4.37831394e-02 -9.06203836e-02 -1.75381750e-02
   9.18977708e-02 -6.14954941e-02  1.19619474e-01  1.16723828e-01
   1.26334950e-02 -2.16337815e-02  1.50671989e-01 -1.10999011e-01
   2.00417906e-01  7.29260519e-02  4.83120531e-02 -1.50265947e-01
   8.78428202e-03  1.95855405e-02  1.85080301e-02 -1.20522650e-02
  -9.86396521e-02  2.92281955e-01 -5.69701158e-02 -1.03910640e-01
  -4.35286723e-02 -1.05389342e-01  8.48965123e-02 -1.92624610e-02
   1.23629317e-01 -9.05791111e-03  5.30591086e-02 -1.26188397e-01
   1.92473263e-01 -4.13852371e-02 -1.25617579e-01 -3.47711444e-02
   6.63532466e-02 -5.94946444e-02  8.86741802e-02  9.74599048e-02
   3.10762562e-02 -1.32742986e-01 -1.02028400e-01  1.24628618e-01
   3.46804634e-02 -1.27318963e-01  1.26659507e-02  1.07969157e-02
   8.30412284e-02 -5.49603924e-02 -6.75050840e-02  8.65402073e-02
  -1.11789681e-01 -7.72234201e-02 -2.33852807e-02  3.02084908e-03
  -1.22760460e-01  8.22864324e-02 -3.33852768e-02 -1.55045036e-02
  -2.04697456e-02  5.46384528e-02  4.59056571e-02  3.28453481e-02
   2.73692548e-01  7.95702823e-03  1.78276271e-01 -5.59094623e-02
   1.10725679e-01  5.63294739e-02  1.57015480e-03 -6.82710633e-02
  -4.67363484e-02 -7.32414052e-02  5.50151654e-02 -7.51667991e-02
   5.12063690e-02  1.38657615e-01  1.15504049e-01 -6.97970241e-02]
 [ 1.87876701e-01 -1.14759773e-01 -3.57200392e-02 -1.17935039e-01
   5.60559109e-02 -3.54514755e-02 -1.10288903e-01 -7.81013891e-02
  -1.00331232e-01 -3.50066870e-02 -1.14367545e-01 -3.29419831e-03
  -1.33950010e-01  1.38986856e-01 -8.07924345e-02  1.46760777e-01
  -4.01239805e-02 -8.27849843e-03 -5.01923487e-02  1.17155284e-01
  -7.27432147e-02  1.67707548e-01 -1.15580626e-01 -8.48534405e-02
   1.73550054e-01 -1.05173059e-01 -3.85320336e-02  1.92466807e-02
  -3.87083255e-02 -7.51829222e-02 -7.44393468e-02 -5.53480461e-02
   1.22341432e-01 -4.31678165e-03 -3.96725396e-03  2.87251570e-03
   6.03836626e-02 -8.43346566e-02  7.76465386e-02 -8.29823613e-02
   1.57542676e-02 -6.83502033e-02 -7.00555444e-02  2.78786831e-02
  -6.43018335e-02 -9.27425101e-02  1.55978635e-01 -1.23031765e-01
  -6.37651682e-02  1.53362527e-01 -1.29129350e-01 -5.42345829e-02
   9.38141420e-02 -2.60273125e-02  1.53331488e-01  1.30881190e-01
  -1.31298572e-01  2.56824549e-02  4.32497673e-02 -8.79202560e-02
  -6.50652945e-02  4.11477052e-02  1.67604670e-01 -9.06406268e-02
   8.66645128e-02  1.43630877e-01  7.98185938e-04  2.79877726e-02
  -8.07768703e-02 -2.45961435e-02 -2.71903556e-02 -2.70800162e-02
   8.79226625e-02  1.62368845e-02  5.16714789e-02 -5.53880930e-02
  -9.15873200e-02 -2.98863854e-02  1.62994817e-01 -9.91937071e-02
  -7.09147081e-02  2.47948505e-02 -9.85440835e-02 -3.81623805e-02
  -8.49006698e-02 -1.91395450e-02 -2.07876004e-02  3.76661010e-02
   1.02137178e-01  6.03748001e-02  5.39353304e-02 -3.18953618e-02
   1.49197474e-01  6.66325688e-02  2.49958426e-01 -5.58620617e-02
  -9.89576131e-02 -1.07289374e-01 -8.05617049e-02 -6.20433241e-02
  -4.20985781e-02  4.17766627e-03 -3.49301398e-02 -5.44715859e-02
  -4.54684645e-02 -5.73797934e-02 -5.88434488e-02 -9.33828950e-02
   7.55304098e-02  1.44813329e-01 -1.04473144e-01 -8.70091841e-02
  -2.99512483e-02  2.02834550e-02  1.71972498e-01 -1.06162451e-01
  -2.82215886e-02 -1.03826962e-01 -9.84027460e-02  9.60969999e-02
  -4.48121279e-02  4.40226123e-02 -5.44733591e-02 -3.67327407e-02
  -4.09446880e-02  3.84352617e-02 -3.65651920e-02 -7.43622035e-02]
 [-4.24224623e-02 -2.23833080e-02 -8.88127275e-03  4.00170963e-03
   2.57256888e-02 -1.45968832e-02 -5.08852117e-02  2.96812747e-02
   3.38526666e-02  2.33702026e-02  2.25368477e-02 -9.37151760e-02
  -1.00100869e-02  1.09731272e-01 -1.02346569e-01  2.43736804e-02
   3.71002406e-02  5.41634001e-02 -2.18413211e-02  5.15055731e-02
   2.59375185e-01  2.17364818e-01 -4.12093289e-02  2.06718102e-01
   3.53323370e-02 -3.70688178e-02  1.16971575e-01 -3.94405723e-02
  -1.69362128e-02 -5.85024171e-02 -8.06350410e-02  1.28728496e-02
  -4.22709249e-03 -1.38480635e-02 -3.15408930e-02  1.63832288e-02
   1.01359040e-01  3.72636765e-02  2.15859801e-01 -8.45025852e-02
  -4.47415113e-02 -7.92600513e-02 -7.63962865e-02  9.22738314e-02
   1.45960033e-01 -8.70123357e-02 -4.23458777e-02 -7.96686858e-02
  -3.48603837e-02  1.57885533e-02 -1.15524232e-01  1.34714633e-01
   2.20242575e-01 -7.47702047e-02 -1.77593548e-02  1.40094712e-01
  -1.12318791e-01 -1.27482608e-01  6.32119998e-02 -5.13168313e-02
   5.15080839e-02  2.30158400e-02  3.11162353e-01 -8.24933778e-03
  -8.08127597e-02  1.67729571e-01  2.26727445e-02 -4.09430685e-03
  -5.30293956e-02  5.61766140e-02  9.83734950e-02 -6.70911446e-02
  -1.11817801e-02 -7.83979595e-02  9.41890478e-02 -9.19453725e-02
   2.19327454e-02 -4.72101048e-02 -1.15127699e-03 -8.24928656e-02
   3.12388875e-02 -3.19895372e-02 -8.39338154e-02  8.02854449e-02
  -1.45642972e-03 -7.85654262e-02 -1.71128232e-02 -2.01860927e-02
  -1.50096416e-02 -6.96290731e-02 -7.80545473e-02  2.79520720e-01
   5.14242388e-02 -7.77495429e-02  8.98426697e-02 -5.21825720e-03
   4.06006798e-02 -9.41670835e-02 -5.58843873e-02  5.27149811e-02
  -8.26172754e-02 -8.94702077e-02 -8.71873181e-03  1.38316033e-02
  -6.82277232e-02 -2.48282216e-02 -8.18255171e-02  3.06137986e-02
  -7.68849924e-02  1.47495009e-02 -3.55339423e-02  1.81863829e-01
   9.74179134e-02  1.24423042e-01  2.10204348e-02  3.20189893e-02
  -6.76170290e-02  2.67679282e-02 -1.41736837e-02 -1.17871566e-02
   1.02878645e-01 -5.93880601e-02  1.86845660e-02 -7.65127912e-02
  -3.07249725e-02 -2.60678232e-02  7.69497231e-02  1.83384210e-01]]
