[[-6.10741079e-02 -2.81150527e-02  6.23791246e-03  3.38266753e-02
   4.22381274e-02 -3.81209105e-02 -6.71319813e-02  1.31003456e-02
   1.91521794e-02  1.81352198e-02  2.04005241e-02 -9.22393128e-02
  -1.58181898e-02  8.04156661e-02 -1.11106291e-01  1.96935236e-02
   6.58683255e-02  1.06498934e-02 -2.87850909e-02  5.65049797e-02
   2.47111663e-01  1.69091627e-01 -4.84198704e-02  2.07526445e-01
   2.04411671e-02 -2.57706717e-02  7.88378790e-02 -3.90491411e-02
  -2.96225697e-02 -5.87570854e-02 -8.84326175e-02  2.37844344e-02
  -2.58675963e-03 -2.35579559e-03 -3.72432284e-02 -1.73590647e-03
   1.20198287e-01  3.97424959e-02  1.77511305e-01 -8.76964107e-02
  -3.28563228e-02 -8.55067000e-02 -7.43497685e-02  6.16770275e-02
   1.28302559e-01 -9.57555696e-02 -3.92621756e-02 -8.38805884e-02
  -4.20853198e-02  2.60594897e-02 -1.16520077e-01  1.71496630e-01
   1.67758495e-01 -7.28636384e-02 -1.34636639e-02  1.49271965e-01
  -1.21563092e-01 -1.22181892e-01  7.38818794e-02 -2.91957017e-02
   1.57868378e-02  1.74219371e-03  2.93357879e-01  1.62114180e-03
  -8.65454823e-02  1.67277947e-01  1.25842066e-02 -6.06816960e-03
  -3.85572463e-02 -3.49568482e-03  1.36086717e-01 -7.50735328e-02
  -3.55060175e-02 -7.04618022e-02  9.81625393e-02 -9.01178420e-02
   1.08303428e-02 -5.70572279e-02 -7.49870390e-03 -9.16713998e-02
   6.55058250e-02 -8.09799694e-03 -8.88798982e-02  8.38663504e-02
  -4.24817242e-02 -7.95857310e-02 -8.94973241e-03 -1.72143634e-02
  -1.45951929e-02 -6.52590469e-02 -8.80291685e-02  2.91595042e-01
   3.89474928e-02 -7.59764090e-02  9.99049023e-02 -2.22466290e-02
   3.97228375e-02 -9.45909023e-02 -6.10646643e-02  5.50609976e-02
  -8.04850310e-02 -9.21348631e-02 -2.60153972e-02 -1.05663110e-02
  -6.70697764e-02 -5.09096906e-02 -8.84119421e-02  6.62086299e-03
  -8.17864016e-02  5.80201577e-03 -5.15668169e-02  2.11524144e-01
   7.25634098e-02  1.44349843e-01  5.37130348e-02 -3.00953211e-03
  -6.99549690e-02  2.19292790e-02 -1.08130034e-02 -1.67765412e-02
   1.04683504e-01 -6.24360256e-02 -1.08847693e-02 -7.30254278e-02
  -4.53551486e-02 -2.02721972e-02  8.74650031e-02  2.29606107e-01]
 [ 1.31360963e-01 -1.02298632e-01 -2.91041303e-02 -1.35931477e-01
   3.61256748e-02 -3.79801504e-02 -1.06062002e-01 -8.70423540e-02
  -7.57321492e-02 -4.06028032e-02 -1.12852499e-01  1.95041280e-02
  -1.21911757e-01  1.36324093e-01 -9.80756879e-02  1.72969222e-01
  -7.42884800e-02  1.65707357e-02 -4.03986163e-02  1.41654819e-01
  -3.78824025e-02  1.62221059e-01 -1.35777339e-01 -9.70822200e-02
   2.23319367e-01 -1.04625829e-01  6.94274250e-03  1.60658499e-04
   1.83741152e-02 -7.49112889e-02 -5.18178977e-02 -2.45694183e-02
   5.82941510e-02 -1.05063887e-02  3.53391445e-03  2.58237906e-02
   2.11927220e-02 -8.43430758e-02  1.18134223e-01 -4.52759974e-02
  -4.23089564e-02 -5.44199981e-02 -6.95648342e-02  9.83031541e-02
  -7.22791553e-02 -1.08158298e-01  1.26000419e-01 -1.20098285e-01
  -5.59969544e-02  1.56909689e-01 -1.10306889e-01 -6.11953549e-02
   1.74390063e-01 -3.00156418e-02  1.24403156e-01  1.38336822e-01
  -1.24906771e-01  3.62056606e-02  6.84191734e-02 -9.15618390e-02
  -1.89582370e-02  6.16353042e-02  1.85794249e-01 -8.75887647e-02
   1.04298234e-01  1.37847736e-01  1.52550107e-02  5.16175181e-02
  -1.04051799e-01  1.34241153e-02 -2.94148475e-02  5.69056487e-03
   8.59124586e-02 -1.81165729e-02  3.99428681e-02 -7.68824145e-02
  -5.89994937e-02 -1.31366532e-02  1.65144354e-01 -8.57401416e-02
  -6.74359202e-02  3.02951951e-02 -9.79255587e-02  3.73142399e-03
  -5.46294786e-02 -2.74585430e-02 -4.98838769e-03  1.97582263e-02
   1.18845731e-01  9.33885276e-02  6.90096021e-02  1.24353459e-02
   1.16911367e-01  7.70623144e-03  2.39740774e-01 -6.73242956e-02
  -8.60813335e-02 -8.87499377e-02 -8.50607976e-02 -5.69036091e-03
  -4.88652065e-02  2.06985585e-02 -4.34567891e-02 -3.18536162e-02
  -4.46384177e-02 -6.05484992e-02 -6.03949502e-02 -7.52515346e-02
   1.11249067e-01  1.47859350e-01 -9.27850455e-02 -7.68174082e-02
  -1.87427402e-02  9.68376081e-03  1.41946733e-01 -9.87025201e-02
  -4.32848111e-02 -5.93459792e-02 -9.67430919e-02  1.31511480e-01
  -6.41487613e-02  9.15027037e-02 -4.68723811e-02 -5.65458722e-02
   1.62199773e-02 -2.69568600e-02 -4.94569875e-02 -8.91333967e-02]]
[[-6.10741079e-02 -2.81150527e-02  6.23791246e-03  3.38266753e-02
   4.22381274e-02 -3.81209105e-02 -6.71319813e-02  1.31003456e-02
   1.91521794e-02  1.81352198e-02  2.04005241e-02 -9.22393128e-02
  -1.58181898e-02  8.04156661e-02 -1.11106291e-01  1.96935236e-02
   6.58683255e-02  1.06498934e-02 -2.87850909e-02  5.65049797e-02
   2.47111663e-01  1.69091627e-01 -4.84198704e-02  2.07526445e-01
   2.04411671e-02 -2.57706717e-02  7.88378790e-02 -3.90491411e-02
  -2.96225697e-02 -5.87570854e-02 -8.84326175e-02  2.37844344e-02
  -2.58675963e-03 -2.35579559e-03 -3.72432284e-02 -1.73590647e-03
   1.20198287e-01  3.97424959e-02  1.77511305e-01 -8.76964107e-02
  -3.28563228e-02 -8.55067000e-02 -7.43497685e-02  6.16770275e-02
   1.28302559e-01 -9.57555696e-02 -3.92621756e-02 -8.38805884e-02
  -4.20853198e-02  2.60594897e-02 -1.16520077e-01  1.71496630e-01
   1.67758495e-01 -7.28636384e-02 -1.34636639e-02  1.49271965e-01
  -1.21563092e-01 -1.22181892e-01  7.38818794e-02 -2.91957017e-02
   1.57868378e-02  1.74219371e-03  2.93357879e-01  1.62114180e-03
  -8.65454823e-02  1.67277947e-01  1.25842066e-02 -6.06816960e-03
  -3.85572463e-02 -3.49568482e-03  1.36086717e-01 -7.50735328e-02
  -3.55060175e-02 -7.04618022e-02  9.81625393e-02 -9.01178420e-02
   1.08303428e-02 -5.70572279e-02 -7.49870390e-03 -9.16713998e-02
   6.55058250e-02 -8.09799694e-03 -8.88798982e-02  8.38663504e-02
  -4.24817242e-02 -7.95857310e-02 -8.94973241e-03 -1.72143634e-02
  -1.45951929e-02 -6.52590469e-02 -8.80291685e-02  2.91595042e-01
   3.89474928e-02 -7.59764090e-02  9.99049023e-02 -2.22466290e-02
   3.97228375e-02 -9.45909023e-02 -6.10646643e-02  5.50609976e-02
  -8.04850310e-02 -9.21348631e-02 -2.60153972e-02 -1.05663110e-02
  -6.70697764e-02 -5.09096906e-02 -8.84119421e-02  6.62086299e-03
  -8.17864016e-02  5.80201577e-03 -5.15668169e-02  2.11524144e-01
   7.25634098e-02  1.44349843e-01  5.37130348e-02 -3.00953211e-03
  -6.99549690e-02  2.19292790e-02 -1.08130034e-02 -1.67765412e-02
   1.04683504e-01 -6.24360256e-02 -1.08847693e-02 -7.30254278e-02
  -4.53551486e-02 -2.02721972e-02  8.74650031e-02  2.29606107e-01]
 [ 1.31360963e-01 -1.02298632e-01 -2.91041303e-02 -1.35931477e-01
   3.61256748e-02 -3.79801504e-02 -1.06062002e-01 -8.70423540e-02
  -7.57321492e-02 -4.06028032e-02 -1.12852499e-01  1.95041280e-02
  -1.21911757e-01  1.36324093e-01 -9.80756879e-02  1.72969222e-01
  -7.42884800e-02  1.65707357e-02 -4.03986163e-02  1.41654819e-01
  -3.78824025e-02  1.62221059e-01 -1.35777339e-01 -9.70822200e-02
   2.23319367e-01 -1.04625829e-01  6.94274250e-03  1.60658499e-04
   1.83741152e-02 -7.49112889e-02 -5.18178977e-02 -2.45694183e-02
   5.82941510e-02 -1.05063887e-02  3.53391445e-03  2.58237906e-02
   2.11927220e-02 -8.43430758e-02  1.18134223e-01 -4.52759974e-02
  -4.23089564e-02 -5.44199981e-02 -6.95648342e-02  9.83031541e-02
  -7.22791553e-02 -1.08158298e-01  1.26000419e-01 -1.20098285e-01
  -5.59969544e-02  1.56909689e-01 -1.10306889e-01 -6.11953549e-02
   1.74390063e-01 -3.00156418e-02  1.24403156e-01  1.38336822e-01
  -1.24906771e-01  3.62056606e-02  6.84191734e-02 -9.15618390e-02
  -1.89582370e-02  6.16353042e-02  1.85794249e-01 -8.75887647e-02
   1.04298234e-01  1.37847736e-01  1.52550107e-02  5.16175181e-02
  -1.04051799e-01  1.34241153e-02 -2.94148475e-02  5.69056487e-03
   8.59124586e-02 -1.81165729e-02  3.99428681e-02 -7.68824145e-02
  -5.89994937e-02 -1.31366532e-02  1.65144354e-01 -8.57401416e-02
  -6.74359202e-02  3.02951951e-02 -9.79255587e-02  3.73142399e-03
  -5.46294786e-02 -2.74585430e-02 -4.98838769e-03  1.97582263e-02
   1.18845731e-01  9.33885276e-02  6.90096021e-02  1.24353459e-02
   1.16911367e-01  7.70623144e-03  2.39740774e-01 -6.73242956e-02
  -8.60813335e-02 -8.87499377e-02 -8.50607976e-02 -5.69036091e-03
  -4.88652065e-02  2.06985585e-02 -4.34567891e-02 -3.18536162e-02
  -4.46384177e-02 -6.05484992e-02 -6.03949502e-02 -7.52515346e-02
   1.11249067e-01  1.47859350e-01 -9.27850455e-02 -7.68174082e-02
  -1.87427402e-02  9.68376081e-03  1.41946733e-01 -9.87025201e-02
  -4.32848111e-02 -5.93459792e-02 -9.67430919e-02  1.31511480e-01
  -6.41487613e-02  9.15027037e-02 -4.68723811e-02 -5.65458722e-02
   1.62199773e-02 -2.69568600e-02 -4.94569875e-02 -8.91333967e-02]]
[[-6.10741079e-02 -2.81150527e-02  6.23791246e-03  3.38266753e-02
   4.22381274e-02 -3.81209105e-02 -6.71319813e-02  1.31003456e-02
   1.91521794e-02  1.81352198e-02  2.04005241e-02 -9.22393128e-02
  -1.58181898e-02  8.04156661e-02 -1.11106291e-01  1.96935236e-02
   6.58683255e-02  1.06498934e-02 -2.87850909e-02  5.65049797e-02
   2.47111663e-01  1.69091627e-01 -4.84198704e-02  2.07526445e-01
   2.04411671e-02 -2.57706717e-02  7.88378790e-02 -3.90491411e-02
  -2.96225697e-02 -5.87570854e-02 -8.84326175e-02  2.37844344e-02
  -2.58675963e-03 -2.35579559e-03 -3.72432284e-02 -1.73590647e-03
   1.20198287e-01  3.97424959e-02  1.77511305e-01 -8.76964107e-02
  -3.28563228e-02 -8.55067000e-02 -7.43497685e-02  6.16770275e-02
   1.28302559e-01 -9.57555696e-02 -3.92621756e-02 -8.38805884e-02
  -4.20853198e-02  2.60594897e-02 -1.16520077e-01  1.71496630e-01
   1.67758495e-01 -7.28636384e-02 -1.34636639e-02  1.49271965e-01
  -1.21563092e-01 -1.22181892e-01  7.38818794e-02 -2.91957017e-02
   1.57868378e-02  1.74219371e-03  2.93357879e-01  1.62114180e-03
  -8.65454823e-02  1.67277947e-01  1.25842066e-02 -6.06816960e-03
  -3.85572463e-02 -3.49568482e-03  1.36086717e-01 -7.50735328e-02
  -3.55060175e-02 -7.04618022e-02  9.81625393e-02 -9.01178420e-02
   1.08303428e-02 -5.70572279e-02 -7.49870390e-03 -9.16713998e-02
   6.55058250e-02 -8.09799694e-03 -8.88798982e-02  8.38663504e-02
  -4.24817242e-02 -7.95857310e-02 -8.94973241e-03 -1.72143634e-02
  -1.45951929e-02 -6.52590469e-02 -8.80291685e-02  2.91595042e-01
   3.89474928e-02 -7.59764090e-02  9.99049023e-02 -2.22466290e-02
   3.97228375e-02 -9.45909023e-02 -6.10646643e-02  5.50609976e-02
  -8.04850310e-02 -9.21348631e-02 -2.60153972e-02 -1.05663110e-02
  -6.70697764e-02 -5.09096906e-02 -8.84119421e-02  6.62086299e-03
  -8.17864016e-02  5.80201577e-03 -5.15668169e-02  2.11524144e-01
   7.25634098e-02  1.44349843e-01  5.37130348e-02 -3.00953211e-03
  -6.99549690e-02  2.19292790e-02 -1.08130034e-02 -1.67765412e-02
   1.04683504e-01 -6.24360256e-02 -1.08847693e-02 -7.30254278e-02
  -4.53551486e-02 -2.02721972e-02  8.74650031e-02  2.29606107e-01]
 [ 1.31360963e-01 -1.02298632e-01 -2.91041303e-02 -1.35931477e-01
   3.61256748e-02 -3.79801504e-02 -1.06062002e-01 -8.70423540e-02
  -7.57321492e-02 -4.06028032e-02 -1.12852499e-01  1.95041280e-02
  -1.21911757e-01  1.36324093e-01 -9.80756879e-02  1.72969222e-01
  -7.42884800e-02  1.65707357e-02 -4.03986163e-02  1.41654819e-01
  -3.78824025e-02  1.62221059e-01 -1.35777339e-01 -9.70822200e-02
   2.23319367e-01 -1.04625829e-01  6.94274250e-03  1.60658499e-04
   1.83741152e-02 -7.49112889e-02 -5.18178977e-02 -2.45694183e-02
   5.82941510e-02 -1.05063887e-02  3.53391445e-03  2.58237906e-02
   2.11927220e-02 -8.43430758e-02  1.18134223e-01 -4.52759974e-02
  -4.23089564e-02 -5.44199981e-02 -6.95648342e-02  9.83031541e-02
  -7.22791553e-02 -1.08158298e-01  1.26000419e-01 -1.20098285e-01
  -5.59969544e-02  1.56909689e-01 -1.10306889e-01 -6.11953549e-02
   1.74390063e-01 -3.00156418e-02  1.24403156e-01  1.38336822e-01
  -1.24906771e-01  3.62056606e-02  6.84191734e-02 -9.15618390e-02
  -1.89582370e-02  6.16353042e-02  1.85794249e-01 -8.75887647e-02
   1.04298234e-01  1.37847736e-01  1.52550107e-02  5.16175181e-02
  -1.04051799e-01  1.34241153e-02 -2.94148475e-02  5.69056487e-03
   8.59124586e-02 -1.81165729e-02  3.99428681e-02 -7.68824145e-02
  -5.89994937e-02 -1.31366532e-02  1.65144354e-01 -8.57401416e-02
  -6.74359202e-02  3.02951951e-02 -9.79255587e-02  3.73142399e-03
  -5.46294786e-02 -2.74585430e-02 -4.98838769e-03  1.97582263e-02
   1.18845731e-01  9.33885276e-02  6.90096021e-02  1.24353459e-02
   1.16911367e-01  7.70623144e-03  2.39740774e-01 -6.73242956e-02
  -8.60813335e-02 -8.87499377e-02 -8.50607976e-02 -5.69036091e-03
  -4.88652065e-02  2.06985585e-02 -4.34567891e-02 -3.18536162e-02
  -4.46384177e-02 -6.05484992e-02 -6.03949502e-02 -7.52515346e-02
   1.11249067e-01  1.47859350e-01 -9.27850455e-02 -7.68174082e-02
  -1.87427402e-02  9.68376081e-03  1.41946733e-01 -9.87025201e-02
  -4.32848111e-02 -5.93459792e-02 -9.67430919e-02  1.31511480e-01
  -6.41487613e-02  9.15027037e-02 -4.68723811e-02 -5.65458722e-02
   1.62199773e-02 -2.69568600e-02 -4.94569875e-02 -8.91333967e-02]]
