[[ 0.09588348 -0.08697437 -0.00774872 -0.12881792 -0.02621621 -0.02306096
  -0.09700602 -0.10064501 -0.0778361   0.00837    -0.12429996  0.04092875
  -0.09781423  0.11365533 -0.08414435  0.23078635 -0.08205885  0.00123428
   0.00478631  0.19412805 -0.01293958  0.1028879  -0.19128798 -0.07063319
   0.18480654 -0.11263676  0.03884502 -0.01072781  0.06024365 -0.06553923
  -0.05613829  0.02504194  0.08282828 -0.03080871  0.03726728 -0.00978828
  -0.00683294 -0.07262151  0.10593283  0.00796026 -0.07046976  0.01391185
  -0.05478669  0.12199256 -0.06503285 -0.09276867  0.08728001 -0.11810286
  -0.07318906  0.15172279 -0.07876579 -0.04824917  0.21797186 -0.05913348
   0.09473634  0.17799331 -0.09748525  0.015753    0.09389749 -0.08996316
   0.00442542  0.12562808  0.12413225 -0.11481023  0.1427435   0.12811063
   0.00517643  0.0286034  -0.12441725  0.06278396 -0.03612781  0.03186053
   0.06474762 -0.03473143  0.03100369 -0.03238053 -0.04341067  0.0080509
   0.18720649 -0.05416079 -0.06820661  0.07800234 -0.10749772  0.01126269
  -0.00465059 -0.00719579  0.00382889  0.04788431  0.13525248  0.05254653
   0.0626987   0.02408302  0.12908353 -0.00601827  0.11613711 -0.05935932
  -0.07805877 -0.08010777 -0.02255859  0.01592396 -0.08738805  0.04908422
  -0.04758205 -0.04110415 -0.09559891  0.03312977 -0.02543095 -0.04421497
   0.0997492   0.13978025 -0.09366411 -0.03821726  0.02803286 -0.02947484
   0.13603106 -0.08887969 -0.02464174  0.07004518 -0.07314257  0.17709346
  -0.05388563  0.16543084 -0.03295467 -0.04900233  0.10107559 -0.00147341
  -0.07478762 -0.0967232 ]
 [-0.03906666 -0.04275446 -0.01446311  0.01020435  0.04812868 -0.00797763
  -0.06658183 -0.00974965 -0.02877354  0.00548231  0.07820553 -0.1014042
  -0.08589987  0.11980837 -0.10852038  0.00847284  0.0932143   0.02903605
  -0.05569042  0.01713963  0.2450509   0.22345424 -0.0276608   0.2022897
   0.00154117 -0.01558333  0.07970832 -0.03894231 -0.04059805 -0.05836066
  -0.08251969 -0.03285061  0.00326319  0.04917967 -0.02840669 -0.02588914
   0.06258561  0.09463217  0.1409969  -0.06428301  0.03166449 -0.08938452
  -0.0769743   0.0253851   0.12085691 -0.08954278 -0.02414741 -0.09175134
  -0.05370844  0.058479   -0.11752293  0.10142615  0.16640091 -0.05208635
   0.02085224  0.10687795 -0.12273649 -0.09844383  0.05871255 -0.03187954
  -0.03853498 -0.01808774  0.320888    0.0254807  -0.07704782  0.2240778
   0.01993939 -0.01818903 -0.04662254 -0.03161152  0.14604244 -0.07027493
  -0.0247163  -0.07262797  0.08402317 -0.08016292 -0.03725173 -0.05368695
  -0.0172105  -0.0833941   0.02876457  0.01708524 -0.0783094   0.03431771
  -0.05265937 -0.01711285 -0.00665331 -0.0316374   0.03514759 -0.07191984
  -0.06235844  0.2726174   0.02776615 -0.05513927  0.09738248 -0.02965109
   0.02479231 -0.09559233 -0.07036768  0.05789418 -0.07422726 -0.09885468
  -0.00425277 -0.0032373  -0.05103645 -0.01202807 -0.09096999  0.03191829
  -0.08047988 -0.00139903 -0.05794279  0.18163742  0.07228707  0.17185865
   0.02577048  0.0169524  -0.06766631 -0.04103955 -0.03404302  0.02868896
   0.14312762 -0.05494399 -0.04057468 -0.07312752 -0.0625395  -0.0211883
   0.07680006  0.23696075]]
[[ 0.09588348 -0.08697437 -0.00774872 -0.12881792 -0.02621621 -0.02306096
  -0.09700602 -0.10064501 -0.0778361   0.00837    -0.12429996  0.04092875
  -0.09781423  0.11365533 -0.08414435  0.23078635 -0.08205885  0.00123428
   0.00478631  0.19412805 -0.01293958  0.1028879  -0.19128798 -0.07063319
   0.18480654 -0.11263676  0.03884502 -0.01072781  0.06024365 -0.06553923
  -0.05613829  0.02504194  0.08282828 -0.03080871  0.03726728 -0.00978828
  -0.00683294 -0.07262151  0.10593283  0.00796026 -0.07046976  0.01391185
  -0.05478669  0.12199256 -0.06503285 -0.09276867  0.08728001 -0.11810286
  -0.07318906  0.15172279 -0.07876579 -0.04824917  0.21797186 -0.05913348
   0.09473634  0.17799331 -0.09748525  0.015753    0.09389749 -0.08996316
   0.00442542  0.12562808  0.12413225 -0.11481023  0.1427435   0.12811063
   0.00517643  0.0286034  -0.12441725  0.06278396 -0.03612781  0.03186053
   0.06474762 -0.03473143  0.03100369 -0.03238053 -0.04341067  0.0080509
   0.18720649 -0.05416079 -0.06820661  0.07800234 -0.10749772  0.01126269
  -0.00465059 -0.00719579  0.00382889  0.04788431  0.13525248  0.05254653
   0.0626987   0.02408302  0.12908353 -0.00601827  0.11613711 -0.05935932
  -0.07805877 -0.08010777 -0.02255859  0.01592396 -0.08738805  0.04908422
  -0.04758205 -0.04110415 -0.09559891  0.03312977 -0.02543095 -0.04421497
   0.0997492   0.13978025 -0.09366411 -0.03821726  0.02803286 -0.02947484
   0.13603106 -0.08887969 -0.02464174  0.07004518 -0.07314257  0.17709346
  -0.05388563  0.16543084 -0.03295467 -0.04900233  0.10107559 -0.00147341
  -0.07478762 -0.0967232 ]
 [-0.03906666 -0.04275446 -0.01446311  0.01020435  0.04812868 -0.00797763
  -0.06658183 -0.00974965 -0.02877354  0.00548231  0.07820553 -0.1014042
  -0.08589987  0.11980837 -0.10852038  0.00847284  0.0932143   0.02903605
  -0.05569042  0.01713963  0.2450509   0.22345424 -0.0276608   0.2022897
   0.00154117 -0.01558333  0.07970832 -0.03894231 -0.04059805 -0.05836066
  -0.08251969 -0.03285061  0.00326319  0.04917967 -0.02840669 -0.02588914
   0.06258561  0.09463217  0.1409969  -0.06428301  0.03166449 -0.08938452
  -0.0769743   0.0253851   0.12085691 -0.08954278 -0.02414741 -0.09175134
  -0.05370844  0.058479   -0.11752293  0.10142615  0.16640091 -0.05208635
   0.02085224  0.10687795 -0.12273649 -0.09844383  0.05871255 -0.03187954
  -0.03853498 -0.01808774  0.320888    0.0254807  -0.07704782  0.2240778
   0.01993939 -0.01818903 -0.04662254 -0.03161152  0.14604244 -0.07027493
  -0.0247163  -0.07262797  0.08402317 -0.08016292 -0.03725173 -0.05368695
  -0.0172105  -0.0833941   0.02876457  0.01708524 -0.0783094   0.03431771
  -0.05265937 -0.01711285 -0.00665331 -0.0316374   0.03514759 -0.07191984
  -0.06235844  0.2726174   0.02776615 -0.05513927  0.09738248 -0.02965109
   0.02479231 -0.09559233 -0.07036768  0.05789418 -0.07422726 -0.09885468
  -0.00425277 -0.0032373  -0.05103645 -0.01202807 -0.09096999  0.03191829
  -0.08047988 -0.00139903 -0.05794279  0.18163742  0.07228707  0.17185865
   0.02577048  0.0169524  -0.06766631 -0.04103955 -0.03404302  0.02868896
   0.14312762 -0.05494399 -0.04057468 -0.07312752 -0.0625395  -0.0211883
   0.07680006  0.23696075]]
[[ 0.09588348 -0.08697437 -0.00774872 -0.12881792 -0.02621621 -0.02306096
  -0.09700602 -0.10064501 -0.0778361   0.00837    -0.12429996  0.04092875
  -0.09781423  0.11365533 -0.08414435  0.23078635 -0.08205885  0.00123428
   0.00478631  0.19412805 -0.01293958  0.1028879  -0.19128798 -0.07063319
   0.18480654 -0.11263676  0.03884502 -0.01072781  0.06024365 -0.06553923
  -0.05613829  0.02504194  0.08282828 -0.03080871  0.03726728 -0.00978828
  -0.00683294 -0.07262151  0.10593283  0.00796026 -0.07046976  0.01391185
  -0.05478669  0.12199256 -0.06503285 -0.09276867  0.08728001 -0.11810286
  -0.07318906  0.15172279 -0.07876579 -0.04824917  0.21797186 -0.05913348
   0.09473634  0.17799331 -0.09748525  0.015753    0.09389749 -0.08996316
   0.00442542  0.12562808  0.12413225 -0.11481023  0.1427435   0.12811063
   0.00517643  0.0286034  -0.12441725  0.06278396 -0.03612781  0.03186053
   0.06474762 -0.03473143  0.03100369 -0.03238053 -0.04341067  0.0080509
   0.18720649 -0.05416079 -0.06820661  0.07800234 -0.10749772  0.01126269
  -0.00465059 -0.00719579  0.00382889  0.04788431  0.13525248  0.05254653
   0.0626987   0.02408302  0.12908353 -0.00601827  0.11613711 -0.05935932
  -0.07805877 -0.08010777 -0.02255859  0.01592396 -0.08738805  0.04908422
  -0.04758205 -0.04110415 -0.09559891  0.03312977 -0.02543095 -0.04421497
   0.0997492   0.13978025 -0.09366411 -0.03821726  0.02803286 -0.02947484
   0.13603106 -0.08887969 -0.02464174  0.07004518 -0.07314257  0.17709346
  -0.05388563  0.16543084 -0.03295467 -0.04900233  0.10107559 -0.00147341
  -0.07478762 -0.0967232 ]
 [-0.03906666 -0.04275446 -0.01446311  0.01020435  0.04812868 -0.00797763
  -0.06658183 -0.00974965 -0.02877354  0.00548231  0.07820553 -0.1014042
  -0.08589987  0.11980837 -0.10852038  0.00847284  0.0932143   0.02903605
  -0.05569042  0.01713963  0.2450509   0.22345424 -0.0276608   0.2022897
   0.00154117 -0.01558333  0.07970832 -0.03894231 -0.04059805 -0.05836066
  -0.08251969 -0.03285061  0.00326319  0.04917967 -0.02840669 -0.02588914
   0.06258561  0.09463217  0.1409969  -0.06428301  0.03166449 -0.08938452
  -0.0769743   0.0253851   0.12085691 -0.08954278 -0.02414741 -0.09175134
  -0.05370844  0.058479   -0.11752293  0.10142615  0.16640091 -0.05208635
   0.02085224  0.10687795 -0.12273649 -0.09844383  0.05871255 -0.03187954
  -0.03853498 -0.01808774  0.320888    0.0254807  -0.07704782  0.2240778
   0.01993939 -0.01818903 -0.04662254 -0.03161152  0.14604244 -0.07027493
  -0.0247163  -0.07262797  0.08402317 -0.08016292 -0.03725173 -0.05368695
  -0.0172105  -0.0833941   0.02876457  0.01708524 -0.0783094   0.03431771
  -0.05265937 -0.01711285 -0.00665331 -0.0316374   0.03514759 -0.07191984
  -0.06235844  0.2726174   0.02776615 -0.05513927  0.09738248 -0.02965109
   0.02479231 -0.09559233 -0.07036768  0.05789418 -0.07422726 -0.09885468
  -0.00425277 -0.0032373  -0.05103645 -0.01202807 -0.09096999  0.03191829
  -0.08047988 -0.00139903 -0.05794279  0.18163742  0.07228707  0.17185865
   0.02577048  0.0169524  -0.06766631 -0.04103955 -0.03404302  0.02868896
   0.14312762 -0.05494399 -0.04057468 -0.07312752 -0.0625395  -0.0211883
   0.07680006  0.23696075]]
