[[ 1.19890906e-01 -8.85550305e-02  6.11775927e-02 -3.78343426e-02
   1.47164822e-01 -1.56378228e-04 -1.14051402e-01 -7.42267370e-02
  -1.36950031e-01 -5.17661497e-02 -1.44840598e-01 -3.19857001e-02
  -1.29003614e-01  1.21875703e-02 -1.31284939e-02  2.10642606e-01
  -6.05660453e-02  2.14827228e-02 -6.11598380e-02  1.38691977e-01
  -1.02254853e-01  1.24244221e-01 -1.65109396e-01 -8.17646533e-02
   7.62240812e-02 -8.87063891e-02 -2.50106789e-02  8.44262391e-02
  -4.10981663e-02 -1.01090632e-01 -1.10701472e-01  3.40071544e-02
   3.98120508e-02 -8.56211707e-02 -8.09924863e-03 -1.63257234e-02
   1.14753954e-02 -9.40967053e-02  1.50661329e-02 -9.42538008e-02
  -1.62688326e-02 -5.31569794e-02 -2.51019262e-02  3.18014063e-02
  -2.08397806e-02 -9.04006418e-03  4.46126424e-02 -1.19037256e-01
  -4.65058833e-02  8.63881558e-02 -1.50608405e-01 -8.54111277e-03
  -2.33849734e-02  4.17618826e-02  4.77067903e-02  2.04132155e-01
  -1.35765195e-01 -2.15632245e-02  1.41376540e-01 -8.97832438e-02
  -1.68226939e-02  1.56278118e-01 -7.72992428e-03 -1.04024708e-01
   5.41919060e-02  6.17753640e-02  5.81304617e-02  7.75629357e-02
  -6.39476674e-03 -7.62104988e-02 -2.94711199e-02 -7.28944093e-02
   7.22372755e-02 -3.73844989e-02  4.86212634e-02 -4.62076031e-02
  -1.30547032e-01 -4.07186672e-02  2.04527944e-01 -5.33572100e-02
  -9.44900662e-02 -1.98919773e-02 -1.01722419e-01 -3.10522970e-02
  -7.56861642e-02 -4.87407260e-02  1.66635439e-02  4.21785936e-02
  -8.21165508e-04  1.14306733e-01  8.72503892e-02 -4.33275811e-02
   1.73348591e-01  5.26855215e-02  2.29208782e-01 -1.43852010e-01
  -1.28631681e-01 -1.10046446e-01 -8.65168720e-02 -6.57038689e-02
  -8.14468693e-03  5.06608896e-02 -2.27258839e-02 -5.09902984e-02
  -9.96336341e-02 -4.87444736e-02 -3.22421156e-02 -1.42238334e-01
   1.55661836e-01  1.26637802e-01 -1.19363248e-01 -8.50050077e-02
  -9.96097699e-02 -4.55455780e-02  1.15958109e-01 -1.14749230e-01
   1.26189915e-02 -1.28399029e-01 -9.73231420e-02 -1.24101415e-02
  -6.59416392e-02 -1.39068877e-02 -2.62709763e-02  2.84780171e-02
  -2.86221188e-02  6.74770772e-03 -2.41093375e-02 -8.99404362e-02]
 [-3.76478061e-02 -3.99318561e-02 -3.94893177e-02  1.70211773e-02
  -4.37777303e-02 -4.12517190e-02 -5.21798357e-02  1.63073558e-02
   5.90323135e-02 -1.29979395e-03 -2.65689101e-02 -7.92301297e-02
   1.64010543e-02  1.20590329e-01 -9.76670161e-02  2.29159072e-02
  -1.23147024e-02  3.69991399e-02  8.86431430e-03  6.41979128e-02
   1.99043900e-01  1.39594674e-01 -9.07495096e-02  1.70042247e-01
   7.62721971e-02 -6.07218631e-02  1.64537832e-01 -3.21653150e-02
   1.32727399e-02 -3.92438620e-02 -8.00860524e-02  2.25846078e-02
   1.07241999e-02 -3.59085687e-02 -3.71085107e-02 -2.08993466e-03
   1.16996430e-01  1.18384520e-02  2.40912408e-01 -8.51309299e-02
  -6.26956820e-02 -5.51634543e-02 -5.33207431e-02  5.98810017e-02
   1.18136384e-01 -8.42354447e-02 -2.73810439e-02 -7.50324503e-02
  -3.83567847e-02  8.19397811e-03 -1.08347863e-01  1.62879467e-01
   2.09067240e-01 -7.38525689e-02  7.13211298e-03  1.90086588e-01
  -1.12233810e-01 -1.78372860e-01  5.91687411e-02 -6.00501746e-02
   7.41251633e-02  8.96936879e-02  2.66272753e-01 -3.83501463e-02
  -7.45811313e-02  1.98814034e-01 -3.23676392e-02 -8.51908326e-03
  -5.99970333e-02  1.06320389e-01  3.86262275e-02 -7.19832256e-02
   8.98864865e-03 -8.03705752e-02  1.12795375e-01 -9.42075327e-02
   6.46736026e-02 -5.39910942e-02 -2.60915197e-02 -1.01520851e-01
   8.66716057e-02 -2.90494487e-02 -8.15376639e-02  8.58189911e-02
   1.30575802e-02 -1.17929377e-01 -2.84035634e-02  5.43234944e-02
  -1.60916205e-02 -3.95183936e-02 -8.13228935e-02  2.89208770e-01
   1.80784632e-02 -7.73124695e-02  1.22085452e-01  7.42435036e-03
   4.05935906e-02 -8.72837007e-02 -5.51683344e-02  2.92219054e-02
  -7.76738003e-02 -7.24206418e-02 -2.38664150e-02 -2.28675622e-02
  -8.37106779e-02 -4.89327013e-02 -7.51238242e-02  2.27658693e-02
  -6.21523745e-02  4.58277110e-03 -2.61382572e-02  1.44786641e-01
   9.19633508e-02  5.28999120e-02  6.54594153e-02  2.21224651e-02
  -5.38421683e-02  1.13548942e-01 -3.30270752e-02 -3.24728223e-03
   1.01250514e-01 -5.60194366e-02 -5.94479451e-03 -6.99728653e-02
   1.00255460e-02 -1.95743726e-03  1.05741136e-01  1.51413664e-01]]
[[ 1.19890906e-01 -8.85550305e-02  6.11775927e-02 -3.78343426e-02
   1.47164822e-01 -1.56378228e-04 -1.14051402e-01 -7.42267370e-02
  -1.36950031e-01 -5.17661497e-02 -1.44840598e-01 -3.19857001e-02
  -1.29003614e-01  1.21875703e-02 -1.31284939e-02  2.10642606e-01
  -6.05660453e-02  2.14827228e-02 -6.11598380e-02  1.38691977e-01
  -1.02254853e-01  1.24244221e-01 -1.65109396e-01 -8.17646533e-02
   7.62240812e-02 -8.87063891e-02 -2.50106789e-02  8.44262391e-02
  -4.10981663e-02 -1.01090632e-01 -1.10701472e-01  3.40071544e-02
   3.98120508e-02 -8.56211707e-02 -8.09924863e-03 -1.63257234e-02
   1.14753954e-02 -9.40967053e-02  1.50661329e-02 -9.42538008e-02
  -1.62688326e-02 -5.31569794e-02 -2.51019262e-02  3.18014063e-02
  -2.08397806e-02 -9.04006418e-03  4.46126424e-02 -1.19037256e-01
  -4.65058833e-02  8.63881558e-02 -1.50608405e-01 -8.54111277e-03
  -2.33849734e-02  4.17618826e-02  4.77067903e-02  2.04132155e-01
  -1.35765195e-01 -2.15632245e-02  1.41376540e-01 -8.97832438e-02
  -1.68226939e-02  1.56278118e-01 -7.72992428e-03 -1.04024708e-01
   5.41919060e-02  6.17753640e-02  5.81304617e-02  7.75629357e-02
  -6.39476674e-03 -7.62104988e-02 -2.94711199e-02 -7.28944093e-02
   7.22372755e-02 -3.73844989e-02  4.86212634e-02 -4.62076031e-02
  -1.30547032e-01 -4.07186672e-02  2.04527944e-01 -5.33572100e-02
  -9.44900662e-02 -1.98919773e-02 -1.01722419e-01 -3.10522970e-02
  -7.56861642e-02 -4.87407260e-02  1.66635439e-02  4.21785936e-02
  -8.21165508e-04  1.14306733e-01  8.72503892e-02 -4.33275811e-02
   1.73348591e-01  5.26855215e-02  2.29208782e-01 -1.43852010e-01
  -1.28631681e-01 -1.10046446e-01 -8.65168720e-02 -6.57038689e-02
  -8.14468693e-03  5.06608896e-02 -2.27258839e-02 -5.09902984e-02
  -9.96336341e-02 -4.87444736e-02 -3.22421156e-02 -1.42238334e-01
   1.55661836e-01  1.26637802e-01 -1.19363248e-01 -8.50050077e-02
  -9.96097699e-02 -4.55455780e-02  1.15958109e-01 -1.14749230e-01
   1.26189915e-02 -1.28399029e-01 -9.73231420e-02 -1.24101415e-02
  -6.59416392e-02 -1.39068877e-02 -2.62709763e-02  2.84780171e-02
  -2.86221188e-02  6.74770772e-03 -2.41093375e-02 -8.99404362e-02]
 [-3.76478061e-02 -3.99318561e-02 -3.94893177e-02  1.70211773e-02
  -4.37777303e-02 -4.12517190e-02 -5.21798357e-02  1.63073558e-02
   5.90323135e-02 -1.29979395e-03 -2.65689101e-02 -7.92301297e-02
   1.64010543e-02  1.20590329e-01 -9.76670161e-02  2.29159072e-02
  -1.23147024e-02  3.69991399e-02  8.86431430e-03  6.41979128e-02
   1.99043900e-01  1.39594674e-01 -9.07495096e-02  1.70042247e-01
   7.62721971e-02 -6.07218631e-02  1.64537832e-01 -3.21653150e-02
   1.32727399e-02 -3.92438620e-02 -8.00860524e-02  2.25846078e-02
   1.07241999e-02 -3.59085687e-02 -3.71085107e-02 -2.08993466e-03
   1.16996430e-01  1.18384520e-02  2.40912408e-01 -8.51309299e-02
  -6.26956820e-02 -5.51634543e-02 -5.33207431e-02  5.98810017e-02
   1.18136384e-01 -8.42354447e-02 -2.73810439e-02 -7.50324503e-02
  -3.83567847e-02  8.19397811e-03 -1.08347863e-01  1.62879467e-01
   2.09067240e-01 -7.38525689e-02  7.13211298e-03  1.90086588e-01
  -1.12233810e-01 -1.78372860e-01  5.91687411e-02 -6.00501746e-02
   7.41251633e-02  8.96936879e-02  2.66272753e-01 -3.83501463e-02
  -7.45811313e-02  1.98814034e-01 -3.23676392e-02 -8.51908326e-03
  -5.99970333e-02  1.06320389e-01  3.86262275e-02 -7.19832256e-02
   8.98864865e-03 -8.03705752e-02  1.12795375e-01 -9.42075327e-02
   6.46736026e-02 -5.39910942e-02 -2.60915197e-02 -1.01520851e-01
   8.66716057e-02 -2.90494487e-02 -8.15376639e-02  8.58189911e-02
   1.30575802e-02 -1.17929377e-01 -2.84035634e-02  5.43234944e-02
  -1.60916205e-02 -3.95183936e-02 -8.13228935e-02  2.89208770e-01
   1.80784632e-02 -7.73124695e-02  1.22085452e-01  7.42435036e-03
   4.05935906e-02 -8.72837007e-02 -5.51683344e-02  2.92219054e-02
  -7.76738003e-02 -7.24206418e-02 -2.38664150e-02 -2.28675622e-02
  -8.37106779e-02 -4.89327013e-02 -7.51238242e-02  2.27658693e-02
  -6.21523745e-02  4.58277110e-03 -2.61382572e-02  1.44786641e-01
   9.19633508e-02  5.28999120e-02  6.54594153e-02  2.21224651e-02
  -5.38421683e-02  1.13548942e-01 -3.30270752e-02 -3.24728223e-03
   1.01250514e-01 -5.60194366e-02 -5.94479451e-03 -6.99728653e-02
   1.00255460e-02 -1.95743726e-03  1.05741136e-01  1.51413664e-01]]
[[ 1.19890906e-01 -8.85550305e-02  6.11775927e-02 -3.78343426e-02
   1.47164822e-01 -1.56378228e-04 -1.14051402e-01 -7.42267370e-02
  -1.36950031e-01 -5.17661497e-02 -1.44840598e-01 -3.19857001e-02
  -1.29003614e-01  1.21875703e-02 -1.31284939e-02  2.10642606e-01
  -6.05660453e-02  2.14827228e-02 -6.11598380e-02  1.38691977e-01
  -1.02254853e-01  1.24244221e-01 -1.65109396e-01 -8.17646533e-02
   7.62240812e-02 -8.87063891e-02 -2.50106789e-02  8.44262391e-02
  -4.10981663e-02 -1.01090632e-01 -1.10701472e-01  3.40071544e-02
   3.98120508e-02 -8.56211707e-02 -8.09924863e-03 -1.63257234e-02
   1.14753954e-02 -9.40967053e-02  1.50661329e-02 -9.42538008e-02
  -1.62688326e-02 -5.31569794e-02 -2.51019262e-02  3.18014063e-02
  -2.08397806e-02 -9.04006418e-03  4.46126424e-02 -1.19037256e-01
  -4.65058833e-02  8.63881558e-02 -1.50608405e-01 -8.54111277e-03
  -2.33849734e-02  4.17618826e-02  4.77067903e-02  2.04132155e-01
  -1.35765195e-01 -2.15632245e-02  1.41376540e-01 -8.97832438e-02
  -1.68226939e-02  1.56278118e-01 -7.72992428e-03 -1.04024708e-01
   5.41919060e-02  6.17753640e-02  5.81304617e-02  7.75629357e-02
  -6.39476674e-03 -7.62104988e-02 -2.94711199e-02 -7.28944093e-02
   7.22372755e-02 -3.73844989e-02  4.86212634e-02 -4.62076031e-02
  -1.30547032e-01 -4.07186672e-02  2.04527944e-01 -5.33572100e-02
  -9.44900662e-02 -1.98919773e-02 -1.01722419e-01 -3.10522970e-02
  -7.56861642e-02 -4.87407260e-02  1.66635439e-02  4.21785936e-02
  -8.21165508e-04  1.14306733e-01  8.72503892e-02 -4.33275811e-02
   1.73348591e-01  5.26855215e-02  2.29208782e-01 -1.43852010e-01
  -1.28631681e-01 -1.10046446e-01 -8.65168720e-02 -6.57038689e-02
  -8.14468693e-03  5.06608896e-02 -2.27258839e-02 -5.09902984e-02
  -9.96336341e-02 -4.87444736e-02 -3.22421156e-02 -1.42238334e-01
   1.55661836e-01  1.26637802e-01 -1.19363248e-01 -8.50050077e-02
  -9.96097699e-02 -4.55455780e-02  1.15958109e-01 -1.14749230e-01
   1.26189915e-02 -1.28399029e-01 -9.73231420e-02 -1.24101415e-02
  -6.59416392e-02 -1.39068877e-02 -2.62709763e-02  2.84780171e-02
  -2.86221188e-02  6.74770772e-03 -2.41093375e-02 -8.99404362e-02]
 [-3.76478061e-02 -3.99318561e-02 -3.94893177e-02  1.70211773e-02
  -4.37777303e-02 -4.12517190e-02 -5.21798357e-02  1.63073558e-02
   5.90323135e-02 -1.29979395e-03 -2.65689101e-02 -7.92301297e-02
   1.64010543e-02  1.20590329e-01 -9.76670161e-02  2.29159072e-02
  -1.23147024e-02  3.69991399e-02  8.86431430e-03  6.41979128e-02
   1.99043900e-01  1.39594674e-01 -9.07495096e-02  1.70042247e-01
   7.62721971e-02 -6.07218631e-02  1.64537832e-01 -3.21653150e-02
   1.32727399e-02 -3.92438620e-02 -8.00860524e-02  2.25846078e-02
   1.07241999e-02 -3.59085687e-02 -3.71085107e-02 -2.08993466e-03
   1.16996430e-01  1.18384520e-02  2.40912408e-01 -8.51309299e-02
  -6.26956820e-02 -5.51634543e-02 -5.33207431e-02  5.98810017e-02
   1.18136384e-01 -8.42354447e-02 -2.73810439e-02 -7.50324503e-02
  -3.83567847e-02  8.19397811e-03 -1.08347863e-01  1.62879467e-01
   2.09067240e-01 -7.38525689e-02  7.13211298e-03  1.90086588e-01
  -1.12233810e-01 -1.78372860e-01  5.91687411e-02 -6.00501746e-02
   7.41251633e-02  8.96936879e-02  2.66272753e-01 -3.83501463e-02
  -7.45811313e-02  1.98814034e-01 -3.23676392e-02 -8.51908326e-03
  -5.99970333e-02  1.06320389e-01  3.86262275e-02 -7.19832256e-02
   8.98864865e-03 -8.03705752e-02  1.12795375e-01 -9.42075327e-02
   6.46736026e-02 -5.39910942e-02 -2.60915197e-02 -1.01520851e-01
   8.66716057e-02 -2.90494487e-02 -8.15376639e-02  8.58189911e-02
   1.30575802e-02 -1.17929377e-01 -2.84035634e-02  5.43234944e-02
  -1.60916205e-02 -3.95183936e-02 -8.13228935e-02  2.89208770e-01
   1.80784632e-02 -7.73124695e-02  1.22085452e-01  7.42435036e-03
   4.05935906e-02 -8.72837007e-02 -5.51683344e-02  2.92219054e-02
  -7.76738003e-02 -7.24206418e-02 -2.38664150e-02 -2.28675622e-02
  -8.37106779e-02 -4.89327013e-02 -7.51238242e-02  2.27658693e-02
  -6.21523745e-02  4.58277110e-03 -2.61382572e-02  1.44786641e-01
   9.19633508e-02  5.28999120e-02  6.54594153e-02  2.21224651e-02
  -5.38421683e-02  1.13548942e-01 -3.30270752e-02 -3.24728223e-03
   1.01250514e-01 -5.60194366e-02 -5.94479451e-03 -6.99728653e-02
   1.00255460e-02 -1.95743726e-03  1.05741136e-01  1.51413664e-01]]
