[[-0.05226946 -0.03011053 -0.0084388   0.03331839 -0.01510355 -0.0456608
  -0.05314239 -0.01473964  0.01559349 -0.02816585 -0.0476649  -0.08843167
   0.01935042  0.1139574  -0.10145208  0.02928481 -0.00713842  0.02731735
   0.0081917   0.08484896  0.17202662  0.13568586 -0.10577178  0.15134461
   0.0840477  -0.06625468  0.17159308 -0.04181474 -0.01518141 -0.03039203
  -0.08297174  0.01773949 -0.00687823 -0.04266467 -0.0323041  -0.00042706
   0.1307733   0.01112916  0.23257034 -0.09555581 -0.05908813 -0.05429742
  -0.05865481  0.0590121   0.10313065 -0.08968454 -0.04263195 -0.08185901
  -0.02897499  0.02226147 -0.11142141  0.19006556  0.18484446 -0.07637943
   0.01845513  0.23212501 -0.12103828 -0.18091318  0.06786925 -0.06306813
   0.06068225  0.11574697  0.23473619 -0.04218352 -0.07551967  0.18601698
  -0.04888696 -0.00286982 -0.05756088  0.12599583  0.07593168 -0.07877705
   0.00151205 -0.08833372  0.10442091 -0.10103715  0.0629872  -0.05476606
  -0.0372037  -0.11278123  0.10715001 -0.00957724 -0.0862142   0.09300401
   0.0122579  -0.12997405 -0.02813832  0.05135043 -0.02410072 -0.02124343
  -0.0879728   0.27859706  0.00869919 -0.07460725  0.1497751   0.00260574
   0.02376714 -0.09131654 -0.04129471  0.0252206  -0.07761984 -0.0762871
  -0.03055923 -0.03081685 -0.09451023 -0.06112966 -0.08043244  0.01722174
  -0.05886607 -0.00030258 -0.03319864  0.11428957  0.06787641  0.03734298
   0.09231187  0.01676919 -0.04950509  0.12870385 -0.04436208 -0.02671869
   0.07025713 -0.05209256  0.00312801 -0.07005479  0.01778308 -0.00641028
   0.08828034  0.09686092]
 [ 0.06578395 -0.0366072   0.07450244 -0.04924526  0.14885436  0.02826422
  -0.08755976 -0.007646   -0.08393793 -0.03874194 -0.13283335  0.01158718
  -0.10091275  0.00815113 -0.00617444  0.19626495 -0.00841194  0.06740386
  -0.02387978  0.19186886 -0.09373462  0.06887739 -0.12439628 -0.08257447
   0.10777298 -0.0796124  -0.02906759  0.03713286 -0.04728062 -0.07534944
  -0.03484581  0.06311636  0.03774316 -0.09906954  0.01153896 -0.00469217
   0.10119252 -0.08191428  0.01736381 -0.08746838 -0.0415722   0.04615402
  -0.01499021  0.01241582 -0.01094545  0.01563356 -0.00954639 -0.10103885
   0.0054416   0.15258172 -0.11376382 -0.01598896 -0.03785159  0.03416427
   0.04239018  0.19954623 -0.1375309   0.00478464  0.13018939 -0.06625571
   0.05875692  0.13391647 -0.03632152 -0.10194457  0.03930328  0.08934907
   0.08775529  0.12232234 -0.07656521 -0.0339752  -0.03348493 -0.07585366
   0.04625027 -0.09375095  0.13299331 -0.00975703 -0.08189119  0.00617438
   0.27404764  0.0063995  -0.0660421  -0.05476301 -0.09927274  0.06281093
  -0.05450031 -0.10670774  0.1116576  -0.02859156 -0.00040908  0.10363663
   0.10508153 -0.05765784  0.18796594  0.08697858  0.18447675 -0.17816547
  -0.12294924 -0.0975553  -0.05732627 -0.05550281 -0.01727956  0.07043177
  -0.00738421 -0.06416598 -0.11319234 -0.03733711 -0.00463943 -0.13904245
   0.11798327  0.08079144 -0.11626789 -0.09460025 -0.09295383 -0.04072784
   0.19172469 -0.11958203  0.08291696 -0.08867155 -0.10770483 -0.05143121
  -0.07218947  0.04912033 -0.03472751  0.01481477 -0.0191076   0.01518474
   0.03032753 -0.08402708]]
[[-0.05226946 -0.03011053 -0.0084388   0.03331839 -0.01510355 -0.0456608
  -0.05314239 -0.01473964  0.01559349 -0.02816585 -0.0476649  -0.08843167
   0.01935042  0.1139574  -0.10145208  0.02928481 -0.00713842  0.02731735
   0.0081917   0.08484896  0.17202662  0.13568586 -0.10577178  0.15134461
   0.0840477  -0.06625468  0.17159308 -0.04181474 -0.01518141 -0.03039203
  -0.08297174  0.01773949 -0.00687823 -0.04266467 -0.0323041  -0.00042706
   0.1307733   0.01112916  0.23257034 -0.09555581 -0.05908813 -0.05429742
  -0.05865481  0.0590121   0.10313065 -0.08968454 -0.04263195 -0.08185901
  -0.02897499  0.02226147 -0.11142141  0.19006556  0.18484446 -0.07637943
   0.01845513  0.23212501 -0.12103828 -0.18091318  0.06786925 -0.06306813
   0.06068225  0.11574697  0.23473619 -0.04218352 -0.07551967  0.18601698
  -0.04888696 -0.00286982 -0.05756088  0.12599583  0.07593168 -0.07877705
   0.00151205 -0.08833372  0.10442091 -0.10103715  0.0629872  -0.05476606
  -0.0372037  -0.11278123  0.10715001 -0.00957724 -0.0862142   0.09300401
   0.0122579  -0.12997405 -0.02813832  0.05135043 -0.02410072 -0.02124343
  -0.0879728   0.27859706  0.00869919 -0.07460725  0.1497751   0.00260574
   0.02376714 -0.09131654 -0.04129471  0.0252206  -0.07761984 -0.0762871
  -0.03055923 -0.03081685 -0.09451023 -0.06112966 -0.08043244  0.01722174
  -0.05886607 -0.00030258 -0.03319864  0.11428957  0.06787641  0.03734298
   0.09231187  0.01676919 -0.04950509  0.12870385 -0.04436208 -0.02671869
   0.07025713 -0.05209256  0.00312801 -0.07005479  0.01778308 -0.00641028
   0.08828034  0.09686092]
 [ 0.06578395 -0.0366072   0.07450244 -0.04924526  0.14885436  0.02826422
  -0.08755976 -0.007646   -0.08393793 -0.03874194 -0.13283335  0.01158718
  -0.10091275  0.00815113 -0.00617444  0.19626495 -0.00841194  0.06740386
  -0.02387978  0.19186886 -0.09373462  0.06887739 -0.12439628 -0.08257447
   0.10777298 -0.0796124  -0.02906759  0.03713286 -0.04728062 -0.07534944
  -0.03484581  0.06311636  0.03774316 -0.09906954  0.01153896 -0.00469217
   0.10119252 -0.08191428  0.01736381 -0.08746838 -0.0415722   0.04615402
  -0.01499021  0.01241582 -0.01094545  0.01563356 -0.00954639 -0.10103885
   0.0054416   0.15258172 -0.11376382 -0.01598896 -0.03785159  0.03416427
   0.04239018  0.19954623 -0.1375309   0.00478464  0.13018939 -0.06625571
   0.05875692  0.13391647 -0.03632152 -0.10194457  0.03930328  0.08934907
   0.08775529  0.12232234 -0.07656521 -0.0339752  -0.03348493 -0.07585366
   0.04625027 -0.09375095  0.13299331 -0.00975703 -0.08189119  0.00617438
   0.27404764  0.0063995  -0.0660421  -0.05476301 -0.09927274  0.06281093
  -0.05450031 -0.10670774  0.1116576  -0.02859156 -0.00040908  0.10363663
   0.10508153 -0.05765784  0.18796594  0.08697858  0.18447675 -0.17816547
  -0.12294924 -0.0975553  -0.05732627 -0.05550281 -0.01727956  0.07043177
  -0.00738421 -0.06416598 -0.11319234 -0.03733711 -0.00463943 -0.13904245
   0.11798327  0.08079144 -0.11626789 -0.09460025 -0.09295383 -0.04072784
   0.19172469 -0.11958203  0.08291696 -0.08867155 -0.10770483 -0.05143121
  -0.07218947  0.04912033 -0.03472751  0.01481477 -0.0191076   0.01518474
   0.03032753 -0.08402708]]
[[-0.05226946 -0.03011053 -0.0084388   0.03331839 -0.01510355 -0.0456608
  -0.05314239 -0.01473964  0.01559349 -0.02816585 -0.0476649  -0.08843167
   0.01935042  0.1139574  -0.10145208  0.02928481 -0.00713842  0.02731735
   0.0081917   0.08484896  0.17202662  0.13568586 -0.10577178  0.15134461
   0.0840477  -0.06625468  0.17159308 -0.04181474 -0.01518141 -0.03039203
  -0.08297174  0.01773949 -0.00687823 -0.04266467 -0.0323041  -0.00042706
   0.1307733   0.01112916  0.23257034 -0.09555581 -0.05908813 -0.05429742
  -0.05865481  0.0590121   0.10313065 -0.08968454 -0.04263195 -0.08185901
  -0.02897499  0.02226147 -0.11142141  0.19006556  0.18484446 -0.07637943
   0.01845513  0.23212501 -0.12103828 -0.18091318  0.06786925 -0.06306813
   0.06068225  0.11574697  0.23473619 -0.04218352 -0.07551967  0.18601698
  -0.04888696 -0.00286982 -0.05756088  0.12599583  0.07593168 -0.07877705
   0.00151205 -0.08833372  0.10442091 -0.10103715  0.0629872  -0.05476606
  -0.0372037  -0.11278123  0.10715001 -0.00957724 -0.0862142   0.09300401
   0.0122579  -0.12997405 -0.02813832  0.05135043 -0.02410072 -0.02124343
  -0.0879728   0.27859706  0.00869919 -0.07460725  0.1497751   0.00260574
   0.02376714 -0.09131654 -0.04129471  0.0252206  -0.07761984 -0.0762871
  -0.03055923 -0.03081685 -0.09451023 -0.06112966 -0.08043244  0.01722174
  -0.05886607 -0.00030258 -0.03319864  0.11428957  0.06787641  0.03734298
   0.09231187  0.01676919 -0.04950509  0.12870385 -0.04436208 -0.02671869
   0.07025713 -0.05209256  0.00312801 -0.07005479  0.01778308 -0.00641028
   0.08828034  0.09686092]
 [ 0.06578395 -0.0366072   0.07450244 -0.04924526  0.14885436  0.02826422
  -0.08755976 -0.007646   -0.08393793 -0.03874194 -0.13283335  0.01158718
  -0.10091275  0.00815113 -0.00617444  0.19626495 -0.00841194  0.06740386
  -0.02387978  0.19186886 -0.09373462  0.06887739 -0.12439628 -0.08257447
   0.10777298 -0.0796124  -0.02906759  0.03713286 -0.04728062 -0.07534944
  -0.03484581  0.06311636  0.03774316 -0.09906954  0.01153896 -0.00469217
   0.10119252 -0.08191428  0.01736381 -0.08746838 -0.0415722   0.04615402
  -0.01499021  0.01241582 -0.01094545  0.01563356 -0.00954639 -0.10103885
   0.0054416   0.15258172 -0.11376382 -0.01598896 -0.03785159  0.03416427
   0.04239018  0.19954623 -0.1375309   0.00478464  0.13018939 -0.06625571
   0.05875692  0.13391647 -0.03632152 -0.10194457  0.03930328  0.08934907
   0.08775529  0.12232234 -0.07656521 -0.0339752  -0.03348493 -0.07585366
   0.04625027 -0.09375095  0.13299331 -0.00975703 -0.08189119  0.00617438
   0.27404764  0.0063995  -0.0660421  -0.05476301 -0.09927274  0.06281093
  -0.05450031 -0.10670774  0.1116576  -0.02859156 -0.00040908  0.10363663
   0.10508153 -0.05765784  0.18796594  0.08697858  0.18447675 -0.17816547
  -0.12294924 -0.0975553  -0.05732627 -0.05550281 -0.01727956  0.07043177
  -0.00738421 -0.06416598 -0.11319234 -0.03733711 -0.00463943 -0.13904245
   0.11798327  0.08079144 -0.11626789 -0.09460025 -0.09295383 -0.04072784
   0.19172469 -0.11958203  0.08291696 -0.08867155 -0.10770483 -0.05143121
  -0.07218947  0.04912033 -0.03472751  0.01481477 -0.0191076   0.01518474
   0.03032753 -0.08402708]]
