[[ 4.83435253e-03 -6.57498911e-02 -7.15017766e-02 -1.87007591e-01
   2.13877279e-02  5.19665778e-02 -5.36743216e-02 -4.99118790e-02
   1.76921114e-02  6.09519072e-02 -8.67556706e-02  2.59308796e-03
   1.90262079e-01 -2.80890167e-02 -7.80138001e-02 -2.81667709e-02
  -7.80502800e-03  6.11766987e-02  7.94919431e-02 -2.81567201e-02
   1.78663626e-01  3.26610282e-02 -4.27737124e-02  8.19581449e-02
  -1.50518855e-02 -7.70165548e-02  1.22932322e-01 -2.49489564e-02
   2.85031274e-03 -6.93070423e-03 -4.44860421e-02  4.09459658e-02
   4.62042019e-02 -5.34769222e-02  1.23254210e-02  4.45869267e-02
   4.10673544e-02 -8.53951201e-02  1.62504971e-01 -1.66989975e-02
  -1.06400788e-01  2.48666443e-02 -9.07691121e-02  1.73898935e-01
  -1.93220451e-02  3.27531472e-02  7.07357153e-02 -4.01419960e-02
  -3.18411812e-02 -5.21506108e-02 -7.57494569e-02 -1.92162918e-03
   8.80479440e-02 -4.91874516e-02  1.10765830e-01  1.32551268e-01
   3.37395221e-02 -2.05686931e-02  1.37706414e-01 -1.09328739e-01
   1.97150886e-01  8.77049044e-02  3.69236507e-02 -1.46368489e-01
   3.26151066e-02  3.70617560e-03  1.14365090e-02 -3.22538801e-02
  -9.37380120e-02  2.90455073e-01 -4.99719605e-02 -1.00122176e-01
  -4.75954264e-02 -1.00212976e-01  7.31324628e-02 -1.80934481e-02
   1.45142049e-01  4.22178488e-03  6.32591471e-02 -1.15993574e-01
   1.75046071e-01 -3.05259358e-02 -1.23457491e-01 -1.63365118e-02
   6.46857396e-02 -6.74318224e-02  1.14314206e-01  8.11518133e-02
   2.88423784e-02 -1.26061767e-01 -9.60447714e-02  1.26836598e-01
   2.22310666e-02 -1.24192543e-01  1.33357085e-02  1.74439028e-02
   8.48781392e-02 -3.02999225e-02 -5.20796962e-02  7.36161843e-02
  -9.14292410e-02 -7.71904662e-02 -2.81490572e-02 -2.15231031e-02
  -1.22247621e-01  7.12002739e-02 -2.74351481e-02  2.19854433e-03
  -1.27362236e-02  5.53925559e-02  5.73263690e-02  5.57247661e-02
   2.76373506e-01  1.74788963e-02  1.62098050e-01 -5.09959050e-02
   1.32823750e-01  7.45056495e-02  5.11872815e-03 -6.30668923e-02
  -2.71122251e-02 -8.09139833e-02  4.04172540e-02 -7.75616691e-02
   5.51206209e-02  1.53913170e-01  1.42807156e-01 -7.47133195e-02]
 [ 1.57035157e-01 -1.12681650e-01  3.18583921e-02 -8.30150694e-02
   8.95690471e-02 -4.18410450e-02 -1.14719622e-01 -9.37627181e-02
  -1.22460507e-01 -3.90380658e-02 -1.31108567e-01 -1.75684188e-02
  -1.34676084e-01  8.75227749e-02 -7.58028626e-02  1.97459325e-01
  -5.22483438e-02 -2.06850898e-02 -4.19864804e-02  1.66323826e-01
  -1.02673881e-01  1.46908656e-01 -1.70614481e-01 -7.56712034e-02
   1.41461074e-01 -1.07720338e-01 -4.55480292e-02  6.89205676e-02
  -5.15354462e-02 -9.01140049e-02 -8.93812627e-02 -3.12174540e-02
   1.04401380e-01 -4.78220135e-02  5.73954592e-03  2.92020221e-03
   8.02217126e-02 -8.08946267e-02  1.44415861e-02 -9.05465707e-02
   1.02608111e-02 -5.15334010e-02 -8.67771134e-02  2.34226082e-02
  -6.15508147e-02 -8.09644908e-02  1.42259836e-01 -1.28804311e-01
  -6.48135543e-02  1.14574715e-01 -1.25052810e-01 -3.13544199e-02
   3.34518701e-02 -1.81825310e-02  9.89325196e-02  1.58053637e-01
  -1.38909861e-01  1.90931093e-02  7.63808340e-02 -7.69789293e-02
  -5.55018745e-02  1.06658563e-01  5.98495305e-02 -8.69859830e-02
   9.71286818e-02  1.06636085e-01  1.38863949e-02  1.91325136e-02
  -6.54809922e-02 -3.52285057e-02 -4.33645621e-02 -3.09986081e-02
   7.57817924e-02  1.78139117e-02  4.92749177e-02 -3.85441892e-02
  -1.10669136e-01 -3.41222286e-02  1.83624446e-01 -8.35765004e-02
  -9.33560058e-02 -9.39065870e-03 -9.60921422e-02 -2.59302687e-02
  -6.58482015e-02 -5.95576800e-02  3.85746430e-03  1.76825821e-02
   2.41021160e-02  7.65295699e-02  6.98102862e-02 -4.07623500e-02
   1.44803375e-01  7.93954954e-02  2.62219369e-01 -9.17503983e-02
  -1.13239117e-01 -1.09648429e-01 -8.35713223e-02 -8.42433870e-02
  -1.15932627e-02  2.77656186e-02 -3.85905281e-02 -7.19590783e-02
  -9.00025219e-02 -5.87813035e-02 -5.16959764e-02 -7.50764832e-02
   1.10801235e-01  1.36617318e-01 -1.15631163e-01 -9.22197774e-02
  -4.74978648e-02 -3.55094336e-02  1.65502965e-01 -1.16880506e-01
  -2.52821352e-02 -1.14746474e-01 -9.90563259e-02  6.69566542e-02
  -3.25132646e-02  7.38554727e-03 -4.18877788e-02 -1.72103420e-02
  -1.19782304e-02  9.36254952e-03 -3.27071287e-02 -8.02230090e-02]
 [-3.11221015e-02 -2.11507585e-02 -1.60646718e-02  1.02361031e-02
  -1.80731865e-03 -1.30122369e-02 -4.90626805e-02  4.22257632e-02
   1.85274482e-02  1.05130272e-02  3.82600501e-02 -8.52632001e-02
  -3.80908721e-03  1.32702783e-01 -9.83293504e-02  1.43251279e-02
   3.16770524e-02  8.13317597e-02 -2.51079611e-02  5.48388660e-02
   2.54110724e-01  2.40175366e-01 -3.94068100e-02  2.12918743e-01
   4.69091684e-02 -3.77080664e-02  1.21926472e-01 -3.93694192e-02
  -2.43930407e-02 -6.03574030e-02 -7.79448375e-02  9.44428425e-03
   1.05788158e-02 -1.90767832e-02 -1.60830282e-02  3.32197361e-03
   9.75560024e-02  4.92185280e-02  2.22000510e-01 -7.77763799e-02
  -3.98567468e-02 -7.82656595e-02 -6.66457042e-02  1.07433416e-01
   1.56178176e-01 -8.19852427e-02 -3.62648033e-02 -7.83744529e-02
  -2.87540294e-02  2.42690127e-02 -1.13260232e-01  1.39042169e-01
   2.18931556e-01 -6.81469291e-02 -5.74202789e-03  1.29343420e-01
  -1.12820335e-01 -1.38137758e-01  5.79717308e-02 -5.14512733e-02
   3.85455899e-02  2.50879303e-02  3.11529934e-01  2.73570628e-03
  -8.06078240e-02  1.67369500e-01  1.36772515e-02 -9.97177698e-03
  -5.27121685e-02  6.00516312e-02  1.02051876e-01 -7.11071417e-02
  -1.80569256e-03 -8.19921419e-02  1.04469210e-01 -8.90146717e-02
  -5.11608785e-03 -4.76260744e-02 -1.31709352e-02 -7.46531114e-02
   1.79574341e-02 -3.32654305e-02 -7.92527348e-02  8.82580355e-02
  -2.06517579e-05 -7.21655488e-02 -1.18605494e-02 -2.11068783e-02
  -3.09278425e-02 -7.19195530e-02 -7.36715496e-02  2.63215840e-01
   4.85129170e-02 -7.24753886e-02  9.37050059e-02  3.37274931e-03
   5.50252907e-02 -9.17323157e-02 -5.62234558e-02  4.11267653e-02
  -8.42418671e-02 -8.79980549e-02  1.40694238e-03  1.58185989e-03
  -6.66662678e-02 -2.73882654e-02 -8.09208751e-02  2.88563333e-02
  -7.73667172e-02  7.22106872e-03 -3.59278172e-02  1.61513433e-01
   1.09727882e-01  1.29100829e-01  7.10355630e-03  2.55394243e-02
  -6.14256226e-02  3.09644314e-03 -1.18463449e-02 -5.16699720e-03
   8.12896863e-02 -6.12848848e-02  1.86611414e-02 -7.33318478e-02
  -4.32056077e-02 -2.29565632e-02  7.05843791e-02  1.82744712e-01]]
[[ 4.83435253e-03 -6.57498911e-02 -7.15017766e-02 -1.87007591e-01
   2.13877279e-02  5.19665778e-02 -5.36743216e-02 -4.99118790e-02
   1.76921114e-02  6.09519072e-02 -8.67556706e-02  2.59308796e-03
   1.90262079e-01 -2.80890167e-02 -7.80138001e-02 -2.81667709e-02
  -7.80502800e-03  6.11766987e-02  7.94919431e-02 -2.81567201e-02
   1.78663626e-01  3.26610282e-02 -4.27737124e-02  8.19581449e-02
  -1.50518855e-02 -7.70165548e-02  1.22932322e-01 -2.49489564e-02
   2.85031274e-03 -6.93070423e-03 -4.44860421e-02  4.09459658e-02
   4.62042019e-02 -5.34769222e-02  1.23254210e-02  4.45869267e-02
   4.10673544e-02 -8.53951201e-02  1.62504971e-01 -1.66989975e-02
  -1.06400788e-01  2.48666443e-02 -9.07691121e-02  1.73898935e-01
  -1.93220451e-02  3.27531472e-02  7.07357153e-02 -4.01419960e-02
  -3.18411812e-02 -5.21506108e-02 -7.57494569e-02 -1.92162918e-03
   8.80479440e-02 -4.91874516e-02  1.10765830e-01  1.32551268e-01
   3.37395221e-02 -2.05686931e-02  1.37706414e-01 -1.09328739e-01
   1.97150886e-01  8.77049044e-02  3.69236507e-02 -1.46368489e-01
   3.26151066e-02  3.70617560e-03  1.14365090e-02 -3.22538801e-02
  -9.37380120e-02  2.90455073e-01 -4.99719605e-02 -1.00122176e-01
  -4.75954264e-02 -1.00212976e-01  7.31324628e-02 -1.80934481e-02
   1.45142049e-01  4.22178488e-03  6.32591471e-02 -1.15993574e-01
   1.75046071e-01 -3.05259358e-02 -1.23457491e-01 -1.63365118e-02
   6.46857396e-02 -6.74318224e-02  1.14314206e-01  8.11518133e-02
   2.88423784e-02 -1.26061767e-01 -9.60447714e-02  1.26836598e-01
   2.22310666e-02 -1.24192543e-01  1.33357085e-02  1.74439028e-02
   8.48781392e-02 -3.02999225e-02 -5.20796962e-02  7.36161843e-02
  -9.14292410e-02 -7.71904662e-02 -2.81490572e-02 -2.15231031e-02
  -1.22247621e-01  7.12002739e-02 -2.74351481e-02  2.19854433e-03
  -1.27362236e-02  5.53925559e-02  5.73263690e-02  5.57247661e-02
   2.76373506e-01  1.74788963e-02  1.62098050e-01 -5.09959050e-02
   1.32823750e-01  7.45056495e-02  5.11872815e-03 -6.30668923e-02
  -2.71122251e-02 -8.09139833e-02  4.04172540e-02 -7.75616691e-02
   5.51206209e-02  1.53913170e-01  1.42807156e-01 -7.47133195e-02]
 [ 1.57035157e-01 -1.12681650e-01  3.18583921e-02 -8.30150694e-02
   8.95690471e-02 -4.18410450e-02 -1.14719622e-01 -9.37627181e-02
  -1.22460507e-01 -3.90380658e-02 -1.31108567e-01 -1.75684188e-02
  -1.34676084e-01  8.75227749e-02 -7.58028626e-02  1.97459325e-01
  -5.22483438e-02 -2.06850898e-02 -4.19864804e-02  1.66323826e-01
  -1.02673881e-01  1.46908656e-01 -1.70614481e-01 -7.56712034e-02
   1.41461074e-01 -1.07720338e-01 -4.55480292e-02  6.89205676e-02
  -5.15354462e-02 -9.01140049e-02 -8.93812627e-02 -3.12174540e-02
   1.04401380e-01 -4.78220135e-02  5.73954592e-03  2.92020221e-03
   8.02217126e-02 -8.08946267e-02  1.44415861e-02 -9.05465707e-02
   1.02608111e-02 -5.15334010e-02 -8.67771134e-02  2.34226082e-02
  -6.15508147e-02 -8.09644908e-02  1.42259836e-01 -1.28804311e-01
  -6.48135543e-02  1.14574715e-01 -1.25052810e-01 -3.13544199e-02
   3.34518701e-02 -1.81825310e-02  9.89325196e-02  1.58053637e-01
  -1.38909861e-01  1.90931093e-02  7.63808340e-02 -7.69789293e-02
  -5.55018745e-02  1.06658563e-01  5.98495305e-02 -8.69859830e-02
   9.71286818e-02  1.06636085e-01  1.38863949e-02  1.91325136e-02
  -6.54809922e-02 -3.52285057e-02 -4.33645621e-02 -3.09986081e-02
   7.57817924e-02  1.78139117e-02  4.92749177e-02 -3.85441892e-02
  -1.10669136e-01 -3.41222286e-02  1.83624446e-01 -8.35765004e-02
  -9.33560058e-02 -9.39065870e-03 -9.60921422e-02 -2.59302687e-02
  -6.58482015e-02 -5.95576800e-02  3.85746430e-03  1.76825821e-02
   2.41021160e-02  7.65295699e-02  6.98102862e-02 -4.07623500e-02
   1.44803375e-01  7.93954954e-02  2.62219369e-01 -9.17503983e-02
  -1.13239117e-01 -1.09648429e-01 -8.35713223e-02 -8.42433870e-02
  -1.15932627e-02  2.77656186e-02 -3.85905281e-02 -7.19590783e-02
  -9.00025219e-02 -5.87813035e-02 -5.16959764e-02 -7.50764832e-02
   1.10801235e-01  1.36617318e-01 -1.15631163e-01 -9.22197774e-02
  -4.74978648e-02 -3.55094336e-02  1.65502965e-01 -1.16880506e-01
  -2.52821352e-02 -1.14746474e-01 -9.90563259e-02  6.69566542e-02
  -3.25132646e-02  7.38554727e-03 -4.18877788e-02 -1.72103420e-02
  -1.19782304e-02  9.36254952e-03 -3.27071287e-02 -8.02230090e-02]
 [-3.11221015e-02 -2.11507585e-02 -1.60646718e-02  1.02361031e-02
  -1.80731865e-03 -1.30122369e-02 -4.90626805e-02  4.22257632e-02
   1.85274482e-02  1.05130272e-02  3.82600501e-02 -8.52632001e-02
  -3.80908721e-03  1.32702783e-01 -9.83293504e-02  1.43251279e-02
   3.16770524e-02  8.13317597e-02 -2.51079611e-02  5.48388660e-02
   2.54110724e-01  2.40175366e-01 -3.94068100e-02  2.12918743e-01
   4.69091684e-02 -3.77080664e-02  1.21926472e-01 -3.93694192e-02
  -2.43930407e-02 -6.03574030e-02 -7.79448375e-02  9.44428425e-03
   1.05788158e-02 -1.90767832e-02 -1.60830282e-02  3.32197361e-03
   9.75560024e-02  4.92185280e-02  2.22000510e-01 -7.77763799e-02
  -3.98567468e-02 -7.82656595e-02 -6.66457042e-02  1.07433416e-01
   1.56178176e-01 -8.19852427e-02 -3.62648033e-02 -7.83744529e-02
  -2.87540294e-02  2.42690127e-02 -1.13260232e-01  1.39042169e-01
   2.18931556e-01 -6.81469291e-02 -5.74202789e-03  1.29343420e-01
  -1.12820335e-01 -1.38137758e-01  5.79717308e-02 -5.14512733e-02
   3.85455899e-02  2.50879303e-02  3.11529934e-01  2.73570628e-03
  -8.06078240e-02  1.67369500e-01  1.36772515e-02 -9.97177698e-03
  -5.27121685e-02  6.00516312e-02  1.02051876e-01 -7.11071417e-02
  -1.80569256e-03 -8.19921419e-02  1.04469210e-01 -8.90146717e-02
  -5.11608785e-03 -4.76260744e-02 -1.31709352e-02 -7.46531114e-02
   1.79574341e-02 -3.32654305e-02 -7.92527348e-02  8.82580355e-02
  -2.06517579e-05 -7.21655488e-02 -1.18605494e-02 -2.11068783e-02
  -3.09278425e-02 -7.19195530e-02 -7.36715496e-02  2.63215840e-01
   4.85129170e-02 -7.24753886e-02  9.37050059e-02  3.37274931e-03
   5.50252907e-02 -9.17323157e-02 -5.62234558e-02  4.11267653e-02
  -8.42418671e-02 -8.79980549e-02  1.40694238e-03  1.58185989e-03
  -6.66662678e-02 -2.73882654e-02 -8.09208751e-02  2.88563333e-02
  -7.73667172e-02  7.22106872e-03 -3.59278172e-02  1.61513433e-01
   1.09727882e-01  1.29100829e-01  7.10355630e-03  2.55394243e-02
  -6.14256226e-02  3.09644314e-03 -1.18463449e-02 -5.16699720e-03
   8.12896863e-02 -6.12848848e-02  1.86611414e-02 -7.33318478e-02
  -4.32056077e-02 -2.29565632e-02  7.05843791e-02  1.82744712e-01]]
[[ 4.83435253e-03 -6.57498911e-02 -7.15017766e-02 -1.87007591e-01
   2.13877279e-02  5.19665778e-02 -5.36743216e-02 -4.99118790e-02
   1.76921114e-02  6.09519072e-02 -8.67556706e-02  2.59308796e-03
   1.90262079e-01 -2.80890167e-02 -7.80138001e-02 -2.81667709e-02
  -7.80502800e-03  6.11766987e-02  7.94919431e-02 -2.81567201e-02
   1.78663626e-01  3.26610282e-02 -4.27737124e-02  8.19581449e-02
  -1.50518855e-02 -7.70165548e-02  1.22932322e-01 -2.49489564e-02
   2.85031274e-03 -6.93070423e-03 -4.44860421e-02  4.09459658e-02
   4.62042019e-02 -5.34769222e-02  1.23254210e-02  4.45869267e-02
   4.10673544e-02 -8.53951201e-02  1.62504971e-01 -1.66989975e-02
  -1.06400788e-01  2.48666443e-02 -9.07691121e-02  1.73898935e-01
  -1.93220451e-02  3.27531472e-02  7.07357153e-02 -4.01419960e-02
  -3.18411812e-02 -5.21506108e-02 -7.57494569e-02 -1.92162918e-03
   8.80479440e-02 -4.91874516e-02  1.10765830e-01  1.32551268e-01
   3.37395221e-02 -2.05686931e-02  1.37706414e-01 -1.09328739e-01
   1.97150886e-01  8.77049044e-02  3.69236507e-02 -1.46368489e-01
   3.26151066e-02  3.70617560e-03  1.14365090e-02 -3.22538801e-02
  -9.37380120e-02  2.90455073e-01 -4.99719605e-02 -1.00122176e-01
  -4.75954264e-02 -1.00212976e-01  7.31324628e-02 -1.80934481e-02
   1.45142049e-01  4.22178488e-03  6.32591471e-02 -1.15993574e-01
   1.75046071e-01 -3.05259358e-02 -1.23457491e-01 -1.63365118e-02
   6.46857396e-02 -6.74318224e-02  1.14314206e-01  8.11518133e-02
   2.88423784e-02 -1.26061767e-01 -9.60447714e-02  1.26836598e-01
   2.22310666e-02 -1.24192543e-01  1.33357085e-02  1.74439028e-02
   8.48781392e-02 -3.02999225e-02 -5.20796962e-02  7.36161843e-02
  -9.14292410e-02 -7.71904662e-02 -2.81490572e-02 -2.15231031e-02
  -1.22247621e-01  7.12002739e-02 -2.74351481e-02  2.19854433e-03
  -1.27362236e-02  5.53925559e-02  5.73263690e-02  5.57247661e-02
   2.76373506e-01  1.74788963e-02  1.62098050e-01 -5.09959050e-02
   1.32823750e-01  7.45056495e-02  5.11872815e-03 -6.30668923e-02
  -2.71122251e-02 -8.09139833e-02  4.04172540e-02 -7.75616691e-02
   5.51206209e-02  1.53913170e-01  1.42807156e-01 -7.47133195e-02]
 [ 1.57035157e-01 -1.12681650e-01  3.18583921e-02 -8.30150694e-02
   8.95690471e-02 -4.18410450e-02 -1.14719622e-01 -9.37627181e-02
  -1.22460507e-01 -3.90380658e-02 -1.31108567e-01 -1.75684188e-02
  -1.34676084e-01  8.75227749e-02 -7.58028626e-02  1.97459325e-01
  -5.22483438e-02 -2.06850898e-02 -4.19864804e-02  1.66323826e-01
  -1.02673881e-01  1.46908656e-01 -1.70614481e-01 -7.56712034e-02
   1.41461074e-01 -1.07720338e-01 -4.55480292e-02  6.89205676e-02
  -5.15354462e-02 -9.01140049e-02 -8.93812627e-02 -3.12174540e-02
   1.04401380e-01 -4.78220135e-02  5.73954592e-03  2.92020221e-03
   8.02217126e-02 -8.08946267e-02  1.44415861e-02 -9.05465707e-02
   1.02608111e-02 -5.15334010e-02 -8.67771134e-02  2.34226082e-02
  -6.15508147e-02 -8.09644908e-02  1.42259836e-01 -1.28804311e-01
  -6.48135543e-02  1.14574715e-01 -1.25052810e-01 -3.13544199e-02
   3.34518701e-02 -1.81825310e-02  9.89325196e-02  1.58053637e-01
  -1.38909861e-01  1.90931093e-02  7.63808340e-02 -7.69789293e-02
  -5.55018745e-02  1.06658563e-01  5.98495305e-02 -8.69859830e-02
   9.71286818e-02  1.06636085e-01  1.38863949e-02  1.91325136e-02
  -6.54809922e-02 -3.52285057e-02 -4.33645621e-02 -3.09986081e-02
   7.57817924e-02  1.78139117e-02  4.92749177e-02 -3.85441892e-02
  -1.10669136e-01 -3.41222286e-02  1.83624446e-01 -8.35765004e-02
  -9.33560058e-02 -9.39065870e-03 -9.60921422e-02 -2.59302687e-02
  -6.58482015e-02 -5.95576800e-02  3.85746430e-03  1.76825821e-02
   2.41021160e-02  7.65295699e-02  6.98102862e-02 -4.07623500e-02
   1.44803375e-01  7.93954954e-02  2.62219369e-01 -9.17503983e-02
  -1.13239117e-01 -1.09648429e-01 -8.35713223e-02 -8.42433870e-02
  -1.15932627e-02  2.77656186e-02 -3.85905281e-02 -7.19590783e-02
  -9.00025219e-02 -5.87813035e-02 -5.16959764e-02 -7.50764832e-02
   1.10801235e-01  1.36617318e-01 -1.15631163e-01 -9.22197774e-02
  -4.74978648e-02 -3.55094336e-02  1.65502965e-01 -1.16880506e-01
  -2.52821352e-02 -1.14746474e-01 -9.90563259e-02  6.69566542e-02
  -3.25132646e-02  7.38554727e-03 -4.18877788e-02 -1.72103420e-02
  -1.19782304e-02  9.36254952e-03 -3.27071287e-02 -8.02230090e-02]
 [-3.11221015e-02 -2.11507585e-02 -1.60646718e-02  1.02361031e-02
  -1.80731865e-03 -1.30122369e-02 -4.90626805e-02  4.22257632e-02
   1.85274482e-02  1.05130272e-02  3.82600501e-02 -8.52632001e-02
  -3.80908721e-03  1.32702783e-01 -9.83293504e-02  1.43251279e-02
   3.16770524e-02  8.13317597e-02 -2.51079611e-02  5.48388660e-02
   2.54110724e-01  2.40175366e-01 -3.94068100e-02  2.12918743e-01
   4.69091684e-02 -3.77080664e-02  1.21926472e-01 -3.93694192e-02
  -2.43930407e-02 -6.03574030e-02 -7.79448375e-02  9.44428425e-03
   1.05788158e-02 -1.90767832e-02 -1.60830282e-02  3.32197361e-03
   9.75560024e-02  4.92185280e-02  2.22000510e-01 -7.77763799e-02
  -3.98567468e-02 -7.82656595e-02 -6.66457042e-02  1.07433416e-01
   1.56178176e-01 -8.19852427e-02 -3.62648033e-02 -7.83744529e-02
  -2.87540294e-02  2.42690127e-02 -1.13260232e-01  1.39042169e-01
   2.18931556e-01 -6.81469291e-02 -5.74202789e-03  1.29343420e-01
  -1.12820335e-01 -1.38137758e-01  5.79717308e-02 -5.14512733e-02
   3.85455899e-02  2.50879303e-02  3.11529934e-01  2.73570628e-03
  -8.06078240e-02  1.67369500e-01  1.36772515e-02 -9.97177698e-03
  -5.27121685e-02  6.00516312e-02  1.02051876e-01 -7.11071417e-02
  -1.80569256e-03 -8.19921419e-02  1.04469210e-01 -8.90146717e-02
  -5.11608785e-03 -4.76260744e-02 -1.31709352e-02 -7.46531114e-02
   1.79574341e-02 -3.32654305e-02 -7.92527348e-02  8.82580355e-02
  -2.06517579e-05 -7.21655488e-02 -1.18605494e-02 -2.11068783e-02
  -3.09278425e-02 -7.19195530e-02 -7.36715496e-02  2.63215840e-01
   4.85129170e-02 -7.24753886e-02  9.37050059e-02  3.37274931e-03
   5.50252907e-02 -9.17323157e-02 -5.62234558e-02  4.11267653e-02
  -8.42418671e-02 -8.79980549e-02  1.40694238e-03  1.58185989e-03
  -6.66662678e-02 -2.73882654e-02 -8.09208751e-02  2.88563333e-02
  -7.73667172e-02  7.22106872e-03 -3.59278172e-02  1.61513433e-01
   1.09727882e-01  1.29100829e-01  7.10355630e-03  2.55394243e-02
  -6.14256226e-02  3.09644314e-03 -1.18463449e-02 -5.16699720e-03
   8.12896863e-02 -6.12848848e-02  1.86611414e-02 -7.33318478e-02
  -4.32056077e-02 -2.29565632e-02  7.05843791e-02  1.82744712e-01]]
