[[ 1.20186219e-02 -4.91974354e-02 -6.42405897e-02 -1.90527961e-01
   7.35356733e-02  3.56768444e-02 -3.68119814e-02 -6.32134452e-02
  -6.69820607e-03 -4.75836871e-03 -4.08238173e-02 -2.60489695e-02
   1.13213956e-01 -2.49338569e-03 -8.34147483e-02 -3.29597779e-02
   1.35620609e-02  7.71194249e-02  2.39743814e-02  3.65742296e-02
   2.14540705e-01  1.51939273e-01  4.30833735e-02  4.60236482e-02
   4.55703167e-03 -4.65778932e-02  1.35527894e-01 -6.09753244e-02
  -8.96297768e-03 -1.94061175e-02 -1.62823685e-02  2.29511075e-02
  -2.64102407e-03 -7.73020983e-02 -3.65214958e-03  2.38844082e-02
   3.06880698e-02 -7.18435869e-02  1.78881392e-01 -4.51200157e-02
  -9.67746079e-02 -5.27648367e-02 -1.14693597e-01  2.20033303e-01
  -1.42787937e-02 -2.51847357e-02  5.27076013e-02 -4.51733023e-02
   2.49709543e-02 -4.28274870e-02 -1.35957882e-01 -2.66840253e-02
   8.70904848e-02 -2.37045288e-02  1.67824179e-01  1.51720867e-01
  -1.18655441e-02 -1.70388855e-02  1.63485453e-01 -9.96858850e-02
   1.44695535e-01  1.00336701e-01  1.23064928e-01 -1.19236454e-01
   4.82188985e-02  3.94266620e-02  5.43193817e-02 -1.75557882e-02
  -5.95329143e-02  2.60240108e-01 -4.54678908e-02 -8.73060971e-02
  -1.42295370e-02 -1.15325436e-01  1.14827737e-01 -6.93896636e-02
   1.01531021e-01 -1.65184904e-02  7.40683228e-02 -1.00439206e-01
   1.36864126e-01 -7.39433691e-02 -1.12946779e-01  1.24528455e-02
   3.14908065e-02 -7.59338215e-02  1.25845775e-01  7.23968595e-02
   3.32097970e-02 -1.22794308e-01 -9.95901823e-02  1.82059899e-01
   4.35160846e-02 -9.68384594e-02  1.26958981e-01  2.54676100e-02
   7.97055140e-02 -6.90428838e-02 -9.19819549e-02  9.35315862e-02
  -7.89520591e-02 -7.55164921e-02 -4.88194823e-03 -6.88111316e-03
  -1.12376273e-01 -4.62331884e-02 -2.12677028e-02 -1.95367206e-02
  -2.13481635e-02  9.75191146e-02 -4.60490305e-03 -2.10842919e-02
   2.15694368e-01  7.76113477e-03  1.37196466e-01 -2.42818259e-02
   1.49669632e-01  4.98431399e-02 -3.37355100e-02 -5.89642487e-02
  -6.32308843e-03 -7.11651519e-02  5.29669710e-02 -7.87790641e-02
   1.00915460e-02  7.19318390e-02  1.68211147e-01 -5.45295104e-02]
 [-3.69880386e-02 -4.04179208e-02 -2.00450560e-03  1.06351366e-02
  -1.27792396e-02 -3.69170345e-02 -5.62050939e-02 -2.95482166e-02
   1.16511891e-02 -3.82865183e-02 -5.72901703e-02 -8.24074447e-02
   1.72577798e-02  1.31107882e-01 -9.98703018e-02  4.54559587e-02
   2.15781610e-02  2.76326835e-02 -1.40026668e-02  1.03561699e-01
   1.87837407e-01  1.43661872e-01 -8.91053602e-02  1.48614883e-01
   6.68923706e-02 -6.76485300e-02  1.42948613e-01 -5.42909317e-02
   5.74438740e-03 -5.55560105e-02 -8.11774656e-02  7.83228278e-02
   2.92696115e-02 -5.22541627e-02 -1.27179874e-02 -2.86628865e-02
   1.44772604e-01 -1.19653726e-02  2.48073071e-01 -8.85350779e-02
  -5.43680638e-02 -6.71388814e-03 -4.54338975e-02  4.17825319e-02
   7.58559033e-02 -9.32935178e-02 -3.30425650e-02 -8.34427401e-02
  -3.37872654e-02  4.95151281e-02 -1.12034462e-01  2.05800146e-01
   2.08604902e-01 -6.82669356e-02  3.89932878e-02  1.97962642e-01
  -1.14934221e-01 -1.50568619e-01  8.32608044e-02 -6.94412515e-02
   1.53629221e-02  1.08436421e-01  2.34165773e-01 -5.12750074e-02
  -6.79629073e-02  1.97490588e-01 -2.13485155e-02 -1.71547197e-02
  -5.83469309e-02  1.41303599e-01  6.01158589e-02 -7.54721388e-02
   2.01192740e-02 -9.32138786e-02  6.69270754e-02 -1.01769343e-01
   9.46120173e-02 -5.01851775e-02 -3.08659133e-02 -1.11351386e-01
   1.27066448e-01  8.54499452e-03 -8.46529678e-02  9.99115258e-02
   2.84361579e-02 -1.33960769e-01 -1.09383250e-02  4.49253656e-02
  -2.58104280e-02 -2.08685622e-02 -7.63399079e-02  2.53432810e-01
  -2.84309313e-03 -6.23758510e-02  1.68172300e-01 -8.19610339e-03
   2.26816889e-02 -8.54286849e-02 -4.64207120e-02  2.59169862e-02
  -4.28850986e-02 -6.73900694e-02 -4.31962535e-02 -2.05097944e-02
  -8.84293169e-02 -5.41958697e-02 -8.69096667e-02  2.64707264e-02
  -7.02004656e-02  5.64998575e-03 -4.74884585e-02  5.71400374e-02
   1.13351956e-01  2.94400901e-02  1.09675236e-01  8.39322247e-03
  -5.76130562e-02  1.66872635e-01 -4.32478152e-02 -4.95803691e-02
   4.44551148e-02 -3.36993150e-02 -1.50362065e-03 -6.70103431e-02
  -1.62480935e-03 -3.22222598e-02  7.33547136e-02  8.53956118e-02]
 [ 5.40327169e-02 -6.38557225e-02 -1.30244598e-05 -4.66681905e-02
   9.73420739e-02 -5.64195565e-04 -6.89143613e-02  1.46831200e-02
  -5.94904236e-02 -6.02333918e-02 -1.09558441e-01 -2.47907639e-02
  -9.03106704e-02 -6.60679936e-02 -6.04686104e-02  9.04772729e-02
   3.94676961e-02 -1.99149712e-03 -2.92413346e-02  1.29415065e-01
  -9.80575159e-02 -2.44023930e-02 -1.09700181e-01 -1.05474412e-01
   1.53533399e-01 -5.35991006e-02 -9.68950689e-02  1.11954026e-01
  -2.83575878e-02 -5.90743087e-02 -6.56487420e-03  8.51983111e-03
  -4.34929207e-02  2.95429602e-02  7.65464231e-02  5.27279079e-02
   1.13481894e-01 -4.79004793e-02  7.53307492e-02 -6.31950125e-02
  -5.92426658e-02  4.26584259e-02 -2.43691374e-02  3.77417216e-03
  -4.41107415e-02  6.62163794e-02 -4.07246202e-02 -8.87243524e-02
   6.69242116e-04  1.29456013e-01 -9.90963131e-02 -4.45941165e-02
  -8.38234723e-02  5.28192930e-02  5.57094887e-02  2.36615986e-01
  -1.21076107e-01  3.72178257e-02  1.09244756e-01 -9.09892544e-02
   4.98234816e-02  1.65340677e-01 -5.64292297e-02 -9.58701223e-02
  -2.51469668e-02  7.42269903e-02  1.36489585e-01  7.19891042e-02
  -5.53444847e-02  7.10324710e-03  3.35804261e-02 -7.62159750e-02
   2.41602827e-02 -5.50125018e-02  1.77812502e-01  9.86306146e-02
  -1.64717361e-02 -3.51350047e-02  1.63999632e-01  4.44526002e-02
  -3.53995450e-02 -8.08330178e-02 -1.04283832e-01  1.48470581e-01
  -5.01354448e-02 -1.48404166e-01  6.47418797e-02  1.71394646e-02
  -1.48021546e-03  1.36358500e-01  1.13439791e-01 -6.55730292e-02
   2.14693189e-01  9.90854874e-02  1.33423179e-01 -2.00060397e-01
  -1.22970656e-01 -8.67579430e-02 -5.92378192e-02  1.73753279e-03
   3.28982696e-02  1.02295294e-01 -4.14790632e-03 -7.82535225e-02
  -2.62471419e-02 -5.42896613e-02  1.36630060e-02 -1.44772738e-01
   7.17348978e-02 -1.09621314e-02 -1.13452353e-01 -9.70392972e-02
  -9.41638649e-02 -2.98396442e-02  1.72769219e-01 -1.28136158e-01
   1.23013578e-01 -8.02302510e-02 -1.17226586e-01 -8.25842470e-02
  -8.50449950e-02  6.61988333e-02 -8.41252729e-02  6.10439964e-02
  -6.41639829e-02  4.18831035e-02  1.65894896e-01 -9.07409266e-02]]
[[ 1.20186219e-02 -4.91974354e-02 -6.42405897e-02 -1.90527961e-01
   7.35356733e-02  3.56768444e-02 -3.68119814e-02 -6.32134452e-02
  -6.69820607e-03 -4.75836871e-03 -4.08238173e-02 -2.60489695e-02
   1.13213956e-01 -2.49338569e-03 -8.34147483e-02 -3.29597779e-02
   1.35620609e-02  7.71194249e-02  2.39743814e-02  3.65742296e-02
   2.14540705e-01  1.51939273e-01  4.30833735e-02  4.60236482e-02
   4.55703167e-03 -4.65778932e-02  1.35527894e-01 -6.09753244e-02
  -8.96297768e-03 -1.94061175e-02 -1.62823685e-02  2.29511075e-02
  -2.64102407e-03 -7.73020983e-02 -3.65214958e-03  2.38844082e-02
   3.06880698e-02 -7.18435869e-02  1.78881392e-01 -4.51200157e-02
  -9.67746079e-02 -5.27648367e-02 -1.14693597e-01  2.20033303e-01
  -1.42787937e-02 -2.51847357e-02  5.27076013e-02 -4.51733023e-02
   2.49709543e-02 -4.28274870e-02 -1.35957882e-01 -2.66840253e-02
   8.70904848e-02 -2.37045288e-02  1.67824179e-01  1.51720867e-01
  -1.18655441e-02 -1.70388855e-02  1.63485453e-01 -9.96858850e-02
   1.44695535e-01  1.00336701e-01  1.23064928e-01 -1.19236454e-01
   4.82188985e-02  3.94266620e-02  5.43193817e-02 -1.75557882e-02
  -5.95329143e-02  2.60240108e-01 -4.54678908e-02 -8.73060971e-02
  -1.42295370e-02 -1.15325436e-01  1.14827737e-01 -6.93896636e-02
   1.01531021e-01 -1.65184904e-02  7.40683228e-02 -1.00439206e-01
   1.36864126e-01 -7.39433691e-02 -1.12946779e-01  1.24528455e-02
   3.14908065e-02 -7.59338215e-02  1.25845775e-01  7.23968595e-02
   3.32097970e-02 -1.22794308e-01 -9.95901823e-02  1.82059899e-01
   4.35160846e-02 -9.68384594e-02  1.26958981e-01  2.54676100e-02
   7.97055140e-02 -6.90428838e-02 -9.19819549e-02  9.35315862e-02
  -7.89520591e-02 -7.55164921e-02 -4.88194823e-03 -6.88111316e-03
  -1.12376273e-01 -4.62331884e-02 -2.12677028e-02 -1.95367206e-02
  -2.13481635e-02  9.75191146e-02 -4.60490305e-03 -2.10842919e-02
   2.15694368e-01  7.76113477e-03  1.37196466e-01 -2.42818259e-02
   1.49669632e-01  4.98431399e-02 -3.37355100e-02 -5.89642487e-02
  -6.32308843e-03 -7.11651519e-02  5.29669710e-02 -7.87790641e-02
   1.00915460e-02  7.19318390e-02  1.68211147e-01 -5.45295104e-02]
 [-3.69880386e-02 -4.04179208e-02 -2.00450560e-03  1.06351366e-02
  -1.27792396e-02 -3.69170345e-02 -5.62050939e-02 -2.95482166e-02
   1.16511891e-02 -3.82865183e-02 -5.72901703e-02 -8.24074447e-02
   1.72577798e-02  1.31107882e-01 -9.98703018e-02  4.54559587e-02
   2.15781610e-02  2.76326835e-02 -1.40026668e-02  1.03561699e-01
   1.87837407e-01  1.43661872e-01 -8.91053602e-02  1.48614883e-01
   6.68923706e-02 -6.76485300e-02  1.42948613e-01 -5.42909317e-02
   5.74438740e-03 -5.55560105e-02 -8.11774656e-02  7.83228278e-02
   2.92696115e-02 -5.22541627e-02 -1.27179874e-02 -2.86628865e-02
   1.44772604e-01 -1.19653726e-02  2.48073071e-01 -8.85350779e-02
  -5.43680638e-02 -6.71388814e-03 -4.54338975e-02  4.17825319e-02
   7.58559033e-02 -9.32935178e-02 -3.30425650e-02 -8.34427401e-02
  -3.37872654e-02  4.95151281e-02 -1.12034462e-01  2.05800146e-01
   2.08604902e-01 -6.82669356e-02  3.89932878e-02  1.97962642e-01
  -1.14934221e-01 -1.50568619e-01  8.32608044e-02 -6.94412515e-02
   1.53629221e-02  1.08436421e-01  2.34165773e-01 -5.12750074e-02
  -6.79629073e-02  1.97490588e-01 -2.13485155e-02 -1.71547197e-02
  -5.83469309e-02  1.41303599e-01  6.01158589e-02 -7.54721388e-02
   2.01192740e-02 -9.32138786e-02  6.69270754e-02 -1.01769343e-01
   9.46120173e-02 -5.01851775e-02 -3.08659133e-02 -1.11351386e-01
   1.27066448e-01  8.54499452e-03 -8.46529678e-02  9.99115258e-02
   2.84361579e-02 -1.33960769e-01 -1.09383250e-02  4.49253656e-02
  -2.58104280e-02 -2.08685622e-02 -7.63399079e-02  2.53432810e-01
  -2.84309313e-03 -6.23758510e-02  1.68172300e-01 -8.19610339e-03
   2.26816889e-02 -8.54286849e-02 -4.64207120e-02  2.59169862e-02
  -4.28850986e-02 -6.73900694e-02 -4.31962535e-02 -2.05097944e-02
  -8.84293169e-02 -5.41958697e-02 -8.69096667e-02  2.64707264e-02
  -7.02004656e-02  5.64998575e-03 -4.74884585e-02  5.71400374e-02
   1.13351956e-01  2.94400901e-02  1.09675236e-01  8.39322247e-03
  -5.76130562e-02  1.66872635e-01 -4.32478152e-02 -4.95803691e-02
   4.44551148e-02 -3.36993150e-02 -1.50362065e-03 -6.70103431e-02
  -1.62480935e-03 -3.22222598e-02  7.33547136e-02  8.53956118e-02]
 [ 5.40327169e-02 -6.38557225e-02 -1.30244598e-05 -4.66681905e-02
   9.73420739e-02 -5.64195565e-04 -6.89143613e-02  1.46831200e-02
  -5.94904236e-02 -6.02333918e-02 -1.09558441e-01 -2.47907639e-02
  -9.03106704e-02 -6.60679936e-02 -6.04686104e-02  9.04772729e-02
   3.94676961e-02 -1.99149712e-03 -2.92413346e-02  1.29415065e-01
  -9.80575159e-02 -2.44023930e-02 -1.09700181e-01 -1.05474412e-01
   1.53533399e-01 -5.35991006e-02 -9.68950689e-02  1.11954026e-01
  -2.83575878e-02 -5.90743087e-02 -6.56487420e-03  8.51983111e-03
  -4.34929207e-02  2.95429602e-02  7.65464231e-02  5.27279079e-02
   1.13481894e-01 -4.79004793e-02  7.53307492e-02 -6.31950125e-02
  -5.92426658e-02  4.26584259e-02 -2.43691374e-02  3.77417216e-03
  -4.41107415e-02  6.62163794e-02 -4.07246202e-02 -8.87243524e-02
   6.69242116e-04  1.29456013e-01 -9.90963131e-02 -4.45941165e-02
  -8.38234723e-02  5.28192930e-02  5.57094887e-02  2.36615986e-01
  -1.21076107e-01  3.72178257e-02  1.09244756e-01 -9.09892544e-02
   4.98234816e-02  1.65340677e-01 -5.64292297e-02 -9.58701223e-02
  -2.51469668e-02  7.42269903e-02  1.36489585e-01  7.19891042e-02
  -5.53444847e-02  7.10324710e-03  3.35804261e-02 -7.62159750e-02
   2.41602827e-02 -5.50125018e-02  1.77812502e-01  9.86306146e-02
  -1.64717361e-02 -3.51350047e-02  1.63999632e-01  4.44526002e-02
  -3.53995450e-02 -8.08330178e-02 -1.04283832e-01  1.48470581e-01
  -5.01354448e-02 -1.48404166e-01  6.47418797e-02  1.71394646e-02
  -1.48021546e-03  1.36358500e-01  1.13439791e-01 -6.55730292e-02
   2.14693189e-01  9.90854874e-02  1.33423179e-01 -2.00060397e-01
  -1.22970656e-01 -8.67579430e-02 -5.92378192e-02  1.73753279e-03
   3.28982696e-02  1.02295294e-01 -4.14790632e-03 -7.82535225e-02
  -2.62471419e-02 -5.42896613e-02  1.36630060e-02 -1.44772738e-01
   7.17348978e-02 -1.09621314e-02 -1.13452353e-01 -9.70392972e-02
  -9.41638649e-02 -2.98396442e-02  1.72769219e-01 -1.28136158e-01
   1.23013578e-01 -8.02302510e-02 -1.17226586e-01 -8.25842470e-02
  -8.50449950e-02  6.61988333e-02 -8.41252729e-02  6.10439964e-02
  -6.41639829e-02  4.18831035e-02  1.65894896e-01 -9.07409266e-02]]
[[ 1.20186219e-02 -4.91974354e-02 -6.42405897e-02 -1.90527961e-01
   7.35356733e-02  3.56768444e-02 -3.68119814e-02 -6.32134452e-02
  -6.69820607e-03 -4.75836871e-03 -4.08238173e-02 -2.60489695e-02
   1.13213956e-01 -2.49338569e-03 -8.34147483e-02 -3.29597779e-02
   1.35620609e-02  7.71194249e-02  2.39743814e-02  3.65742296e-02
   2.14540705e-01  1.51939273e-01  4.30833735e-02  4.60236482e-02
   4.55703167e-03 -4.65778932e-02  1.35527894e-01 -6.09753244e-02
  -8.96297768e-03 -1.94061175e-02 -1.62823685e-02  2.29511075e-02
  -2.64102407e-03 -7.73020983e-02 -3.65214958e-03  2.38844082e-02
   3.06880698e-02 -7.18435869e-02  1.78881392e-01 -4.51200157e-02
  -9.67746079e-02 -5.27648367e-02 -1.14693597e-01  2.20033303e-01
  -1.42787937e-02 -2.51847357e-02  5.27076013e-02 -4.51733023e-02
   2.49709543e-02 -4.28274870e-02 -1.35957882e-01 -2.66840253e-02
   8.70904848e-02 -2.37045288e-02  1.67824179e-01  1.51720867e-01
  -1.18655441e-02 -1.70388855e-02  1.63485453e-01 -9.96858850e-02
   1.44695535e-01  1.00336701e-01  1.23064928e-01 -1.19236454e-01
   4.82188985e-02  3.94266620e-02  5.43193817e-02 -1.75557882e-02
  -5.95329143e-02  2.60240108e-01 -4.54678908e-02 -8.73060971e-02
  -1.42295370e-02 -1.15325436e-01  1.14827737e-01 -6.93896636e-02
   1.01531021e-01 -1.65184904e-02  7.40683228e-02 -1.00439206e-01
   1.36864126e-01 -7.39433691e-02 -1.12946779e-01  1.24528455e-02
   3.14908065e-02 -7.59338215e-02  1.25845775e-01  7.23968595e-02
   3.32097970e-02 -1.22794308e-01 -9.95901823e-02  1.82059899e-01
   4.35160846e-02 -9.68384594e-02  1.26958981e-01  2.54676100e-02
   7.97055140e-02 -6.90428838e-02 -9.19819549e-02  9.35315862e-02
  -7.89520591e-02 -7.55164921e-02 -4.88194823e-03 -6.88111316e-03
  -1.12376273e-01 -4.62331884e-02 -2.12677028e-02 -1.95367206e-02
  -2.13481635e-02  9.75191146e-02 -4.60490305e-03 -2.10842919e-02
   2.15694368e-01  7.76113477e-03  1.37196466e-01 -2.42818259e-02
   1.49669632e-01  4.98431399e-02 -3.37355100e-02 -5.89642487e-02
  -6.32308843e-03 -7.11651519e-02  5.29669710e-02 -7.87790641e-02
   1.00915460e-02  7.19318390e-02  1.68211147e-01 -5.45295104e-02]
 [-3.69880386e-02 -4.04179208e-02 -2.00450560e-03  1.06351366e-02
  -1.27792396e-02 -3.69170345e-02 -5.62050939e-02 -2.95482166e-02
   1.16511891e-02 -3.82865183e-02 -5.72901703e-02 -8.24074447e-02
   1.72577798e-02  1.31107882e-01 -9.98703018e-02  4.54559587e-02
   2.15781610e-02  2.76326835e-02 -1.40026668e-02  1.03561699e-01
   1.87837407e-01  1.43661872e-01 -8.91053602e-02  1.48614883e-01
   6.68923706e-02 -6.76485300e-02  1.42948613e-01 -5.42909317e-02
   5.74438740e-03 -5.55560105e-02 -8.11774656e-02  7.83228278e-02
   2.92696115e-02 -5.22541627e-02 -1.27179874e-02 -2.86628865e-02
   1.44772604e-01 -1.19653726e-02  2.48073071e-01 -8.85350779e-02
  -5.43680638e-02 -6.71388814e-03 -4.54338975e-02  4.17825319e-02
   7.58559033e-02 -9.32935178e-02 -3.30425650e-02 -8.34427401e-02
  -3.37872654e-02  4.95151281e-02 -1.12034462e-01  2.05800146e-01
   2.08604902e-01 -6.82669356e-02  3.89932878e-02  1.97962642e-01
  -1.14934221e-01 -1.50568619e-01  8.32608044e-02 -6.94412515e-02
   1.53629221e-02  1.08436421e-01  2.34165773e-01 -5.12750074e-02
  -6.79629073e-02  1.97490588e-01 -2.13485155e-02 -1.71547197e-02
  -5.83469309e-02  1.41303599e-01  6.01158589e-02 -7.54721388e-02
   2.01192740e-02 -9.32138786e-02  6.69270754e-02 -1.01769343e-01
   9.46120173e-02 -5.01851775e-02 -3.08659133e-02 -1.11351386e-01
   1.27066448e-01  8.54499452e-03 -8.46529678e-02  9.99115258e-02
   2.84361579e-02 -1.33960769e-01 -1.09383250e-02  4.49253656e-02
  -2.58104280e-02 -2.08685622e-02 -7.63399079e-02  2.53432810e-01
  -2.84309313e-03 -6.23758510e-02  1.68172300e-01 -8.19610339e-03
   2.26816889e-02 -8.54286849e-02 -4.64207120e-02  2.59169862e-02
  -4.28850986e-02 -6.73900694e-02 -4.31962535e-02 -2.05097944e-02
  -8.84293169e-02 -5.41958697e-02 -8.69096667e-02  2.64707264e-02
  -7.02004656e-02  5.64998575e-03 -4.74884585e-02  5.71400374e-02
   1.13351956e-01  2.94400901e-02  1.09675236e-01  8.39322247e-03
  -5.76130562e-02  1.66872635e-01 -4.32478152e-02 -4.95803691e-02
   4.44551148e-02 -3.36993150e-02 -1.50362065e-03 -6.70103431e-02
  -1.62480935e-03 -3.22222598e-02  7.33547136e-02  8.53956118e-02]
 [ 5.40327169e-02 -6.38557225e-02 -1.30244598e-05 -4.66681905e-02
   9.73420739e-02 -5.64195565e-04 -6.89143613e-02  1.46831200e-02
  -5.94904236e-02 -6.02333918e-02 -1.09558441e-01 -2.47907639e-02
  -9.03106704e-02 -6.60679936e-02 -6.04686104e-02  9.04772729e-02
   3.94676961e-02 -1.99149712e-03 -2.92413346e-02  1.29415065e-01
  -9.80575159e-02 -2.44023930e-02 -1.09700181e-01 -1.05474412e-01
   1.53533399e-01 -5.35991006e-02 -9.68950689e-02  1.11954026e-01
  -2.83575878e-02 -5.90743087e-02 -6.56487420e-03  8.51983111e-03
  -4.34929207e-02  2.95429602e-02  7.65464231e-02  5.27279079e-02
   1.13481894e-01 -4.79004793e-02  7.53307492e-02 -6.31950125e-02
  -5.92426658e-02  4.26584259e-02 -2.43691374e-02  3.77417216e-03
  -4.41107415e-02  6.62163794e-02 -4.07246202e-02 -8.87243524e-02
   6.69242116e-04  1.29456013e-01 -9.90963131e-02 -4.45941165e-02
  -8.38234723e-02  5.28192930e-02  5.57094887e-02  2.36615986e-01
  -1.21076107e-01  3.72178257e-02  1.09244756e-01 -9.09892544e-02
   4.98234816e-02  1.65340677e-01 -5.64292297e-02 -9.58701223e-02
  -2.51469668e-02  7.42269903e-02  1.36489585e-01  7.19891042e-02
  -5.53444847e-02  7.10324710e-03  3.35804261e-02 -7.62159750e-02
   2.41602827e-02 -5.50125018e-02  1.77812502e-01  9.86306146e-02
  -1.64717361e-02 -3.51350047e-02  1.63999632e-01  4.44526002e-02
  -3.53995450e-02 -8.08330178e-02 -1.04283832e-01  1.48470581e-01
  -5.01354448e-02 -1.48404166e-01  6.47418797e-02  1.71394646e-02
  -1.48021546e-03  1.36358500e-01  1.13439791e-01 -6.55730292e-02
   2.14693189e-01  9.90854874e-02  1.33423179e-01 -2.00060397e-01
  -1.22970656e-01 -8.67579430e-02 -5.92378192e-02  1.73753279e-03
   3.28982696e-02  1.02295294e-01 -4.14790632e-03 -7.82535225e-02
  -2.62471419e-02 -5.42896613e-02  1.36630060e-02 -1.44772738e-01
   7.17348978e-02 -1.09621314e-02 -1.13452353e-01 -9.70392972e-02
  -9.41638649e-02 -2.98396442e-02  1.72769219e-01 -1.28136158e-01
   1.23013578e-01 -8.02302510e-02 -1.17226586e-01 -8.25842470e-02
  -8.50449950e-02  6.61988333e-02 -8.41252729e-02  6.10439964e-02
  -6.41639829e-02  4.18831035e-02  1.65894896e-01 -9.07409266e-02]]
