[[-4.61836830e-02 -3.67394388e-02 -2.61822846e-02  3.96628492e-02
  -3.79635692e-02 -3.81254181e-02 -6.42561987e-02  3.41125131e-02
   5.31131811e-02 -1.75767578e-04 -1.18380077e-02 -7.36958310e-02
  -6.30816270e-04  1.18701659e-01 -1.03144996e-01  3.63947786e-02
  -4.01526410e-03  3.43570821e-02  3.37051740e-03  5.39304838e-02
   2.06715032e-01  1.64331287e-01 -8.32869112e-02  1.97499722e-01
   5.68480380e-02 -5.60158417e-02  1.33378848e-01 -3.59739289e-02
   1.82750658e-03 -5.13931885e-02 -8.44983980e-02  3.68085615e-02
   1.29455533e-02 -2.65379529e-02 -3.49131525e-02 -1.20168459e-02
   1.22306757e-01  3.09299361e-02  2.27715507e-01 -8.53841901e-02
  -5.20951822e-02 -6.39683530e-02 -5.72694466e-02  6.01153858e-02
   1.40250280e-01 -9.00390595e-02 -3.41364853e-02 -7.63583109e-02
  -3.86827923e-02  1.53818121e-02 -1.14107721e-01  1.82106003e-01
   2.04811245e-01 -7.15688914e-02 -1.85038410e-02  1.61351398e-01
  -1.15970254e-01 -1.76744744e-01  5.91836162e-02 -4.91418391e-02
   5.67067228e-02  4.68183830e-02  2.87336886e-01 -2.49817129e-02
  -8.05540606e-02  1.99687615e-01 -1.25659583e-02 -8.15428328e-03
  -5.98048195e-02  6.89137802e-02  8.15642327e-02 -7.28378445e-02
  -2.73015420e-03 -7.80069828e-02  1.10796645e-01 -9.69707072e-02
   4.57108468e-02 -5.53551540e-02 -2.20910031e-02 -9.57647488e-02
   7.08093941e-02 -9.15710814e-03 -8.35552588e-02  8.32690671e-02
  -9.70804133e-03 -1.07477091e-01 -2.15877220e-02  1.95077397e-02
  -2.75798514e-02 -4.68014516e-02 -8.32477883e-02  2.73016036e-01
   3.23917158e-02 -7.34722242e-02  1.10338770e-01  2.03482015e-03
   3.82281207e-02 -9.16616544e-02 -4.45703752e-02  2.91410685e-02
  -8.15920457e-02 -7.85337612e-02 -1.37748811e-02 -2.36713216e-02
  -7.56603479e-02 -3.96924689e-02 -7.90453106e-02  1.39252730e-02
  -7.07759112e-02  1.07196970e-02 -4.36102860e-02  1.57273874e-01
   8.23541880e-02  9.22885165e-02  4.23143283e-02  2.19981261e-02
  -5.54842204e-02  7.63260573e-02 -1.19244829e-02 -4.13768599e-03
   9.83909518e-02 -6.55796230e-02 -1.08344164e-02 -7.36328065e-02
  -1.80633441e-02 -1.11347167e-02  1.03120670e-01  1.89422101e-01]
 [ 1.57317489e-01 -1.13102302e-01  4.91372272e-02 -7.33477473e-02
   1.06685780e-01 -4.89565590e-03 -1.04970716e-01 -8.36464539e-02
  -1.32564455e-01 -5.04324175e-02 -1.38684496e-01 -1.58433318e-02
  -1.37594268e-01  2.96007991e-02 -4.41315025e-02  1.91568017e-01
  -4.88875844e-02 -2.66621504e-02 -6.67068213e-02  1.43095687e-01
  -1.14249907e-01  1.30105063e-01 -1.80848718e-01 -9.30990279e-02
   1.06292821e-01 -1.01871908e-01 -3.92674096e-02  1.18905649e-01
  -4.98341694e-02 -8.88244137e-02 -1.07543014e-01 -7.20629515e-03
   8.06333795e-02 -6.75480366e-02 -1.88746967e-03 -2.00517196e-02
   4.21423391e-02 -9.23866108e-02 -1.29549317e-02 -8.99553150e-02
  -1.31718237e-02 -5.84391765e-02 -3.84021737e-02  1.14735495e-02
  -3.15652266e-02 -3.92905734e-02  8.39243233e-02 -1.22251913e-01
  -6.88284636e-02  8.80567953e-02 -1.41578004e-01  3.08988290e-03
  -1.89451147e-02  2.81107205e-04  4.00926881e-02  1.82187229e-01
  -1.37498304e-01  6.42007077e-03  1.18238524e-01 -8.82100761e-02
  -2.76593026e-02  1.32968783e-01  4.38478822e-03 -1.05965719e-01
   1.01875477e-01  7.19956160e-02  5.73459007e-02  4.75506373e-02
  -3.96789350e-02 -4.96606901e-02 -3.33551839e-02 -4.26083878e-02
   9.45327505e-02  1.19217215e-02  5.62376976e-02 -2.91030277e-02
  -1.13392293e-01 -6.24723658e-02  1.99744046e-01 -7.41056949e-02
  -9.59075317e-02 -3.65768708e-02 -9.57715884e-02 -3.22917290e-02
  -6.34825751e-02 -6.31417707e-02  2.20964160e-02  2.93727964e-02
   6.03409670e-03  9.30317119e-02  7.72233531e-02 -4.88369465e-02
   1.44979239e-01  9.08869430e-02  2.15018228e-01 -1.30018473e-01
  -1.17093809e-01 -1.18656784e-01 -1.05064005e-01 -7.41880834e-02
  -1.65934525e-02  6.18669167e-02 -1.56318303e-02 -5.37187904e-02
  -9.51762423e-02 -4.62204292e-02 -4.16056663e-02 -1.11198306e-01
   1.56652540e-01  1.21699490e-01 -1.23295240e-01 -9.67203826e-02
  -8.69275704e-02 -3.94681692e-02  1.52846500e-01 -1.15022711e-01
  -1.06506888e-02 -1.26824290e-01 -1.02411129e-01 -3.80958081e-03
  -4.19718586e-02  6.32435782e-03 -4.99464683e-02  1.11300051e-02
  -6.70631602e-03  3.06508038e-02 -3.11318841e-02 -9.02755558e-02]]
[[-4.61836830e-02 -3.67394388e-02 -2.61822846e-02  3.96628492e-02
  -3.79635692e-02 -3.81254181e-02 -6.42561987e-02  3.41125131e-02
   5.31131811e-02 -1.75767578e-04 -1.18380077e-02 -7.36958310e-02
  -6.30816270e-04  1.18701659e-01 -1.03144996e-01  3.63947786e-02
  -4.01526410e-03  3.43570821e-02  3.37051740e-03  5.39304838e-02
   2.06715032e-01  1.64331287e-01 -8.32869112e-02  1.97499722e-01
   5.68480380e-02 -5.60158417e-02  1.33378848e-01 -3.59739289e-02
   1.82750658e-03 -5.13931885e-02 -8.44983980e-02  3.68085615e-02
   1.29455533e-02 -2.65379529e-02 -3.49131525e-02 -1.20168459e-02
   1.22306757e-01  3.09299361e-02  2.27715507e-01 -8.53841901e-02
  -5.20951822e-02 -6.39683530e-02 -5.72694466e-02  6.01153858e-02
   1.40250280e-01 -9.00390595e-02 -3.41364853e-02 -7.63583109e-02
  -3.86827923e-02  1.53818121e-02 -1.14107721e-01  1.82106003e-01
   2.04811245e-01 -7.15688914e-02 -1.85038410e-02  1.61351398e-01
  -1.15970254e-01 -1.76744744e-01  5.91836162e-02 -4.91418391e-02
   5.67067228e-02  4.68183830e-02  2.87336886e-01 -2.49817129e-02
  -8.05540606e-02  1.99687615e-01 -1.25659583e-02 -8.15428328e-03
  -5.98048195e-02  6.89137802e-02  8.15642327e-02 -7.28378445e-02
  -2.73015420e-03 -7.80069828e-02  1.10796645e-01 -9.69707072e-02
   4.57108468e-02 -5.53551540e-02 -2.20910031e-02 -9.57647488e-02
   7.08093941e-02 -9.15710814e-03 -8.35552588e-02  8.32690671e-02
  -9.70804133e-03 -1.07477091e-01 -2.15877220e-02  1.95077397e-02
  -2.75798514e-02 -4.68014516e-02 -8.32477883e-02  2.73016036e-01
   3.23917158e-02 -7.34722242e-02  1.10338770e-01  2.03482015e-03
   3.82281207e-02 -9.16616544e-02 -4.45703752e-02  2.91410685e-02
  -8.15920457e-02 -7.85337612e-02 -1.37748811e-02 -2.36713216e-02
  -7.56603479e-02 -3.96924689e-02 -7.90453106e-02  1.39252730e-02
  -7.07759112e-02  1.07196970e-02 -4.36102860e-02  1.57273874e-01
   8.23541880e-02  9.22885165e-02  4.23143283e-02  2.19981261e-02
  -5.54842204e-02  7.63260573e-02 -1.19244829e-02 -4.13768599e-03
   9.83909518e-02 -6.55796230e-02 -1.08344164e-02 -7.36328065e-02
  -1.80633441e-02 -1.11347167e-02  1.03120670e-01  1.89422101e-01]
 [ 1.57317489e-01 -1.13102302e-01  4.91372272e-02 -7.33477473e-02
   1.06685780e-01 -4.89565590e-03 -1.04970716e-01 -8.36464539e-02
  -1.32564455e-01 -5.04324175e-02 -1.38684496e-01 -1.58433318e-02
  -1.37594268e-01  2.96007991e-02 -4.41315025e-02  1.91568017e-01
  -4.88875844e-02 -2.66621504e-02 -6.67068213e-02  1.43095687e-01
  -1.14249907e-01  1.30105063e-01 -1.80848718e-01 -9.30990279e-02
   1.06292821e-01 -1.01871908e-01 -3.92674096e-02  1.18905649e-01
  -4.98341694e-02 -8.88244137e-02 -1.07543014e-01 -7.20629515e-03
   8.06333795e-02 -6.75480366e-02 -1.88746967e-03 -2.00517196e-02
   4.21423391e-02 -9.23866108e-02 -1.29549317e-02 -8.99553150e-02
  -1.31718237e-02 -5.84391765e-02 -3.84021737e-02  1.14735495e-02
  -3.15652266e-02 -3.92905734e-02  8.39243233e-02 -1.22251913e-01
  -6.88284636e-02  8.80567953e-02 -1.41578004e-01  3.08988290e-03
  -1.89451147e-02  2.81107205e-04  4.00926881e-02  1.82187229e-01
  -1.37498304e-01  6.42007077e-03  1.18238524e-01 -8.82100761e-02
  -2.76593026e-02  1.32968783e-01  4.38478822e-03 -1.05965719e-01
   1.01875477e-01  7.19956160e-02  5.73459007e-02  4.75506373e-02
  -3.96789350e-02 -4.96606901e-02 -3.33551839e-02 -4.26083878e-02
   9.45327505e-02  1.19217215e-02  5.62376976e-02 -2.91030277e-02
  -1.13392293e-01 -6.24723658e-02  1.99744046e-01 -7.41056949e-02
  -9.59075317e-02 -3.65768708e-02 -9.57715884e-02 -3.22917290e-02
  -6.34825751e-02 -6.31417707e-02  2.20964160e-02  2.93727964e-02
   6.03409670e-03  9.30317119e-02  7.72233531e-02 -4.88369465e-02
   1.44979239e-01  9.08869430e-02  2.15018228e-01 -1.30018473e-01
  -1.17093809e-01 -1.18656784e-01 -1.05064005e-01 -7.41880834e-02
  -1.65934525e-02  6.18669167e-02 -1.56318303e-02 -5.37187904e-02
  -9.51762423e-02 -4.62204292e-02 -4.16056663e-02 -1.11198306e-01
   1.56652540e-01  1.21699490e-01 -1.23295240e-01 -9.67203826e-02
  -8.69275704e-02 -3.94681692e-02  1.52846500e-01 -1.15022711e-01
  -1.06506888e-02 -1.26824290e-01 -1.02411129e-01 -3.80958081e-03
  -4.19718586e-02  6.32435782e-03 -4.99464683e-02  1.11300051e-02
  -6.70631602e-03  3.06508038e-02 -3.11318841e-02 -9.02755558e-02]]
[[-4.61836830e-02 -3.67394388e-02 -2.61822846e-02  3.96628492e-02
  -3.79635692e-02 -3.81254181e-02 -6.42561987e-02  3.41125131e-02
   5.31131811e-02 -1.75767578e-04 -1.18380077e-02 -7.36958310e-02
  -6.30816270e-04  1.18701659e-01 -1.03144996e-01  3.63947786e-02
  -4.01526410e-03  3.43570821e-02  3.37051740e-03  5.39304838e-02
   2.06715032e-01  1.64331287e-01 -8.32869112e-02  1.97499722e-01
   5.68480380e-02 -5.60158417e-02  1.33378848e-01 -3.59739289e-02
   1.82750658e-03 -5.13931885e-02 -8.44983980e-02  3.68085615e-02
   1.29455533e-02 -2.65379529e-02 -3.49131525e-02 -1.20168459e-02
   1.22306757e-01  3.09299361e-02  2.27715507e-01 -8.53841901e-02
  -5.20951822e-02 -6.39683530e-02 -5.72694466e-02  6.01153858e-02
   1.40250280e-01 -9.00390595e-02 -3.41364853e-02 -7.63583109e-02
  -3.86827923e-02  1.53818121e-02 -1.14107721e-01  1.82106003e-01
   2.04811245e-01 -7.15688914e-02 -1.85038410e-02  1.61351398e-01
  -1.15970254e-01 -1.76744744e-01  5.91836162e-02 -4.91418391e-02
   5.67067228e-02  4.68183830e-02  2.87336886e-01 -2.49817129e-02
  -8.05540606e-02  1.99687615e-01 -1.25659583e-02 -8.15428328e-03
  -5.98048195e-02  6.89137802e-02  8.15642327e-02 -7.28378445e-02
  -2.73015420e-03 -7.80069828e-02  1.10796645e-01 -9.69707072e-02
   4.57108468e-02 -5.53551540e-02 -2.20910031e-02 -9.57647488e-02
   7.08093941e-02 -9.15710814e-03 -8.35552588e-02  8.32690671e-02
  -9.70804133e-03 -1.07477091e-01 -2.15877220e-02  1.95077397e-02
  -2.75798514e-02 -4.68014516e-02 -8.32477883e-02  2.73016036e-01
   3.23917158e-02 -7.34722242e-02  1.10338770e-01  2.03482015e-03
   3.82281207e-02 -9.16616544e-02 -4.45703752e-02  2.91410685e-02
  -8.15920457e-02 -7.85337612e-02 -1.37748811e-02 -2.36713216e-02
  -7.56603479e-02 -3.96924689e-02 -7.90453106e-02  1.39252730e-02
  -7.07759112e-02  1.07196970e-02 -4.36102860e-02  1.57273874e-01
   8.23541880e-02  9.22885165e-02  4.23143283e-02  2.19981261e-02
  -5.54842204e-02  7.63260573e-02 -1.19244829e-02 -4.13768599e-03
   9.83909518e-02 -6.55796230e-02 -1.08344164e-02 -7.36328065e-02
  -1.80633441e-02 -1.11347167e-02  1.03120670e-01  1.89422101e-01]
 [ 1.57317489e-01 -1.13102302e-01  4.91372272e-02 -7.33477473e-02
   1.06685780e-01 -4.89565590e-03 -1.04970716e-01 -8.36464539e-02
  -1.32564455e-01 -5.04324175e-02 -1.38684496e-01 -1.58433318e-02
  -1.37594268e-01  2.96007991e-02 -4.41315025e-02  1.91568017e-01
  -4.88875844e-02 -2.66621504e-02 -6.67068213e-02  1.43095687e-01
  -1.14249907e-01  1.30105063e-01 -1.80848718e-01 -9.30990279e-02
   1.06292821e-01 -1.01871908e-01 -3.92674096e-02  1.18905649e-01
  -4.98341694e-02 -8.88244137e-02 -1.07543014e-01 -7.20629515e-03
   8.06333795e-02 -6.75480366e-02 -1.88746967e-03 -2.00517196e-02
   4.21423391e-02 -9.23866108e-02 -1.29549317e-02 -8.99553150e-02
  -1.31718237e-02 -5.84391765e-02 -3.84021737e-02  1.14735495e-02
  -3.15652266e-02 -3.92905734e-02  8.39243233e-02 -1.22251913e-01
  -6.88284636e-02  8.80567953e-02 -1.41578004e-01  3.08988290e-03
  -1.89451147e-02  2.81107205e-04  4.00926881e-02  1.82187229e-01
  -1.37498304e-01  6.42007077e-03  1.18238524e-01 -8.82100761e-02
  -2.76593026e-02  1.32968783e-01  4.38478822e-03 -1.05965719e-01
   1.01875477e-01  7.19956160e-02  5.73459007e-02  4.75506373e-02
  -3.96789350e-02 -4.96606901e-02 -3.33551839e-02 -4.26083878e-02
   9.45327505e-02  1.19217215e-02  5.62376976e-02 -2.91030277e-02
  -1.13392293e-01 -6.24723658e-02  1.99744046e-01 -7.41056949e-02
  -9.59075317e-02 -3.65768708e-02 -9.57715884e-02 -3.22917290e-02
  -6.34825751e-02 -6.31417707e-02  2.20964160e-02  2.93727964e-02
   6.03409670e-03  9.30317119e-02  7.72233531e-02 -4.88369465e-02
   1.44979239e-01  9.08869430e-02  2.15018228e-01 -1.30018473e-01
  -1.17093809e-01 -1.18656784e-01 -1.05064005e-01 -7.41880834e-02
  -1.65934525e-02  6.18669167e-02 -1.56318303e-02 -5.37187904e-02
  -9.51762423e-02 -4.62204292e-02 -4.16056663e-02 -1.11198306e-01
   1.56652540e-01  1.21699490e-01 -1.23295240e-01 -9.67203826e-02
  -8.69275704e-02 -3.94681692e-02  1.52846500e-01 -1.15022711e-01
  -1.06506888e-02 -1.26824290e-01 -1.02411129e-01 -3.80958081e-03
  -4.19718586e-02  6.32435782e-03 -4.99464683e-02  1.11300051e-02
  -6.70631602e-03  3.06508038e-02 -3.11318841e-02 -9.02755558e-02]]
