[[-0.02572117 -0.05489238 -0.00643806  0.01973672 -0.03395831 -0.03759569
  -0.06487862 -0.03429323  0.03055381 -0.04086621 -0.05178625 -0.07690053
   0.01225502  0.12258085 -0.11041816  0.01609418  0.04654638  0.02705761
   0.02214873  0.07152405  0.18607785  0.11984931 -0.09242541  0.12696019
   0.05933692 -0.07782837  0.16046683 -0.03003646  0.02225831 -0.05905413
  -0.09195574  0.07382829 -0.00269773 -0.02788115 -0.00142039 -0.04171166
   0.1359517   0.00062168  0.21496065 -0.09223498 -0.05565365 -0.04454194
  -0.07597084  0.03035752  0.07136675 -0.09924017 -0.03222627 -0.09029359
  -0.01357505  0.01073314 -0.12225825  0.19751203  0.16677384 -0.0679743
   0.0533825   0.23449029 -0.13128336 -0.16871622  0.10294163 -0.06008906
   0.02765739  0.10308972  0.21996967 -0.05589262 -0.07370439  0.21749404
  -0.03196986 -0.03940673 -0.06462474  0.14661135  0.07464452 -0.08119477
  -0.00278649 -0.09166851  0.09866499 -0.1089261   0.10264727 -0.06194765
  -0.05435356 -0.12084086  0.12947202  0.00161226 -0.09305587  0.09947228
   0.0065398  -0.12845105 -0.0111954   0.05090917 -0.01406559 -0.03319983
  -0.08245622  0.20443687  0.00817468 -0.07032043  0.14161696 -0.01559631
   0.03935037 -0.09806847 -0.03949641  0.04044641 -0.04985994 -0.06971379
  -0.0523041  -0.02971775 -0.09173059 -0.05689386 -0.09088775  0.00697065
  -0.0753507  -0.00360069 -0.04060953  0.06818279  0.09485371  0.01972855
   0.11248019  0.00371768 -0.04525778  0.16676882 -0.04853502 -0.05450455
   0.07880125 -0.05126245  0.00039179 -0.07359094  0.01130757 -0.00487498
   0.10667481  0.09327567]
 [ 0.04580066 -0.02871644  0.05978204 -0.07338133  0.11982398  0.0580782
  -0.08411851 -0.00260934 -0.06862266 -0.04186373 -0.12550424  0.01723791
  -0.09296656 -0.03560223 -0.0402478   0.17991415 -0.01135539  0.07501652
  -0.01766232  0.1862285  -0.09830634  0.01455028 -0.11315183 -0.08508409
   0.12602885 -0.07465561 -0.04811196  0.04897306 -0.04054431 -0.07141035
   0.0276648   0.05572828  0.00246692 -0.07883032  0.03697743  0.02981013
   0.11779837 -0.08221818  0.04945268 -0.05726953 -0.04635271  0.03541973
  -0.06060868  0.01442398 -0.05304756  0.01048636 -0.00439618 -0.09762017
   0.01439011  0.16477229 -0.09137842 -0.02960534 -0.04347241  0.07911673
   0.05839457  0.18682943 -0.11491856  0.0227162   0.11647639 -0.06581747
   0.06463765  0.11498645 -0.03448328 -0.09837922  0.0414632   0.07286383
   0.1295632   0.11344583 -0.09105978 -0.02984331 -0.03642214 -0.07574096
   0.02566996 -0.09408598  0.1724424   0.01716838 -0.04567602  0.02843482
   0.25208977  0.00988545 -0.05811084 -0.05547409 -0.10212246  0.09641037
  -0.04678505 -0.13925354  0.08255838 -0.03725999 -0.00842846  0.10001822
   0.13029304 -0.07091569  0.21011056  0.09049225  0.18965055 -0.19199741
  -0.12094738 -0.09242839 -0.06269307 -0.0341871   0.01311081  0.07912661
  -0.00831009 -0.05728943 -0.0994416  -0.0471511  -0.02523087 -0.12332883
   0.0845362   0.04289077 -0.11097899 -0.10471942 -0.0659278  -0.04941088
   0.20472813 -0.1209764   0.09620208 -0.08023922 -0.11259856 -0.07617896
  -0.07565594  0.05303584 -0.06001024  0.02853556 -0.02701246  0.01686465
   0.05369112 -0.08394438]]
[[-0.02572117 -0.05489238 -0.00643806  0.01973672 -0.03395831 -0.03759569
  -0.06487862 -0.03429323  0.03055381 -0.04086621 -0.05178625 -0.07690053
   0.01225502  0.12258085 -0.11041816  0.01609418  0.04654638  0.02705761
   0.02214873  0.07152405  0.18607785  0.11984931 -0.09242541  0.12696019
   0.05933692 -0.07782837  0.16046683 -0.03003646  0.02225831 -0.05905413
  -0.09195574  0.07382829 -0.00269773 -0.02788115 -0.00142039 -0.04171166
   0.1359517   0.00062168  0.21496065 -0.09223498 -0.05565365 -0.04454194
  -0.07597084  0.03035752  0.07136675 -0.09924017 -0.03222627 -0.09029359
  -0.01357505  0.01073314 -0.12225825  0.19751203  0.16677384 -0.0679743
   0.0533825   0.23449029 -0.13128336 -0.16871622  0.10294163 -0.06008906
   0.02765739  0.10308972  0.21996967 -0.05589262 -0.07370439  0.21749404
  -0.03196986 -0.03940673 -0.06462474  0.14661135  0.07464452 -0.08119477
  -0.00278649 -0.09166851  0.09866499 -0.1089261   0.10264727 -0.06194765
  -0.05435356 -0.12084086  0.12947202  0.00161226 -0.09305587  0.09947228
   0.0065398  -0.12845105 -0.0111954   0.05090917 -0.01406559 -0.03319983
  -0.08245622  0.20443687  0.00817468 -0.07032043  0.14161696 -0.01559631
   0.03935037 -0.09806847 -0.03949641  0.04044641 -0.04985994 -0.06971379
  -0.0523041  -0.02971775 -0.09173059 -0.05689386 -0.09088775  0.00697065
  -0.0753507  -0.00360069 -0.04060953  0.06818279  0.09485371  0.01972855
   0.11248019  0.00371768 -0.04525778  0.16676882 -0.04853502 -0.05450455
   0.07880125 -0.05126245  0.00039179 -0.07359094  0.01130757 -0.00487498
   0.10667481  0.09327567]
 [ 0.04580066 -0.02871644  0.05978204 -0.07338133  0.11982398  0.0580782
  -0.08411851 -0.00260934 -0.06862266 -0.04186373 -0.12550424  0.01723791
  -0.09296656 -0.03560223 -0.0402478   0.17991415 -0.01135539  0.07501652
  -0.01766232  0.1862285  -0.09830634  0.01455028 -0.11315183 -0.08508409
   0.12602885 -0.07465561 -0.04811196  0.04897306 -0.04054431 -0.07141035
   0.0276648   0.05572828  0.00246692 -0.07883032  0.03697743  0.02981013
   0.11779837 -0.08221818  0.04945268 -0.05726953 -0.04635271  0.03541973
  -0.06060868  0.01442398 -0.05304756  0.01048636 -0.00439618 -0.09762017
   0.01439011  0.16477229 -0.09137842 -0.02960534 -0.04347241  0.07911673
   0.05839457  0.18682943 -0.11491856  0.0227162   0.11647639 -0.06581747
   0.06463765  0.11498645 -0.03448328 -0.09837922  0.0414632   0.07286383
   0.1295632   0.11344583 -0.09105978 -0.02984331 -0.03642214 -0.07574096
   0.02566996 -0.09408598  0.1724424   0.01716838 -0.04567602  0.02843482
   0.25208977  0.00988545 -0.05811084 -0.05547409 -0.10212246  0.09641037
  -0.04678505 -0.13925354  0.08255838 -0.03725999 -0.00842846  0.10001822
   0.13029304 -0.07091569  0.21011056  0.09049225  0.18965055 -0.19199741
  -0.12094738 -0.09242839 -0.06269307 -0.0341871   0.01311081  0.07912661
  -0.00831009 -0.05728943 -0.0994416  -0.0471511  -0.02523087 -0.12332883
   0.0845362   0.04289077 -0.11097899 -0.10471942 -0.0659278  -0.04941088
   0.20472813 -0.1209764   0.09620208 -0.08023922 -0.11259856 -0.07617896
  -0.07565594  0.05303584 -0.06001024  0.02853556 -0.02701246  0.01686465
   0.05369112 -0.08394438]]
[[-0.02572117 -0.05489238 -0.00643806  0.01973672 -0.03395831 -0.03759569
  -0.06487862 -0.03429323  0.03055381 -0.04086621 -0.05178625 -0.07690053
   0.01225502  0.12258085 -0.11041816  0.01609418  0.04654638  0.02705761
   0.02214873  0.07152405  0.18607785  0.11984931 -0.09242541  0.12696019
   0.05933692 -0.07782837  0.16046683 -0.03003646  0.02225831 -0.05905413
  -0.09195574  0.07382829 -0.00269773 -0.02788115 -0.00142039 -0.04171166
   0.1359517   0.00062168  0.21496065 -0.09223498 -0.05565365 -0.04454194
  -0.07597084  0.03035752  0.07136675 -0.09924017 -0.03222627 -0.09029359
  -0.01357505  0.01073314 -0.12225825  0.19751203  0.16677384 -0.0679743
   0.0533825   0.23449029 -0.13128336 -0.16871622  0.10294163 -0.06008906
   0.02765739  0.10308972  0.21996967 -0.05589262 -0.07370439  0.21749404
  -0.03196986 -0.03940673 -0.06462474  0.14661135  0.07464452 -0.08119477
  -0.00278649 -0.09166851  0.09866499 -0.1089261   0.10264727 -0.06194765
  -0.05435356 -0.12084086  0.12947202  0.00161226 -0.09305587  0.09947228
   0.0065398  -0.12845105 -0.0111954   0.05090917 -0.01406559 -0.03319983
  -0.08245622  0.20443687  0.00817468 -0.07032043  0.14161696 -0.01559631
   0.03935037 -0.09806847 -0.03949641  0.04044641 -0.04985994 -0.06971379
  -0.0523041  -0.02971775 -0.09173059 -0.05689386 -0.09088775  0.00697065
  -0.0753507  -0.00360069 -0.04060953  0.06818279  0.09485371  0.01972855
   0.11248019  0.00371768 -0.04525778  0.16676882 -0.04853502 -0.05450455
   0.07880125 -0.05126245  0.00039179 -0.07359094  0.01130757 -0.00487498
   0.10667481  0.09327567]
 [ 0.04580066 -0.02871644  0.05978204 -0.07338133  0.11982398  0.0580782
  -0.08411851 -0.00260934 -0.06862266 -0.04186373 -0.12550424  0.01723791
  -0.09296656 -0.03560223 -0.0402478   0.17991415 -0.01135539  0.07501652
  -0.01766232  0.1862285  -0.09830634  0.01455028 -0.11315183 -0.08508409
   0.12602885 -0.07465561 -0.04811196  0.04897306 -0.04054431 -0.07141035
   0.0276648   0.05572828  0.00246692 -0.07883032  0.03697743  0.02981013
   0.11779837 -0.08221818  0.04945268 -0.05726953 -0.04635271  0.03541973
  -0.06060868  0.01442398 -0.05304756  0.01048636 -0.00439618 -0.09762017
   0.01439011  0.16477229 -0.09137842 -0.02960534 -0.04347241  0.07911673
   0.05839457  0.18682943 -0.11491856  0.0227162   0.11647639 -0.06581747
   0.06463765  0.11498645 -0.03448328 -0.09837922  0.0414632   0.07286383
   0.1295632   0.11344583 -0.09105978 -0.02984331 -0.03642214 -0.07574096
   0.02566996 -0.09408598  0.1724424   0.01716838 -0.04567602  0.02843482
   0.25208977  0.00988545 -0.05811084 -0.05547409 -0.10212246  0.09641037
  -0.04678505 -0.13925354  0.08255838 -0.03725999 -0.00842846  0.10001822
   0.13029304 -0.07091569  0.21011056  0.09049225  0.18965055 -0.19199741
  -0.12094738 -0.09242839 -0.06269307 -0.0341871   0.01311081  0.07912661
  -0.00831009 -0.05728943 -0.0994416  -0.0471511  -0.02523087 -0.12332883
   0.0845362   0.04289077 -0.11097899 -0.10471942 -0.0659278  -0.04941088
   0.20472813 -0.1209764   0.09620208 -0.08023922 -0.11259856 -0.07617896
  -0.07565594  0.05303584 -0.06001024  0.02853556 -0.02701246  0.01686465
   0.05369112 -0.08394438]]
