[[ 5.83080165e-02 -4.21258248e-02  2.50405688e-02 -6.58332184e-02
   1.12965591e-01  2.00535618e-02 -7.71870390e-02  1.85939372e-02
  -5.95062003e-02 -5.52125908e-02 -1.08104475e-01 -4.72467802e-02
  -9.37089473e-02 -4.95573245e-02 -6.04814254e-02  1.22253627e-01
   2.54104212e-02  2.35753171e-02 -3.48948278e-02  1.58413246e-01
  -9.62118357e-02 -1.33159086e-02 -1.15291581e-01 -9.36763883e-02
   1.68618798e-01 -5.23175299e-02 -8.65217075e-02  7.63943940e-02
  -4.46097925e-02 -5.96082993e-02  1.26402862e-02  1.31902471e-02
  -1.39060002e-02 -2.09139045e-02  8.73793513e-02  5.34163304e-02
   1.14305228e-01 -5.11094518e-02  5.17933816e-02 -2.77084000e-02
  -6.23444356e-02  4.27605622e-02 -3.53669003e-02  1.78714376e-03
  -5.19171208e-02  4.21485044e-02 -4.03642245e-02 -8.86331722e-02
  -6.40796823e-03  1.56137660e-01 -8.61863196e-02 -5.38706034e-02
  -7.31502250e-02  7.37541988e-02  6.54508919e-02  2.48711228e-01
  -1.01929456e-01  3.52035873e-02  9.18038562e-02 -8.48953724e-02
   2.39624176e-02  1.69304967e-01 -3.68888788e-02 -8.99647996e-02
   1.53619153e-02  7.70692453e-02  1.20593265e-01  1.01130046e-01
  -7.36782327e-02 -2.87162606e-02  2.88256886e-03 -6.93005696e-02
   1.81304254e-02 -6.71998709e-02  1.68376759e-01  6.10316694e-02
  -4.06499878e-02 -1.67149808e-02  2.03293324e-01  4.84991744e-02
  -5.73991463e-02 -7.99312666e-02 -1.03410758e-01  1.32094353e-01
  -6.14775904e-02 -1.52156115e-01  5.71070313e-02  8.77524540e-03
  -4.62478632e-03  1.22082248e-01  1.38797760e-01 -5.84267862e-02
   2.17599422e-01  1.01618432e-01  1.58111975e-01 -1.88437372e-01
  -1.23357512e-01 -9.09903124e-02 -7.73022100e-02 -2.11327225e-02
   2.87597459e-02  8.97952467e-02  9.47767112e-05 -6.26021177e-02
  -5.10895289e-02 -7.10914358e-02 -4.26606601e-03 -1.24805182e-01
   5.54834045e-02 -4.34370153e-03 -1.11790173e-01 -8.72135460e-02
  -7.48109072e-02 -4.50323969e-02  1.69419304e-01 -1.24799125e-01
   1.22022323e-01 -9.41490307e-02 -1.15220353e-01 -7.12041706e-02
  -8.12953264e-02  5.77700250e-02 -9.39505175e-02  6.44435212e-02
  -3.10721882e-02  5.91218472e-02  1.28297120e-01 -7.99426436e-02]
 [-4.47893329e-02 -4.46526669e-02  1.04606468e-02  1.18861720e-02
  -9.68460832e-03 -4.41786610e-02 -5.68291433e-02 -3.22341397e-02
   3.96463647e-03 -4.49318700e-02 -4.83668111e-02 -8.75962451e-02
   1.89011567e-04  1.14478290e-01 -1.03043653e-01  3.89322452e-02
   5.47304936e-02  2.87120845e-02 -1.75445937e-02  7.79006705e-02
   1.84893355e-01  1.28585219e-01 -8.90467614e-02  1.44370884e-01
   8.93791094e-02 -7.20796511e-02  1.45681545e-01 -5.49950972e-02
  -1.15855737e-02 -4.76611666e-02 -8.61946642e-02  5.85680641e-02
   2.11383980e-02 -4.51726764e-02 -5.00846375e-03 -5.04330620e-02
   1.52246922e-01  1.12567330e-02  2.15443164e-01 -8.43226239e-02
  -4.48084027e-02 -3.05205509e-02 -7.21682608e-02  1.71997007e-02
   3.86489257e-02 -9.39551294e-02 -4.54115830e-02 -9.10846516e-02
  -3.17135192e-02  4.30689566e-02 -1.14628509e-01  2.09130079e-01
   1.63788140e-01 -6.60351589e-02  4.17878702e-02  2.36126140e-01
  -1.29152671e-01 -1.52477115e-01  1.04727499e-01 -6.98731989e-02
   1.69337541e-02  1.06683999e-01  2.28080958e-01 -5.09740636e-02
  -6.88619465e-02  2.14518651e-01 -3.28519829e-02 -2.90814377e-02
  -6.19431995e-02  1.23275921e-01  8.06152225e-02 -7.33048543e-02
   1.06929056e-02 -9.49510783e-02  8.98574740e-02 -1.06448956e-01
   1.17959239e-01 -5.63955344e-02 -3.47097851e-02 -1.13749132e-01
   1.30810231e-01  8.34768545e-03 -8.87949616e-02  9.25732851e-02
  -3.12654884e-04 -1.39928088e-01 -5.07488288e-03  2.79252846e-02
  -2.57587861e-02 -2.41402276e-02 -7.81254321e-02  2.22173288e-01
  -1.10316537e-02 -5.57399616e-02  1.34445652e-01 -8.76830705e-03
   2.55942997e-02 -9.29247588e-02 -5.60373031e-02  3.76347676e-02
  -4.79120240e-02 -6.86987191e-02 -5.55543974e-02 -3.61351967e-02
  -9.12672579e-02 -6.89252615e-02 -9.13566798e-02  3.40096503e-02
  -7.45955929e-02  7.35361967e-03 -4.97913696e-02  3.87585238e-02
   1.03738435e-01  2.62686629e-02  1.57035664e-01  1.84865091e-02
  -5.19645251e-02  1.62833571e-01 -5.88909797e-02 -5.69926687e-02
   7.61526823e-02 -2.39226818e-02 -7.40262028e-03 -6.30204529e-02
  -5.90528315e-03 -2.19933596e-02  8.70661885e-02  8.03917274e-02]]
[[ 5.83080165e-02 -4.21258248e-02  2.50405688e-02 -6.58332184e-02
   1.12965591e-01  2.00535618e-02 -7.71870390e-02  1.85939372e-02
  -5.95062003e-02 -5.52125908e-02 -1.08104475e-01 -4.72467802e-02
  -9.37089473e-02 -4.95573245e-02 -6.04814254e-02  1.22253627e-01
   2.54104212e-02  2.35753171e-02 -3.48948278e-02  1.58413246e-01
  -9.62118357e-02 -1.33159086e-02 -1.15291581e-01 -9.36763883e-02
   1.68618798e-01 -5.23175299e-02 -8.65217075e-02  7.63943940e-02
  -4.46097925e-02 -5.96082993e-02  1.26402862e-02  1.31902471e-02
  -1.39060002e-02 -2.09139045e-02  8.73793513e-02  5.34163304e-02
   1.14305228e-01 -5.11094518e-02  5.17933816e-02 -2.77084000e-02
  -6.23444356e-02  4.27605622e-02 -3.53669003e-02  1.78714376e-03
  -5.19171208e-02  4.21485044e-02 -4.03642245e-02 -8.86331722e-02
  -6.40796823e-03  1.56137660e-01 -8.61863196e-02 -5.38706034e-02
  -7.31502250e-02  7.37541988e-02  6.54508919e-02  2.48711228e-01
  -1.01929456e-01  3.52035873e-02  9.18038562e-02 -8.48953724e-02
   2.39624176e-02  1.69304967e-01 -3.68888788e-02 -8.99647996e-02
   1.53619153e-02  7.70692453e-02  1.20593265e-01  1.01130046e-01
  -7.36782327e-02 -2.87162606e-02  2.88256886e-03 -6.93005696e-02
   1.81304254e-02 -6.71998709e-02  1.68376759e-01  6.10316694e-02
  -4.06499878e-02 -1.67149808e-02  2.03293324e-01  4.84991744e-02
  -5.73991463e-02 -7.99312666e-02 -1.03410758e-01  1.32094353e-01
  -6.14775904e-02 -1.52156115e-01  5.71070313e-02  8.77524540e-03
  -4.62478632e-03  1.22082248e-01  1.38797760e-01 -5.84267862e-02
   2.17599422e-01  1.01618432e-01  1.58111975e-01 -1.88437372e-01
  -1.23357512e-01 -9.09903124e-02 -7.73022100e-02 -2.11327225e-02
   2.87597459e-02  8.97952467e-02  9.47767112e-05 -6.26021177e-02
  -5.10895289e-02 -7.10914358e-02 -4.26606601e-03 -1.24805182e-01
   5.54834045e-02 -4.34370153e-03 -1.11790173e-01 -8.72135460e-02
  -7.48109072e-02 -4.50323969e-02  1.69419304e-01 -1.24799125e-01
   1.22022323e-01 -9.41490307e-02 -1.15220353e-01 -7.12041706e-02
  -8.12953264e-02  5.77700250e-02 -9.39505175e-02  6.44435212e-02
  -3.10721882e-02  5.91218472e-02  1.28297120e-01 -7.99426436e-02]
 [-4.47893329e-02 -4.46526669e-02  1.04606468e-02  1.18861720e-02
  -9.68460832e-03 -4.41786610e-02 -5.68291433e-02 -3.22341397e-02
   3.96463647e-03 -4.49318700e-02 -4.83668111e-02 -8.75962451e-02
   1.89011567e-04  1.14478290e-01 -1.03043653e-01  3.89322452e-02
   5.47304936e-02  2.87120845e-02 -1.75445937e-02  7.79006705e-02
   1.84893355e-01  1.28585219e-01 -8.90467614e-02  1.44370884e-01
   8.93791094e-02 -7.20796511e-02  1.45681545e-01 -5.49950972e-02
  -1.15855737e-02 -4.76611666e-02 -8.61946642e-02  5.85680641e-02
   2.11383980e-02 -4.51726764e-02 -5.00846375e-03 -5.04330620e-02
   1.52246922e-01  1.12567330e-02  2.15443164e-01 -8.43226239e-02
  -4.48084027e-02 -3.05205509e-02 -7.21682608e-02  1.71997007e-02
   3.86489257e-02 -9.39551294e-02 -4.54115830e-02 -9.10846516e-02
  -3.17135192e-02  4.30689566e-02 -1.14628509e-01  2.09130079e-01
   1.63788140e-01 -6.60351589e-02  4.17878702e-02  2.36126140e-01
  -1.29152671e-01 -1.52477115e-01  1.04727499e-01 -6.98731989e-02
   1.69337541e-02  1.06683999e-01  2.28080958e-01 -5.09740636e-02
  -6.88619465e-02  2.14518651e-01 -3.28519829e-02 -2.90814377e-02
  -6.19431995e-02  1.23275921e-01  8.06152225e-02 -7.33048543e-02
   1.06929056e-02 -9.49510783e-02  8.98574740e-02 -1.06448956e-01
   1.17959239e-01 -5.63955344e-02 -3.47097851e-02 -1.13749132e-01
   1.30810231e-01  8.34768545e-03 -8.87949616e-02  9.25732851e-02
  -3.12654884e-04 -1.39928088e-01 -5.07488288e-03  2.79252846e-02
  -2.57587861e-02 -2.41402276e-02 -7.81254321e-02  2.22173288e-01
  -1.10316537e-02 -5.57399616e-02  1.34445652e-01 -8.76830705e-03
   2.55942997e-02 -9.29247588e-02 -5.60373031e-02  3.76347676e-02
  -4.79120240e-02 -6.86987191e-02 -5.55543974e-02 -3.61351967e-02
  -9.12672579e-02 -6.89252615e-02 -9.13566798e-02  3.40096503e-02
  -7.45955929e-02  7.35361967e-03 -4.97913696e-02  3.87585238e-02
   1.03738435e-01  2.62686629e-02  1.57035664e-01  1.84865091e-02
  -5.19645251e-02  1.62833571e-01 -5.88909797e-02 -5.69926687e-02
   7.61526823e-02 -2.39226818e-02 -7.40262028e-03 -6.30204529e-02
  -5.90528315e-03 -2.19933596e-02  8.70661885e-02  8.03917274e-02]]
[[ 5.83080165e-02 -4.21258248e-02  2.50405688e-02 -6.58332184e-02
   1.12965591e-01  2.00535618e-02 -7.71870390e-02  1.85939372e-02
  -5.95062003e-02 -5.52125908e-02 -1.08104475e-01 -4.72467802e-02
  -9.37089473e-02 -4.95573245e-02 -6.04814254e-02  1.22253627e-01
   2.54104212e-02  2.35753171e-02 -3.48948278e-02  1.58413246e-01
  -9.62118357e-02 -1.33159086e-02 -1.15291581e-01 -9.36763883e-02
   1.68618798e-01 -5.23175299e-02 -8.65217075e-02  7.63943940e-02
  -4.46097925e-02 -5.96082993e-02  1.26402862e-02  1.31902471e-02
  -1.39060002e-02 -2.09139045e-02  8.73793513e-02  5.34163304e-02
   1.14305228e-01 -5.11094518e-02  5.17933816e-02 -2.77084000e-02
  -6.23444356e-02  4.27605622e-02 -3.53669003e-02  1.78714376e-03
  -5.19171208e-02  4.21485044e-02 -4.03642245e-02 -8.86331722e-02
  -6.40796823e-03  1.56137660e-01 -8.61863196e-02 -5.38706034e-02
  -7.31502250e-02  7.37541988e-02  6.54508919e-02  2.48711228e-01
  -1.01929456e-01  3.52035873e-02  9.18038562e-02 -8.48953724e-02
   2.39624176e-02  1.69304967e-01 -3.68888788e-02 -8.99647996e-02
   1.53619153e-02  7.70692453e-02  1.20593265e-01  1.01130046e-01
  -7.36782327e-02 -2.87162606e-02  2.88256886e-03 -6.93005696e-02
   1.81304254e-02 -6.71998709e-02  1.68376759e-01  6.10316694e-02
  -4.06499878e-02 -1.67149808e-02  2.03293324e-01  4.84991744e-02
  -5.73991463e-02 -7.99312666e-02 -1.03410758e-01  1.32094353e-01
  -6.14775904e-02 -1.52156115e-01  5.71070313e-02  8.77524540e-03
  -4.62478632e-03  1.22082248e-01  1.38797760e-01 -5.84267862e-02
   2.17599422e-01  1.01618432e-01  1.58111975e-01 -1.88437372e-01
  -1.23357512e-01 -9.09903124e-02 -7.73022100e-02 -2.11327225e-02
   2.87597459e-02  8.97952467e-02  9.47767112e-05 -6.26021177e-02
  -5.10895289e-02 -7.10914358e-02 -4.26606601e-03 -1.24805182e-01
   5.54834045e-02 -4.34370153e-03 -1.11790173e-01 -8.72135460e-02
  -7.48109072e-02 -4.50323969e-02  1.69419304e-01 -1.24799125e-01
   1.22022323e-01 -9.41490307e-02 -1.15220353e-01 -7.12041706e-02
  -8.12953264e-02  5.77700250e-02 -9.39505175e-02  6.44435212e-02
  -3.10721882e-02  5.91218472e-02  1.28297120e-01 -7.99426436e-02]
 [-4.47893329e-02 -4.46526669e-02  1.04606468e-02  1.18861720e-02
  -9.68460832e-03 -4.41786610e-02 -5.68291433e-02 -3.22341397e-02
   3.96463647e-03 -4.49318700e-02 -4.83668111e-02 -8.75962451e-02
   1.89011567e-04  1.14478290e-01 -1.03043653e-01  3.89322452e-02
   5.47304936e-02  2.87120845e-02 -1.75445937e-02  7.79006705e-02
   1.84893355e-01  1.28585219e-01 -8.90467614e-02  1.44370884e-01
   8.93791094e-02 -7.20796511e-02  1.45681545e-01 -5.49950972e-02
  -1.15855737e-02 -4.76611666e-02 -8.61946642e-02  5.85680641e-02
   2.11383980e-02 -4.51726764e-02 -5.00846375e-03 -5.04330620e-02
   1.52246922e-01  1.12567330e-02  2.15443164e-01 -8.43226239e-02
  -4.48084027e-02 -3.05205509e-02 -7.21682608e-02  1.71997007e-02
   3.86489257e-02 -9.39551294e-02 -4.54115830e-02 -9.10846516e-02
  -3.17135192e-02  4.30689566e-02 -1.14628509e-01  2.09130079e-01
   1.63788140e-01 -6.60351589e-02  4.17878702e-02  2.36126140e-01
  -1.29152671e-01 -1.52477115e-01  1.04727499e-01 -6.98731989e-02
   1.69337541e-02  1.06683999e-01  2.28080958e-01 -5.09740636e-02
  -6.88619465e-02  2.14518651e-01 -3.28519829e-02 -2.90814377e-02
  -6.19431995e-02  1.23275921e-01  8.06152225e-02 -7.33048543e-02
   1.06929056e-02 -9.49510783e-02  8.98574740e-02 -1.06448956e-01
   1.17959239e-01 -5.63955344e-02 -3.47097851e-02 -1.13749132e-01
   1.30810231e-01  8.34768545e-03 -8.87949616e-02  9.25732851e-02
  -3.12654884e-04 -1.39928088e-01 -5.07488288e-03  2.79252846e-02
  -2.57587861e-02 -2.41402276e-02 -7.81254321e-02  2.22173288e-01
  -1.10316537e-02 -5.57399616e-02  1.34445652e-01 -8.76830705e-03
   2.55942997e-02 -9.29247588e-02 -5.60373031e-02  3.76347676e-02
  -4.79120240e-02 -6.86987191e-02 -5.55543974e-02 -3.61351967e-02
  -9.12672579e-02 -6.89252615e-02 -9.13566798e-02  3.40096503e-02
  -7.45955929e-02  7.35361967e-03 -4.97913696e-02  3.87585238e-02
   1.03738435e-01  2.62686629e-02  1.57035664e-01  1.84865091e-02
  -5.19645251e-02  1.62833571e-01 -5.88909797e-02 -5.69926687e-02
   7.61526823e-02 -2.39226818e-02 -7.40262028e-03 -6.30204529e-02
  -5.90528315e-03 -2.19933596e-02  8.70661885e-02  8.03917274e-02]]
