[[-0.03391794 -0.03820986  0.01903665  0.02823607 -0.0250023  -0.04323054
  -0.05858217 -0.02829827  0.02439176 -0.04091223 -0.05261669 -0.07757344
  -0.01682583  0.11998259 -0.10694426  0.02819397  0.05344323  0.02212972
  -0.00501481  0.06941394  0.17271505  0.12327148 -0.09114981  0.14380194
   0.07170821 -0.07363565  0.16343108 -0.04758038 -0.01094589 -0.05260758
  -0.08868635  0.06442801  0.00145056 -0.03468722 -0.01134364 -0.05002056
   0.15259513  0.02098627  0.20489869 -0.08815205 -0.04138179 -0.02724116
  -0.07296592  0.00951197  0.07554831 -0.09689919 -0.04424329 -0.09120584
  -0.034691    0.04730895 -0.11725846  0.20370026  0.14747892 -0.06693083
   0.0426225   0.218917   -0.12954561 -0.17331041  0.1168495  -0.06195019
   0.01732573  0.08884231  0.22969565 -0.0465662  -0.06711005  0.23087464
  -0.02743936 -0.02747476 -0.06475967  0.11510565  0.09079448 -0.07816318
   0.00474876 -0.09257665  0.0859111  -0.10728926  0.1182134  -0.05897698
  -0.03770151 -0.1141813   0.16253632  0.02030527 -0.08812575  0.07718827
   0.01496185 -0.1307504  -0.01196887  0.0382921  -0.01604434 -0.02892103
  -0.078271    0.20492662 -0.01659245 -0.05922547  0.14273985 -0.02430953
   0.02093549 -0.09723363 -0.05035819  0.03831279 -0.05704118 -0.06639624
  -0.05647252 -0.03357938 -0.09145401 -0.06084347 -0.09079145  0.01922853
  -0.07311875 -0.00054096 -0.05321631  0.04669848  0.09375905  0.01405324
   0.1621584   0.00211509 -0.05350782  0.17075297 -0.05339627 -0.05974293
   0.09063887 -0.0317407  -0.00880178 -0.06407033  0.00336499 -0.01548203
   0.07702955  0.0897849 ]
 [ 0.0523655  -0.02988086  0.03785563 -0.08481305  0.12832293  0.03473319
  -0.08139965 -0.00324632 -0.06931535 -0.04918323 -0.12004822 -0.00678809
  -0.08385304 -0.05250485 -0.05077183  0.15482631 -0.00836153  0.07123179
  -0.0283453   0.16674633 -0.10216804 -0.01618172 -0.11620064 -0.09192767
   0.13766764 -0.06563945 -0.06322985  0.07145499 -0.04183916 -0.06896378
   0.0240856   0.04146801 -0.00952815 -0.04892777  0.06897718  0.03841773
   0.10724738 -0.07991675  0.03476497 -0.03794427 -0.04621642  0.03911634
  -0.0461146   0.00444113 -0.05619167  0.02065086 -0.02309241 -0.09059302
   0.00254011  0.16090225 -0.08236541 -0.04188916 -0.06371383  0.07812461
   0.06347056  0.21327509 -0.09800719  0.0506359   0.10939623 -0.06670222
   0.0510538   0.14688075 -0.03934418 -0.09640992  0.0311146   0.06076038
   0.13805313  0.10672244 -0.08904867 -0.03215126 -0.03332104 -0.0721418
   0.02308888 -0.07641423  0.17491037  0.04270612 -0.03978607  0.00952355
   0.2303123   0.01503542 -0.06493352 -0.07104582 -0.10206292  0.12153306
  -0.0598582  -0.15022609  0.05657235 -0.03254049 -0.01014068  0.13252892
   0.13762109 -0.07218419  0.18965006  0.11204899  0.1643328  -0.20083994
  -0.12460145 -0.08753335 -0.06819068 -0.01056944  0.0217972   0.09701817
  -0.01368909 -0.05037554 -0.0705822  -0.05816726 -0.00826413 -0.12222116
   0.09003659  0.0115898  -0.11089674 -0.0990457  -0.07504137 -0.05872709
   0.19406788 -0.12322212  0.10394241 -0.08287081 -0.11098851 -0.07944552
  -0.07521473  0.03869388 -0.07643703  0.05307144 -0.01936721  0.02652857
   0.09968264 -0.08197176]]
[[-0.03391794 -0.03820986  0.01903665  0.02823607 -0.0250023  -0.04323054
  -0.05858217 -0.02829827  0.02439176 -0.04091223 -0.05261669 -0.07757344
  -0.01682583  0.11998259 -0.10694426  0.02819397  0.05344323  0.02212972
  -0.00501481  0.06941394  0.17271505  0.12327148 -0.09114981  0.14380194
   0.07170821 -0.07363565  0.16343108 -0.04758038 -0.01094589 -0.05260758
  -0.08868635  0.06442801  0.00145056 -0.03468722 -0.01134364 -0.05002056
   0.15259513  0.02098627  0.20489869 -0.08815205 -0.04138179 -0.02724116
  -0.07296592  0.00951197  0.07554831 -0.09689919 -0.04424329 -0.09120584
  -0.034691    0.04730895 -0.11725846  0.20370026  0.14747892 -0.06693083
   0.0426225   0.218917   -0.12954561 -0.17331041  0.1168495  -0.06195019
   0.01732573  0.08884231  0.22969565 -0.0465662  -0.06711005  0.23087464
  -0.02743936 -0.02747476 -0.06475967  0.11510565  0.09079448 -0.07816318
   0.00474876 -0.09257665  0.0859111  -0.10728926  0.1182134  -0.05897698
  -0.03770151 -0.1141813   0.16253632  0.02030527 -0.08812575  0.07718827
   0.01496185 -0.1307504  -0.01196887  0.0382921  -0.01604434 -0.02892103
  -0.078271    0.20492662 -0.01659245 -0.05922547  0.14273985 -0.02430953
   0.02093549 -0.09723363 -0.05035819  0.03831279 -0.05704118 -0.06639624
  -0.05647252 -0.03357938 -0.09145401 -0.06084347 -0.09079145  0.01922853
  -0.07311875 -0.00054096 -0.05321631  0.04669848  0.09375905  0.01405324
   0.1621584   0.00211509 -0.05350782  0.17075297 -0.05339627 -0.05974293
   0.09063887 -0.0317407  -0.00880178 -0.06407033  0.00336499 -0.01548203
   0.07702955  0.0897849 ]
 [ 0.0523655  -0.02988086  0.03785563 -0.08481305  0.12832293  0.03473319
  -0.08139965 -0.00324632 -0.06931535 -0.04918323 -0.12004822 -0.00678809
  -0.08385304 -0.05250485 -0.05077183  0.15482631 -0.00836153  0.07123179
  -0.0283453   0.16674633 -0.10216804 -0.01618172 -0.11620064 -0.09192767
   0.13766764 -0.06563945 -0.06322985  0.07145499 -0.04183916 -0.06896378
   0.0240856   0.04146801 -0.00952815 -0.04892777  0.06897718  0.03841773
   0.10724738 -0.07991675  0.03476497 -0.03794427 -0.04621642  0.03911634
  -0.0461146   0.00444113 -0.05619167  0.02065086 -0.02309241 -0.09059302
   0.00254011  0.16090225 -0.08236541 -0.04188916 -0.06371383  0.07812461
   0.06347056  0.21327509 -0.09800719  0.0506359   0.10939623 -0.06670222
   0.0510538   0.14688075 -0.03934418 -0.09640992  0.0311146   0.06076038
   0.13805313  0.10672244 -0.08904867 -0.03215126 -0.03332104 -0.0721418
   0.02308888 -0.07641423  0.17491037  0.04270612 -0.03978607  0.00952355
   0.2303123   0.01503542 -0.06493352 -0.07104582 -0.10206292  0.12153306
  -0.0598582  -0.15022609  0.05657235 -0.03254049 -0.01014068  0.13252892
   0.13762109 -0.07218419  0.18965006  0.11204899  0.1643328  -0.20083994
  -0.12460145 -0.08753335 -0.06819068 -0.01056944  0.0217972   0.09701817
  -0.01368909 -0.05037554 -0.0705822  -0.05816726 -0.00826413 -0.12222116
   0.09003659  0.0115898  -0.11089674 -0.0990457  -0.07504137 -0.05872709
   0.19406788 -0.12322212  0.10394241 -0.08287081 -0.11098851 -0.07944552
  -0.07521473  0.03869388 -0.07643703  0.05307144 -0.01936721  0.02652857
   0.09968264 -0.08197176]]
[[-0.03391794 -0.03820986  0.01903665  0.02823607 -0.0250023  -0.04323054
  -0.05858217 -0.02829827  0.02439176 -0.04091223 -0.05261669 -0.07757344
  -0.01682583  0.11998259 -0.10694426  0.02819397  0.05344323  0.02212972
  -0.00501481  0.06941394  0.17271505  0.12327148 -0.09114981  0.14380194
   0.07170821 -0.07363565  0.16343108 -0.04758038 -0.01094589 -0.05260758
  -0.08868635  0.06442801  0.00145056 -0.03468722 -0.01134364 -0.05002056
   0.15259513  0.02098627  0.20489869 -0.08815205 -0.04138179 -0.02724116
  -0.07296592  0.00951197  0.07554831 -0.09689919 -0.04424329 -0.09120584
  -0.034691    0.04730895 -0.11725846  0.20370026  0.14747892 -0.06693083
   0.0426225   0.218917   -0.12954561 -0.17331041  0.1168495  -0.06195019
   0.01732573  0.08884231  0.22969565 -0.0465662  -0.06711005  0.23087464
  -0.02743936 -0.02747476 -0.06475967  0.11510565  0.09079448 -0.07816318
   0.00474876 -0.09257665  0.0859111  -0.10728926  0.1182134  -0.05897698
  -0.03770151 -0.1141813   0.16253632  0.02030527 -0.08812575  0.07718827
   0.01496185 -0.1307504  -0.01196887  0.0382921  -0.01604434 -0.02892103
  -0.078271    0.20492662 -0.01659245 -0.05922547  0.14273985 -0.02430953
   0.02093549 -0.09723363 -0.05035819  0.03831279 -0.05704118 -0.06639624
  -0.05647252 -0.03357938 -0.09145401 -0.06084347 -0.09079145  0.01922853
  -0.07311875 -0.00054096 -0.05321631  0.04669848  0.09375905  0.01405324
   0.1621584   0.00211509 -0.05350782  0.17075297 -0.05339627 -0.05974293
   0.09063887 -0.0317407  -0.00880178 -0.06407033  0.00336499 -0.01548203
   0.07702955  0.0897849 ]
 [ 0.0523655  -0.02988086  0.03785563 -0.08481305  0.12832293  0.03473319
  -0.08139965 -0.00324632 -0.06931535 -0.04918323 -0.12004822 -0.00678809
  -0.08385304 -0.05250485 -0.05077183  0.15482631 -0.00836153  0.07123179
  -0.0283453   0.16674633 -0.10216804 -0.01618172 -0.11620064 -0.09192767
   0.13766764 -0.06563945 -0.06322985  0.07145499 -0.04183916 -0.06896378
   0.0240856   0.04146801 -0.00952815 -0.04892777  0.06897718  0.03841773
   0.10724738 -0.07991675  0.03476497 -0.03794427 -0.04621642  0.03911634
  -0.0461146   0.00444113 -0.05619167  0.02065086 -0.02309241 -0.09059302
   0.00254011  0.16090225 -0.08236541 -0.04188916 -0.06371383  0.07812461
   0.06347056  0.21327509 -0.09800719  0.0506359   0.10939623 -0.06670222
   0.0510538   0.14688075 -0.03934418 -0.09640992  0.0311146   0.06076038
   0.13805313  0.10672244 -0.08904867 -0.03215126 -0.03332104 -0.0721418
   0.02308888 -0.07641423  0.17491037  0.04270612 -0.03978607  0.00952355
   0.2303123   0.01503542 -0.06493352 -0.07104582 -0.10206292  0.12153306
  -0.0598582  -0.15022609  0.05657235 -0.03254049 -0.01014068  0.13252892
   0.13762109 -0.07218419  0.18965006  0.11204899  0.1643328  -0.20083994
  -0.12460145 -0.08753335 -0.06819068 -0.01056944  0.0217972   0.09701817
  -0.01368909 -0.05037554 -0.0705822  -0.05816726 -0.00826413 -0.12222116
   0.09003659  0.0115898  -0.11089674 -0.0990457  -0.07504137 -0.05872709
   0.19406788 -0.12322212  0.10394241 -0.08287081 -0.11098851 -0.07944552
  -0.07521473  0.03869388 -0.07643703  0.05307144 -0.01936721  0.02652857
   0.09968264 -0.08197176]]
