[[-0.01373448 -0.07790513  0.00491696 -0.00875922 -0.02512295 -0.02610553
  -0.06377698 -0.07114133  0.00886222 -0.03983822 -0.06886739 -0.05878083
   0.00961123  0.13919711 -0.10188481  0.05001231  0.0107303  -0.0136525
  -0.00817674  0.08899733  0.17380804  0.1053142  -0.11259093  0.10695701
   0.05573927 -0.08382375  0.1510783  -0.05282208  0.05454167 -0.06203667
  -0.092234    0.08409674  0.03022592 -0.05085281 -0.0090683  -0.02816701
   0.13303563 -0.02717315  0.21728426 -0.08011965 -0.07015989 -0.02024936
  -0.06626716  0.03229327  0.03032476 -0.10163316  0.00383764 -0.09664843
  -0.03695059  0.04283866 -0.11895612  0.19309717  0.20444453 -0.06245055
   0.07083798  0.23587745 -0.12874056 -0.1377191   0.11109471 -0.07355706
  -0.01417741  0.11449998  0.21185867 -0.07067177 -0.03484728  0.20233043
  -0.03414013 -0.02741906 -0.06323979  0.13877153  0.05891747 -0.06883877
   0.01308431 -0.07879783  0.05016514 -0.11125046  0.12168116 -0.06331767
  -0.0350461  -0.11570779  0.08450913  0.03273046 -0.09374829  0.12684955
   0.06467248 -0.12963034 -0.01221424  0.03876225  0.00114926 -0.02423012
  -0.0565328   0.1978344  -0.01511996 -0.06988449  0.15849517 -0.02007552
   0.04719838 -0.08322668 -0.06359883  0.01880348 -0.02803443 -0.05800706
  -0.0670225  -0.02746489 -0.08538442 -0.06140774 -0.0966127   0.02113506
  -0.06975839 -0.00112729 -0.05478328  0.00172232  0.14190389  0.00403136
   0.12518726  0.03723538 -0.05094441  0.19574445 -0.06159647 -0.06340794
   0.0711355  -0.00380133 -0.02533059 -0.07729501 -0.00161107 -0.02403323
   0.10708833  0.05448987]
 [ 0.01020009 -0.07733032 -0.0052683  -0.07269858  0.06002134 -0.0199716
  -0.0658422   0.02247514 -0.07578245 -0.06389408 -0.11407376 -0.01244172
  -0.09918909 -0.08069511 -0.07274977  0.06258516  0.02841453 -0.01028257
  -0.05447071  0.09653204 -0.10389431 -0.04379048 -0.10628816 -0.11176988
   0.18234514 -0.0456716  -0.10563233  0.11680157 -0.04620948 -0.05420219
   0.00742643  0.02308082 -0.03973729  0.05680243  0.04059112  0.05057275
   0.11557767 -0.06453077  0.07347795 -0.0481948  -0.04054923  0.05029078
  -0.05270206 -0.0141454  -0.05365312  0.05985103 -0.04725227 -0.09921514
   0.0011987   0.10579336 -0.09889204 -0.04485095 -0.09584804  0.06102804
   0.03127192  0.22435136 -0.1316019   0.04749238  0.10461333 -0.09538434
   0.07419109  0.14277646 -0.05971728 -0.10864784 -0.02146765  0.05016184
   0.14672412  0.07227521 -0.0662043   0.01057192  0.04599796 -0.07416011
   0.01436299 -0.04327815  0.1712466   0.1319464   0.00661758 -0.0430009
   0.11237427  0.03516972  0.00127513 -0.03721952 -0.10935202  0.15244336
  -0.06189677 -0.17612223  0.07241823  0.00433982 -0.015091    0.1226099
   0.08373494 -0.0742805   0.19239949  0.07500886  0.11297657 -0.19403179
  -0.12330731 -0.08922643 -0.07340871  0.0007061   0.06336177  0.12087657
  -0.0214371  -0.08497836 -0.02147052 -0.07865809 -0.00992304 -0.13536638
   0.03274279 -0.01630874 -0.1279165  -0.09755576 -0.08563432 -0.02878382
   0.1758192  -0.13137355  0.08356966 -0.08302334 -0.12485957 -0.09149402
  -0.08916506  0.1100053  -0.0924386   0.09592971 -0.06961814  0.01463278
   0.17588554 -0.09280179]]
[[-0.01373448 -0.07790513  0.00491696 -0.00875922 -0.02512295 -0.02610553
  -0.06377698 -0.07114133  0.00886222 -0.03983822 -0.06886739 -0.05878083
   0.00961123  0.13919711 -0.10188481  0.05001231  0.0107303  -0.0136525
  -0.00817674  0.08899733  0.17380804  0.1053142  -0.11259093  0.10695701
   0.05573927 -0.08382375  0.1510783  -0.05282208  0.05454167 -0.06203667
  -0.092234    0.08409674  0.03022592 -0.05085281 -0.0090683  -0.02816701
   0.13303563 -0.02717315  0.21728426 -0.08011965 -0.07015989 -0.02024936
  -0.06626716  0.03229327  0.03032476 -0.10163316  0.00383764 -0.09664843
  -0.03695059  0.04283866 -0.11895612  0.19309717  0.20444453 -0.06245055
   0.07083798  0.23587745 -0.12874056 -0.1377191   0.11109471 -0.07355706
  -0.01417741  0.11449998  0.21185867 -0.07067177 -0.03484728  0.20233043
  -0.03414013 -0.02741906 -0.06323979  0.13877153  0.05891747 -0.06883877
   0.01308431 -0.07879783  0.05016514 -0.11125046  0.12168116 -0.06331767
  -0.0350461  -0.11570779  0.08450913  0.03273046 -0.09374829  0.12684955
   0.06467248 -0.12963034 -0.01221424  0.03876225  0.00114926 -0.02423012
  -0.0565328   0.1978344  -0.01511996 -0.06988449  0.15849517 -0.02007552
   0.04719838 -0.08322668 -0.06359883  0.01880348 -0.02803443 -0.05800706
  -0.0670225  -0.02746489 -0.08538442 -0.06140774 -0.0966127   0.02113506
  -0.06975839 -0.00112729 -0.05478328  0.00172232  0.14190389  0.00403136
   0.12518726  0.03723538 -0.05094441  0.19574445 -0.06159647 -0.06340794
   0.0711355  -0.00380133 -0.02533059 -0.07729501 -0.00161107 -0.02403323
   0.10708833  0.05448987]
 [ 0.01020009 -0.07733032 -0.0052683  -0.07269858  0.06002134 -0.0199716
  -0.0658422   0.02247514 -0.07578245 -0.06389408 -0.11407376 -0.01244172
  -0.09918909 -0.08069511 -0.07274977  0.06258516  0.02841453 -0.01028257
  -0.05447071  0.09653204 -0.10389431 -0.04379048 -0.10628816 -0.11176988
   0.18234514 -0.0456716  -0.10563233  0.11680157 -0.04620948 -0.05420219
   0.00742643  0.02308082 -0.03973729  0.05680243  0.04059112  0.05057275
   0.11557767 -0.06453077  0.07347795 -0.0481948  -0.04054923  0.05029078
  -0.05270206 -0.0141454  -0.05365312  0.05985103 -0.04725227 -0.09921514
   0.0011987   0.10579336 -0.09889204 -0.04485095 -0.09584804  0.06102804
   0.03127192  0.22435136 -0.1316019   0.04749238  0.10461333 -0.09538434
   0.07419109  0.14277646 -0.05971728 -0.10864784 -0.02146765  0.05016184
   0.14672412  0.07227521 -0.0662043   0.01057192  0.04599796 -0.07416011
   0.01436299 -0.04327815  0.1712466   0.1319464   0.00661758 -0.0430009
   0.11237427  0.03516972  0.00127513 -0.03721952 -0.10935202  0.15244336
  -0.06189677 -0.17612223  0.07241823  0.00433982 -0.015091    0.1226099
   0.08373494 -0.0742805   0.19239949  0.07500886  0.11297657 -0.19403179
  -0.12330731 -0.08922643 -0.07340871  0.0007061   0.06336177  0.12087657
  -0.0214371  -0.08497836 -0.02147052 -0.07865809 -0.00992304 -0.13536638
   0.03274279 -0.01630874 -0.1279165  -0.09755576 -0.08563432 -0.02878382
   0.1758192  -0.13137355  0.08356966 -0.08302334 -0.12485957 -0.09149402
  -0.08916506  0.1100053  -0.0924386   0.09592971 -0.06961814  0.01463278
   0.17588554 -0.09280179]]
[[-0.01373448 -0.07790513  0.00491696 -0.00875922 -0.02512295 -0.02610553
  -0.06377698 -0.07114133  0.00886222 -0.03983822 -0.06886739 -0.05878083
   0.00961123  0.13919711 -0.10188481  0.05001231  0.0107303  -0.0136525
  -0.00817674  0.08899733  0.17380804  0.1053142  -0.11259093  0.10695701
   0.05573927 -0.08382375  0.1510783  -0.05282208  0.05454167 -0.06203667
  -0.092234    0.08409674  0.03022592 -0.05085281 -0.0090683  -0.02816701
   0.13303563 -0.02717315  0.21728426 -0.08011965 -0.07015989 -0.02024936
  -0.06626716  0.03229327  0.03032476 -0.10163316  0.00383764 -0.09664843
  -0.03695059  0.04283866 -0.11895612  0.19309717  0.20444453 -0.06245055
   0.07083798  0.23587745 -0.12874056 -0.1377191   0.11109471 -0.07355706
  -0.01417741  0.11449998  0.21185867 -0.07067177 -0.03484728  0.20233043
  -0.03414013 -0.02741906 -0.06323979  0.13877153  0.05891747 -0.06883877
   0.01308431 -0.07879783  0.05016514 -0.11125046  0.12168116 -0.06331767
  -0.0350461  -0.11570779  0.08450913  0.03273046 -0.09374829  0.12684955
   0.06467248 -0.12963034 -0.01221424  0.03876225  0.00114926 -0.02423012
  -0.0565328   0.1978344  -0.01511996 -0.06988449  0.15849517 -0.02007552
   0.04719838 -0.08322668 -0.06359883  0.01880348 -0.02803443 -0.05800706
  -0.0670225  -0.02746489 -0.08538442 -0.06140774 -0.0966127   0.02113506
  -0.06975839 -0.00112729 -0.05478328  0.00172232  0.14190389  0.00403136
   0.12518726  0.03723538 -0.05094441  0.19574445 -0.06159647 -0.06340794
   0.0711355  -0.00380133 -0.02533059 -0.07729501 -0.00161107 -0.02403323
   0.10708833  0.05448987]
 [ 0.01020009 -0.07733032 -0.0052683  -0.07269858  0.06002134 -0.0199716
  -0.0658422   0.02247514 -0.07578245 -0.06389408 -0.11407376 -0.01244172
  -0.09918909 -0.08069511 -0.07274977  0.06258516  0.02841453 -0.01028257
  -0.05447071  0.09653204 -0.10389431 -0.04379048 -0.10628816 -0.11176988
   0.18234514 -0.0456716  -0.10563233  0.11680157 -0.04620948 -0.05420219
   0.00742643  0.02308082 -0.03973729  0.05680243  0.04059112  0.05057275
   0.11557767 -0.06453077  0.07347795 -0.0481948  -0.04054923  0.05029078
  -0.05270206 -0.0141454  -0.05365312  0.05985103 -0.04725227 -0.09921514
   0.0011987   0.10579336 -0.09889204 -0.04485095 -0.09584804  0.06102804
   0.03127192  0.22435136 -0.1316019   0.04749238  0.10461333 -0.09538434
   0.07419109  0.14277646 -0.05971728 -0.10864784 -0.02146765  0.05016184
   0.14672412  0.07227521 -0.0662043   0.01057192  0.04599796 -0.07416011
   0.01436299 -0.04327815  0.1712466   0.1319464   0.00661758 -0.0430009
   0.11237427  0.03516972  0.00127513 -0.03721952 -0.10935202  0.15244336
  -0.06189677 -0.17612223  0.07241823  0.00433982 -0.015091    0.1226099
   0.08373494 -0.0742805   0.19239949  0.07500886  0.11297657 -0.19403179
  -0.12330731 -0.08922643 -0.07340871  0.0007061   0.06336177  0.12087657
  -0.0214371  -0.08497836 -0.02147052 -0.07865809 -0.00992304 -0.13536638
   0.03274279 -0.01630874 -0.1279165  -0.09755576 -0.08563432 -0.02878382
   0.1758192  -0.13137355  0.08356966 -0.08302334 -0.12485957 -0.09149402
  -0.08916506  0.1100053  -0.0924386   0.09592971 -0.06961814  0.01463278
   0.17588554 -0.09280179]]
