[[ 0.11092103 -0.07712529  0.05157525 -0.07121208  0.1561358   0.00911515
  -0.09479845 -0.04360231 -0.10720661 -0.0507191  -0.13814713 -0.00435726
  -0.12386024  0.06162544 -0.04129657  0.19014123 -0.01372206  0.07419031
  -0.0432729   0.15000667 -0.09943579  0.08929848 -0.13977271 -0.09682106
   0.06707354 -0.09358083 -0.00195454  0.05728764 -0.02924092 -0.09669676
  -0.08246474  0.04961819  0.05193443 -0.09540245  0.0032701  -0.00652628
   0.03267304 -0.08957744  0.01818449 -0.0897979  -0.03291825 -0.03881591
  -0.01142591  0.02421366 -0.01395637 -0.01579693  0.01978932 -0.11922199
  -0.01736694  0.12248866 -0.14790972 -0.03056304 -0.03571905  0.0675989
   0.04413205  0.2180734  -0.13351184  0.00652243  0.12676609 -0.08803524
   0.01700043  0.141311   -0.00538476 -0.10633649  0.02246133  0.06988968
   0.09225642  0.0883115  -0.06183846 -0.060729   -0.05933865 -0.09343794
   0.05215344 -0.08699403  0.10704406 -0.03684868 -0.11592929 -0.03085055
   0.26191282 -0.03812726 -0.0813469  -0.0553715  -0.09945543  0.00146229
  -0.07218038 -0.05731243  0.05227691  0.00041728 -0.01377121  0.09370772
   0.10750929 -0.04601109  0.1576017   0.08245928  0.20986237 -0.16016452
  -0.13230826 -0.11158431 -0.07877465 -0.06102606 -0.03431014  0.04645695
  -0.03039354 -0.05845745 -0.10156595 -0.05797967 -0.01547202 -0.14700538
   0.12642321  0.09343794 -0.11800959 -0.09348381 -0.09034503 -0.04840486
   0.1388846  -0.12246897  0.04103217 -0.12140277 -0.10208742 -0.01125778
  -0.06187894 -0.03098431 -0.05351113  0.00157404 -0.01856795  0.03665338
   0.00222146 -0.07637966]
 [-0.03957388 -0.03846326 -0.02689855  0.02174985 -0.04565429 -0.04453754
  -0.04630638  0.00738584  0.04603647  0.00588411 -0.03773381 -0.08049393
   0.03784396  0.12521034 -0.09743568  0.02994385 -0.02482092  0.03363211
   0.02094768  0.08175816  0.19138585  0.14684328 -0.09516468  0.15829152
   0.06771214 -0.05827396  0.15836173 -0.04055576  0.01645551 -0.03625808
  -0.08020605  0.02148551  0.01052094 -0.04341525 -0.04098958  0.00244971
   0.1136658   0.0014565   0.246986   -0.08963209 -0.06562094 -0.0556768
  -0.06066255  0.07661283  0.10702273 -0.08346314 -0.02952751 -0.07537143
  -0.03176843  0.00254901 -0.10802323  0.17441922  0.21510835 -0.07451549
   0.01365917  0.20972311 -0.11121376 -0.18079299  0.06238745 -0.06403003
   0.07474174  0.10880186  0.25013682 -0.03631678 -0.07355808  0.17355756
  -0.03237864 -0.01226521 -0.05597637  0.11962966  0.05056208 -0.07264221
   0.01843627 -0.07911374  0.09791281 -0.09441981  0.07614113 -0.05517361
  -0.02495748 -0.10286828  0.07824918 -0.02830081 -0.08200596  0.09718554
   0.01579103 -0.12017848 -0.01808617  0.05492409 -0.01710981 -0.03663575
  -0.08518463  0.29390034  0.02107335 -0.0782184   0.12644918  0.01077972
   0.0473355  -0.08588555 -0.0450114   0.02245436 -0.07415177 -0.06859142
  -0.02353081 -0.01947867 -0.08429985 -0.05451783 -0.07729656  0.01880317
  -0.06209073  0.00929435 -0.02469886  0.1470185   0.10043933  0.048026
   0.06706368  0.01913525 -0.05257049  0.12584569 -0.03079679 -0.02244588
   0.07969826 -0.05529521 -0.0018915  -0.07003508  0.00990682  0.00600573
   0.09766653  0.11474157]]
[[ 0.11092103 -0.07712529  0.05157525 -0.07121208  0.1561358   0.00911515
  -0.09479845 -0.04360231 -0.10720661 -0.0507191  -0.13814713 -0.00435726
  -0.12386024  0.06162544 -0.04129657  0.19014123 -0.01372206  0.07419031
  -0.0432729   0.15000667 -0.09943579  0.08929848 -0.13977271 -0.09682106
   0.06707354 -0.09358083 -0.00195454  0.05728764 -0.02924092 -0.09669676
  -0.08246474  0.04961819  0.05193443 -0.09540245  0.0032701  -0.00652628
   0.03267304 -0.08957744  0.01818449 -0.0897979  -0.03291825 -0.03881591
  -0.01142591  0.02421366 -0.01395637 -0.01579693  0.01978932 -0.11922199
  -0.01736694  0.12248866 -0.14790972 -0.03056304 -0.03571905  0.0675989
   0.04413205  0.2180734  -0.13351184  0.00652243  0.12676609 -0.08803524
   0.01700043  0.141311   -0.00538476 -0.10633649  0.02246133  0.06988968
   0.09225642  0.0883115  -0.06183846 -0.060729   -0.05933865 -0.09343794
   0.05215344 -0.08699403  0.10704406 -0.03684868 -0.11592929 -0.03085055
   0.26191282 -0.03812726 -0.0813469  -0.0553715  -0.09945543  0.00146229
  -0.07218038 -0.05731243  0.05227691  0.00041728 -0.01377121  0.09370772
   0.10750929 -0.04601109  0.1576017   0.08245928  0.20986237 -0.16016452
  -0.13230826 -0.11158431 -0.07877465 -0.06102606 -0.03431014  0.04645695
  -0.03039354 -0.05845745 -0.10156595 -0.05797967 -0.01547202 -0.14700538
   0.12642321  0.09343794 -0.11800959 -0.09348381 -0.09034503 -0.04840486
   0.1388846  -0.12246897  0.04103217 -0.12140277 -0.10208742 -0.01125778
  -0.06187894 -0.03098431 -0.05351113  0.00157404 -0.01856795  0.03665338
   0.00222146 -0.07637966]
 [-0.03957388 -0.03846326 -0.02689855  0.02174985 -0.04565429 -0.04453754
  -0.04630638  0.00738584  0.04603647  0.00588411 -0.03773381 -0.08049393
   0.03784396  0.12521034 -0.09743568  0.02994385 -0.02482092  0.03363211
   0.02094768  0.08175816  0.19138585  0.14684328 -0.09516468  0.15829152
   0.06771214 -0.05827396  0.15836173 -0.04055576  0.01645551 -0.03625808
  -0.08020605  0.02148551  0.01052094 -0.04341525 -0.04098958  0.00244971
   0.1136658   0.0014565   0.246986   -0.08963209 -0.06562094 -0.0556768
  -0.06066255  0.07661283  0.10702273 -0.08346314 -0.02952751 -0.07537143
  -0.03176843  0.00254901 -0.10802323  0.17441922  0.21510835 -0.07451549
   0.01365917  0.20972311 -0.11121376 -0.18079299  0.06238745 -0.06403003
   0.07474174  0.10880186  0.25013682 -0.03631678 -0.07355808  0.17355756
  -0.03237864 -0.01226521 -0.05597637  0.11962966  0.05056208 -0.07264221
   0.01843627 -0.07911374  0.09791281 -0.09441981  0.07614113 -0.05517361
  -0.02495748 -0.10286828  0.07824918 -0.02830081 -0.08200596  0.09718554
   0.01579103 -0.12017848 -0.01808617  0.05492409 -0.01710981 -0.03663575
  -0.08518463  0.29390034  0.02107335 -0.0782184   0.12644918  0.01077972
   0.0473355  -0.08588555 -0.0450114   0.02245436 -0.07415177 -0.06859142
  -0.02353081 -0.01947867 -0.08429985 -0.05451783 -0.07729656  0.01880317
  -0.06209073  0.00929435 -0.02469886  0.1470185   0.10043933  0.048026
   0.06706368  0.01913525 -0.05257049  0.12584569 -0.03079679 -0.02244588
   0.07969826 -0.05529521 -0.0018915  -0.07003508  0.00990682  0.00600573
   0.09766653  0.11474157]]
[[ 0.11092103 -0.07712529  0.05157525 -0.07121208  0.1561358   0.00911515
  -0.09479845 -0.04360231 -0.10720661 -0.0507191  -0.13814713 -0.00435726
  -0.12386024  0.06162544 -0.04129657  0.19014123 -0.01372206  0.07419031
  -0.0432729   0.15000667 -0.09943579  0.08929848 -0.13977271 -0.09682106
   0.06707354 -0.09358083 -0.00195454  0.05728764 -0.02924092 -0.09669676
  -0.08246474  0.04961819  0.05193443 -0.09540245  0.0032701  -0.00652628
   0.03267304 -0.08957744  0.01818449 -0.0897979  -0.03291825 -0.03881591
  -0.01142591  0.02421366 -0.01395637 -0.01579693  0.01978932 -0.11922199
  -0.01736694  0.12248866 -0.14790972 -0.03056304 -0.03571905  0.0675989
   0.04413205  0.2180734  -0.13351184  0.00652243  0.12676609 -0.08803524
   0.01700043  0.141311   -0.00538476 -0.10633649  0.02246133  0.06988968
   0.09225642  0.0883115  -0.06183846 -0.060729   -0.05933865 -0.09343794
   0.05215344 -0.08699403  0.10704406 -0.03684868 -0.11592929 -0.03085055
   0.26191282 -0.03812726 -0.0813469  -0.0553715  -0.09945543  0.00146229
  -0.07218038 -0.05731243  0.05227691  0.00041728 -0.01377121  0.09370772
   0.10750929 -0.04601109  0.1576017   0.08245928  0.20986237 -0.16016452
  -0.13230826 -0.11158431 -0.07877465 -0.06102606 -0.03431014  0.04645695
  -0.03039354 -0.05845745 -0.10156595 -0.05797967 -0.01547202 -0.14700538
   0.12642321  0.09343794 -0.11800959 -0.09348381 -0.09034503 -0.04840486
   0.1388846  -0.12246897  0.04103217 -0.12140277 -0.10208742 -0.01125778
  -0.06187894 -0.03098431 -0.05351113  0.00157404 -0.01856795  0.03665338
   0.00222146 -0.07637966]
 [-0.03957388 -0.03846326 -0.02689855  0.02174985 -0.04565429 -0.04453754
  -0.04630638  0.00738584  0.04603647  0.00588411 -0.03773381 -0.08049393
   0.03784396  0.12521034 -0.09743568  0.02994385 -0.02482092  0.03363211
   0.02094768  0.08175816  0.19138585  0.14684328 -0.09516468  0.15829152
   0.06771214 -0.05827396  0.15836173 -0.04055576  0.01645551 -0.03625808
  -0.08020605  0.02148551  0.01052094 -0.04341525 -0.04098958  0.00244971
   0.1136658   0.0014565   0.246986   -0.08963209 -0.06562094 -0.0556768
  -0.06066255  0.07661283  0.10702273 -0.08346314 -0.02952751 -0.07537143
  -0.03176843  0.00254901 -0.10802323  0.17441922  0.21510835 -0.07451549
   0.01365917  0.20972311 -0.11121376 -0.18079299  0.06238745 -0.06403003
   0.07474174  0.10880186  0.25013682 -0.03631678 -0.07355808  0.17355756
  -0.03237864 -0.01226521 -0.05597637  0.11962966  0.05056208 -0.07264221
   0.01843627 -0.07911374  0.09791281 -0.09441981  0.07614113 -0.05517361
  -0.02495748 -0.10286828  0.07824918 -0.02830081 -0.08200596  0.09718554
   0.01579103 -0.12017848 -0.01808617  0.05492409 -0.01710981 -0.03663575
  -0.08518463  0.29390034  0.02107335 -0.0782184   0.12644918  0.01077972
   0.0473355  -0.08588555 -0.0450114   0.02245436 -0.07415177 -0.06859142
  -0.02353081 -0.01947867 -0.08429985 -0.05451783 -0.07729656  0.01880317
  -0.06209073  0.00929435 -0.02469886  0.1470185   0.10043933  0.048026
   0.06706368  0.01913525 -0.05257049  0.12584569 -0.03079679 -0.02244588
   0.07969826 -0.05529521 -0.0018915  -0.07003508  0.00990682  0.00600573
   0.09766653  0.11474157]]
