[[-1.05620744e-02 -5.98475523e-02 -7.23428512e-03  1.43634230e-02
  -4.79659997e-02 -4.20203805e-02 -5.64941950e-02 -3.30400541e-02
   1.06267566e-02 -2.29152907e-02 -7.41937608e-02 -4.80890945e-02
   2.32737958e-02  1.53649896e-01 -9.98736322e-02  3.75291146e-02
   2.96677239e-02  3.68690230e-02 -5.95826469e-03  8.94669816e-02
   1.88210741e-01  1.14086732e-01 -9.33251828e-02  1.20741636e-01
   3.82569470e-02 -8.18837807e-02  1.49615705e-01 -4.48199660e-02
   2.18395796e-02 -6.32881895e-02 -9.10495669e-02  9.06681120e-02
   4.52844389e-02 -6.81963339e-02 -2.26533823e-02 -3.21878307e-02
   1.46930680e-01 -3.45372185e-02  2.49574661e-01 -9.11938101e-02
  -6.59310967e-02 -1.42465290e-02 -5.60045131e-02  4.59022410e-02
   5.49128875e-02 -9.79951546e-02 -4.50568460e-03 -9.18198153e-02
  -1.98672265e-02  1.71561576e-02 -1.18861780e-01  2.29822457e-01
   1.91836476e-01 -6.12337552e-02  5.73665164e-02  1.92565233e-01
  -1.17397353e-01 -1.48014411e-01  9.05766115e-02 -7.22992718e-02
   3.64137138e-03  9.91269648e-02  2.16402709e-01 -6.70928508e-02
  -6.45021424e-02  1.87994882e-01 -2.86638793e-02 -2.15218905e-02
  -6.48188964e-02  1.58607334e-01  5.34662046e-02 -7.63741508e-02
   4.72894032e-03 -8.36141184e-02  5.88417277e-02 -1.05033033e-01
   9.56348777e-02 -5.09314947e-02 -4.59024906e-02 -1.22671023e-01
   9.49046016e-02  8.60036176e-04 -9.10772234e-02  1.24792963e-01
   3.71487141e-02 -1.27157375e-01  9.70283337e-03  4.92907017e-02
  -2.10849736e-02 -3.34638730e-02 -8.17668736e-02  2.14513183e-01
   8.02772492e-03 -7.46133998e-02  1.52630746e-01 -9.12038051e-03
   4.80961278e-02 -8.51214454e-02 -4.21904214e-02  1.49961412e-02
  -3.15684788e-02 -6.20993562e-02 -6.01698495e-02 -3.60219516e-02
  -9.36769694e-02 -4.95361798e-02 -9.05936137e-02  1.41249895e-02
  -7.51618072e-02  3.57899303e-03 -5.16340286e-02  7.55583569e-02
   1.51096344e-01  2.02035327e-02  1.07062526e-01 -1.02898432e-02
  -5.84934354e-02  1.68699577e-01 -2.96851005e-02 -5.36664985e-02
   2.82748602e-02 -4.69508357e-02 -1.47830462e-02 -7.22139701e-02
  -1.47135425e-02 -1.17387604e-02  8.76310915e-02  9.69767421e-02]
 [ 3.83338034e-02 -7.06479996e-02  3.36050801e-03 -8.66279900e-02
   3.19172777e-02 -5.54031879e-03 -3.26207243e-02 -7.52512040e-03
  -8.90957937e-02 -7.84143358e-02 -1.21014908e-01  6.83770552e-02
  -9.82979536e-02 -1.00083858e-01 -1.03061914e-01  3.52264456e-02
   2.10445691e-02 -1.27818100e-02 -9.77050215e-02  1.09218188e-01
  -1.12520657e-01 -7.08674714e-02 -9.04402882e-02 -1.10471986e-01
   1.54860452e-01 -4.84459028e-02 -8.11458305e-02  1.50018379e-01
  -6.47337362e-02 -5.84602952e-02 -1.01384958e-02  3.37440446e-02
  -8.17301683e-03  2.22277865e-02 -2.65796762e-02  1.08970674e-02
   9.90647450e-02 -7.15525076e-02  4.86250482e-02 -3.90836373e-02
  -1.39007978e-02  1.36169745e-02 -3.10972985e-03 -3.14939171e-02
   2.08564345e-02 -3.37935239e-02 -1.05172200e-02 -1.11513369e-01
  -1.39187369e-02  1.19185053e-01 -1.12544462e-01 -1.81945730e-02
  -1.15983821e-01  9.26969871e-02  1.53310541e-02  2.29951426e-01
  -9.68760997e-02  3.62476557e-02  9.70559493e-02 -9.29251164e-02
   3.47513147e-02  1.93921909e-01 -8.15064907e-02 -1.02173224e-01
  -1.80961285e-02  2.06200536e-02  1.95669368e-01  4.15770113e-02
  -6.84895292e-02 -1.59785803e-02  2.42006257e-02 -7.25054145e-02
   2.18049008e-02 -5.69753535e-02  1.53093547e-01  1.33555755e-01
   2.38865726e-02 -5.17714471e-02  1.33872703e-02  4.20036772e-03
   2.63927062e-03 -2.24528878e-04 -1.09229892e-01  1.62988648e-01
  -6.38806745e-02 -1.71186149e-01  3.88868302e-02 -2.07295385e-03
  -7.55589753e-02  9.41774324e-02  5.42000569e-02 -8.63738433e-02
   1.23665005e-01  9.05246735e-02  1.70450732e-01 -1.74672514e-01
  -1.18916124e-01 -6.89440295e-02 -9.71131474e-02 -3.47442366e-03
   9.80782807e-02  1.29121795e-01 -3.68987285e-02 -9.93206948e-02
  -9.27793887e-03 -7.79186264e-02  7.11240759e-03 -1.35588124e-01
  -4.74088043e-02 -1.40274931e-02 -1.28099695e-01 -8.63456801e-02
  -1.73000880e-02 -2.24748366e-02  1.82854638e-01 -1.31407574e-01
   6.14362173e-02 -9.61098298e-02 -1.23605467e-01 -8.33829716e-02
  -1.03788778e-01  1.12397708e-01 -9.93076637e-02  8.01562220e-02
  -7.58329704e-02 -1.60769392e-02  1.81669623e-01 -8.90106782e-02]]
[[-1.05620744e-02 -5.98475523e-02 -7.23428512e-03  1.43634230e-02
  -4.79659997e-02 -4.20203805e-02 -5.64941950e-02 -3.30400541e-02
   1.06267566e-02 -2.29152907e-02 -7.41937608e-02 -4.80890945e-02
   2.32737958e-02  1.53649896e-01 -9.98736322e-02  3.75291146e-02
   2.96677239e-02  3.68690230e-02 -5.95826469e-03  8.94669816e-02
   1.88210741e-01  1.14086732e-01 -9.33251828e-02  1.20741636e-01
   3.82569470e-02 -8.18837807e-02  1.49615705e-01 -4.48199660e-02
   2.18395796e-02 -6.32881895e-02 -9.10495669e-02  9.06681120e-02
   4.52844389e-02 -6.81963339e-02 -2.26533823e-02 -3.21878307e-02
   1.46930680e-01 -3.45372185e-02  2.49574661e-01 -9.11938101e-02
  -6.59310967e-02 -1.42465290e-02 -5.60045131e-02  4.59022410e-02
   5.49128875e-02 -9.79951546e-02 -4.50568460e-03 -9.18198153e-02
  -1.98672265e-02  1.71561576e-02 -1.18861780e-01  2.29822457e-01
   1.91836476e-01 -6.12337552e-02  5.73665164e-02  1.92565233e-01
  -1.17397353e-01 -1.48014411e-01  9.05766115e-02 -7.22992718e-02
   3.64137138e-03  9.91269648e-02  2.16402709e-01 -6.70928508e-02
  -6.45021424e-02  1.87994882e-01 -2.86638793e-02 -2.15218905e-02
  -6.48188964e-02  1.58607334e-01  5.34662046e-02 -7.63741508e-02
   4.72894032e-03 -8.36141184e-02  5.88417277e-02 -1.05033033e-01
   9.56348777e-02 -5.09314947e-02 -4.59024906e-02 -1.22671023e-01
   9.49046016e-02  8.60036176e-04 -9.10772234e-02  1.24792963e-01
   3.71487141e-02 -1.27157375e-01  9.70283337e-03  4.92907017e-02
  -2.10849736e-02 -3.34638730e-02 -8.17668736e-02  2.14513183e-01
   8.02772492e-03 -7.46133998e-02  1.52630746e-01 -9.12038051e-03
   4.80961278e-02 -8.51214454e-02 -4.21904214e-02  1.49961412e-02
  -3.15684788e-02 -6.20993562e-02 -6.01698495e-02 -3.60219516e-02
  -9.36769694e-02 -4.95361798e-02 -9.05936137e-02  1.41249895e-02
  -7.51618072e-02  3.57899303e-03 -5.16340286e-02  7.55583569e-02
   1.51096344e-01  2.02035327e-02  1.07062526e-01 -1.02898432e-02
  -5.84934354e-02  1.68699577e-01 -2.96851005e-02 -5.36664985e-02
   2.82748602e-02 -4.69508357e-02 -1.47830462e-02 -7.22139701e-02
  -1.47135425e-02 -1.17387604e-02  8.76310915e-02  9.69767421e-02]
 [ 3.83338034e-02 -7.06479996e-02  3.36050801e-03 -8.66279900e-02
   3.19172777e-02 -5.54031879e-03 -3.26207243e-02 -7.52512040e-03
  -8.90957937e-02 -7.84143358e-02 -1.21014908e-01  6.83770552e-02
  -9.82979536e-02 -1.00083858e-01 -1.03061914e-01  3.52264456e-02
   2.10445691e-02 -1.27818100e-02 -9.77050215e-02  1.09218188e-01
  -1.12520657e-01 -7.08674714e-02 -9.04402882e-02 -1.10471986e-01
   1.54860452e-01 -4.84459028e-02 -8.11458305e-02  1.50018379e-01
  -6.47337362e-02 -5.84602952e-02 -1.01384958e-02  3.37440446e-02
  -8.17301683e-03  2.22277865e-02 -2.65796762e-02  1.08970674e-02
   9.90647450e-02 -7.15525076e-02  4.86250482e-02 -3.90836373e-02
  -1.39007978e-02  1.36169745e-02 -3.10972985e-03 -3.14939171e-02
   2.08564345e-02 -3.37935239e-02 -1.05172200e-02 -1.11513369e-01
  -1.39187369e-02  1.19185053e-01 -1.12544462e-01 -1.81945730e-02
  -1.15983821e-01  9.26969871e-02  1.53310541e-02  2.29951426e-01
  -9.68760997e-02  3.62476557e-02  9.70559493e-02 -9.29251164e-02
   3.47513147e-02  1.93921909e-01 -8.15064907e-02 -1.02173224e-01
  -1.80961285e-02  2.06200536e-02  1.95669368e-01  4.15770113e-02
  -6.84895292e-02 -1.59785803e-02  2.42006257e-02 -7.25054145e-02
   2.18049008e-02 -5.69753535e-02  1.53093547e-01  1.33555755e-01
   2.38865726e-02 -5.17714471e-02  1.33872703e-02  4.20036772e-03
   2.63927062e-03 -2.24528878e-04 -1.09229892e-01  1.62988648e-01
  -6.38806745e-02 -1.71186149e-01  3.88868302e-02 -2.07295385e-03
  -7.55589753e-02  9.41774324e-02  5.42000569e-02 -8.63738433e-02
   1.23665005e-01  9.05246735e-02  1.70450732e-01 -1.74672514e-01
  -1.18916124e-01 -6.89440295e-02 -9.71131474e-02 -3.47442366e-03
   9.80782807e-02  1.29121795e-01 -3.68987285e-02 -9.93206948e-02
  -9.27793887e-03 -7.79186264e-02  7.11240759e-03 -1.35588124e-01
  -4.74088043e-02 -1.40274931e-02 -1.28099695e-01 -8.63456801e-02
  -1.73000880e-02 -2.24748366e-02  1.82854638e-01 -1.31407574e-01
   6.14362173e-02 -9.61098298e-02 -1.23605467e-01 -8.33829716e-02
  -1.03788778e-01  1.12397708e-01 -9.93076637e-02  8.01562220e-02
  -7.58329704e-02 -1.60769392e-02  1.81669623e-01 -8.90106782e-02]]
[[-1.05620744e-02 -5.98475523e-02 -7.23428512e-03  1.43634230e-02
  -4.79659997e-02 -4.20203805e-02 -5.64941950e-02 -3.30400541e-02
   1.06267566e-02 -2.29152907e-02 -7.41937608e-02 -4.80890945e-02
   2.32737958e-02  1.53649896e-01 -9.98736322e-02  3.75291146e-02
   2.96677239e-02  3.68690230e-02 -5.95826469e-03  8.94669816e-02
   1.88210741e-01  1.14086732e-01 -9.33251828e-02  1.20741636e-01
   3.82569470e-02 -8.18837807e-02  1.49615705e-01 -4.48199660e-02
   2.18395796e-02 -6.32881895e-02 -9.10495669e-02  9.06681120e-02
   4.52844389e-02 -6.81963339e-02 -2.26533823e-02 -3.21878307e-02
   1.46930680e-01 -3.45372185e-02  2.49574661e-01 -9.11938101e-02
  -6.59310967e-02 -1.42465290e-02 -5.60045131e-02  4.59022410e-02
   5.49128875e-02 -9.79951546e-02 -4.50568460e-03 -9.18198153e-02
  -1.98672265e-02  1.71561576e-02 -1.18861780e-01  2.29822457e-01
   1.91836476e-01 -6.12337552e-02  5.73665164e-02  1.92565233e-01
  -1.17397353e-01 -1.48014411e-01  9.05766115e-02 -7.22992718e-02
   3.64137138e-03  9.91269648e-02  2.16402709e-01 -6.70928508e-02
  -6.45021424e-02  1.87994882e-01 -2.86638793e-02 -2.15218905e-02
  -6.48188964e-02  1.58607334e-01  5.34662046e-02 -7.63741508e-02
   4.72894032e-03 -8.36141184e-02  5.88417277e-02 -1.05033033e-01
   9.56348777e-02 -5.09314947e-02 -4.59024906e-02 -1.22671023e-01
   9.49046016e-02  8.60036176e-04 -9.10772234e-02  1.24792963e-01
   3.71487141e-02 -1.27157375e-01  9.70283337e-03  4.92907017e-02
  -2.10849736e-02 -3.34638730e-02 -8.17668736e-02  2.14513183e-01
   8.02772492e-03 -7.46133998e-02  1.52630746e-01 -9.12038051e-03
   4.80961278e-02 -8.51214454e-02 -4.21904214e-02  1.49961412e-02
  -3.15684788e-02 -6.20993562e-02 -6.01698495e-02 -3.60219516e-02
  -9.36769694e-02 -4.95361798e-02 -9.05936137e-02  1.41249895e-02
  -7.51618072e-02  3.57899303e-03 -5.16340286e-02  7.55583569e-02
   1.51096344e-01  2.02035327e-02  1.07062526e-01 -1.02898432e-02
  -5.84934354e-02  1.68699577e-01 -2.96851005e-02 -5.36664985e-02
   2.82748602e-02 -4.69508357e-02 -1.47830462e-02 -7.22139701e-02
  -1.47135425e-02 -1.17387604e-02  8.76310915e-02  9.69767421e-02]
 [ 3.83338034e-02 -7.06479996e-02  3.36050801e-03 -8.66279900e-02
   3.19172777e-02 -5.54031879e-03 -3.26207243e-02 -7.52512040e-03
  -8.90957937e-02 -7.84143358e-02 -1.21014908e-01  6.83770552e-02
  -9.82979536e-02 -1.00083858e-01 -1.03061914e-01  3.52264456e-02
   2.10445691e-02 -1.27818100e-02 -9.77050215e-02  1.09218188e-01
  -1.12520657e-01 -7.08674714e-02 -9.04402882e-02 -1.10471986e-01
   1.54860452e-01 -4.84459028e-02 -8.11458305e-02  1.50018379e-01
  -6.47337362e-02 -5.84602952e-02 -1.01384958e-02  3.37440446e-02
  -8.17301683e-03  2.22277865e-02 -2.65796762e-02  1.08970674e-02
   9.90647450e-02 -7.15525076e-02  4.86250482e-02 -3.90836373e-02
  -1.39007978e-02  1.36169745e-02 -3.10972985e-03 -3.14939171e-02
   2.08564345e-02 -3.37935239e-02 -1.05172200e-02 -1.11513369e-01
  -1.39187369e-02  1.19185053e-01 -1.12544462e-01 -1.81945730e-02
  -1.15983821e-01  9.26969871e-02  1.53310541e-02  2.29951426e-01
  -9.68760997e-02  3.62476557e-02  9.70559493e-02 -9.29251164e-02
   3.47513147e-02  1.93921909e-01 -8.15064907e-02 -1.02173224e-01
  -1.80961285e-02  2.06200536e-02  1.95669368e-01  4.15770113e-02
  -6.84895292e-02 -1.59785803e-02  2.42006257e-02 -7.25054145e-02
   2.18049008e-02 -5.69753535e-02  1.53093547e-01  1.33555755e-01
   2.38865726e-02 -5.17714471e-02  1.33872703e-02  4.20036772e-03
   2.63927062e-03 -2.24528878e-04 -1.09229892e-01  1.62988648e-01
  -6.38806745e-02 -1.71186149e-01  3.88868302e-02 -2.07295385e-03
  -7.55589753e-02  9.41774324e-02  5.42000569e-02 -8.63738433e-02
   1.23665005e-01  9.05246735e-02  1.70450732e-01 -1.74672514e-01
  -1.18916124e-01 -6.89440295e-02 -9.71131474e-02 -3.47442366e-03
   9.80782807e-02  1.29121795e-01 -3.68987285e-02 -9.93206948e-02
  -9.27793887e-03 -7.79186264e-02  7.11240759e-03 -1.35588124e-01
  -4.74088043e-02 -1.40274931e-02 -1.28099695e-01 -8.63456801e-02
  -1.73000880e-02 -2.24748366e-02  1.82854638e-01 -1.31407574e-01
   6.14362173e-02 -9.61098298e-02 -1.23605467e-01 -8.33829716e-02
  -1.03788778e-01  1.12397708e-01 -9.93076637e-02  8.01562220e-02
  -7.58329704e-02 -1.60769392e-02  1.81669623e-01 -8.90106782e-02]]
