[[-2.83895712e-02 -7.36923143e-02 -7.51899704e-02 -3.48852053e-02
  -6.74977303e-02  1.70658284e-03 -2.91252788e-02 -1.59446162e-03
   3.85847315e-02 -1.68428011e-03 -6.45665154e-02 -5.75188175e-02
   6.16417751e-02  1.12127140e-01 -7.66352788e-02  1.79955550e-02
  -5.94292767e-03  7.35707358e-02 -1.12383533e-02  4.67549637e-02
   1.98659629e-01  1.14672579e-01 -8.03892016e-02  1.64820716e-01
   6.74320906e-02 -6.13717176e-02  1.45212114e-01 -1.41535914e-02
   6.59454167e-02 -4.87200692e-02 -7.72602186e-02  8.64268467e-02
   9.27074850e-02 -5.68194278e-02 -7.19771208e-03 -2.24823561e-02
   1.57357916e-01 -3.90375778e-02  2.76826173e-01 -7.80050233e-02
  -7.28562623e-02 -2.45466717e-02 -2.11182982e-02  4.85152751e-02
   1.24081321e-01 -6.51526973e-02  1.58353820e-02 -5.12640662e-02
  -1.35171534e-02  1.84228048e-02 -1.01981193e-01  1.98243916e-01
   2.44165361e-01 -6.61579743e-02  2.73725279e-02  1.86245784e-01
  -9.08764079e-02 -1.44448549e-01  7.56170005e-02 -7.88660049e-02
   7.62469620e-02  1.54938191e-01  2.18679532e-01 -7.25112855e-02
  -6.58316538e-02  1.82078511e-01 -3.23026031e-02 -2.48435549e-02
  -4.17864732e-02  1.94369137e-01  2.44417856e-03 -6.55072853e-02
   5.69287166e-02 -8.14109743e-02  7.95899034e-02 -7.74139389e-02
   6.98942840e-02 -4.69524972e-02 -3.04020178e-02 -9.15725604e-02
   8.64189398e-03 -5.39520867e-02 -7.96109214e-02  1.21129543e-01
   3.85412313e-02 -1.26320019e-01  2.03682035e-02  8.91878903e-02
  -4.47675213e-02 -3.90521884e-02 -8.28924552e-02  1.96222231e-01
   4.43359502e-02 -7.35836625e-02  5.78697249e-02  6.52409121e-02
   1.26735643e-01 -6.02427237e-02 -6.18215725e-02  2.02053543e-02
  -4.95633073e-02 -4.65546399e-02 -2.24252604e-02 -4.79388684e-02
  -7.86704719e-02 -4.53522755e-03 -4.73998897e-02  3.78383510e-02
  -6.68878108e-02  6.44494221e-02 -3.17432508e-02  8.16790387e-02
   1.61135450e-01  3.73858437e-02  6.45610541e-02  5.64037748e-02
  -5.67372032e-02  1.19797796e-01 -3.43423486e-02  4.42276597e-02
  -1.73632018e-02 -5.60052656e-02 -1.30819790e-02 -7.21059367e-02
   8.78150389e-03  1.47197093e-03  1.47734150e-01  3.19273174e-02]
 [ 4.17447910e-02 -9.67831314e-02 -8.85325950e-03 -1.59187838e-01
  -1.81323327e-02  5.32265566e-02  1.56846523e-01 -2.95263603e-02
  -2.76693963e-02 -1.13854455e-02 -1.47915244e-01  1.37197301e-01
  -7.74635673e-02 -8.49735737e-02 -6.53629526e-02 -4.44583111e-02
   5.16332462e-02  4.91361842e-02 -7.27702007e-02  1.50534324e-02
  -1.24967381e-01 -7.25722015e-02  2.68802475e-02 -1.33924514e-01
  -4.79255691e-02 -1.28639072e-01  6.51009157e-02  1.96209311e-01
  -9.14022550e-02 -3.52624245e-02 -2.35440042e-02  8.79539400e-02
   3.55178006e-02 -4.96326238e-02  2.04399955e-02 -2.54970547e-02
   5.33073135e-02 -1.19801871e-01  9.47159380e-02 -8.72038864e-03
   7.85553828e-02  6.87646046e-02 -3.96616571e-02  7.70376548e-02
   7.46848136e-02  1.25203684e-01  3.24433148e-02 -1.35451466e-01
  -3.18269506e-02 -3.04460116e-02 -1.14651680e-01 -3.53792869e-02
  -1.08090073e-01  9.90776196e-02 -4.85973246e-02  1.37432873e-01
  -1.13504052e-01 -5.12680188e-02 -2.17687152e-02 -1.17308684e-01
   9.22541916e-02  1.19337171e-01 -1.20135047e-01 -1.10236108e-01
  -1.03026338e-01 -1.03223562e-01  1.31735221e-01 -3.82106081e-02
  -1.11835480e-01  6.23919964e-02 -3.69549207e-02 -4.17969525e-02
  -1.37697365e-02 -1.69062596e-02  2.14052632e-01  2.15221465e-01
  -3.39022651e-02  3.73200960e-02 -6.33504614e-02 -4.08568047e-02
   9.44774672e-02 -9.81111750e-02 -8.64954218e-02  1.78056359e-01
   9.97357666e-02 -1.16018966e-01 -3.95792909e-02  1.11188769e-01
  -1.26461715e-01 -1.17200091e-01  6.79684654e-02 -9.53003913e-02
   1.33627415e-01  2.35356204e-02  1.18628621e-01 -1.44932210e-01
  -8.78494978e-02 -6.13825172e-02 -2.83481018e-03 -1.20249033e-01
   7.02009648e-02  4.60652374e-02 -8.91589597e-02 -8.33097473e-02
   3.69176239e-04 -1.39702126e-04 -1.25129670e-02 -4.51551974e-02
  -1.20364636e-01 -6.40501315e-03 -8.56633782e-02 -7.53380507e-02
   6.62422478e-02 -3.64972465e-02  6.63238764e-02 -1.21590592e-01
  -8.23486317e-03 -7.83397332e-02 -7.28301778e-02 -1.33697405e-01
  -1.17983468e-01 -7.74938315e-02  2.38925703e-02 -3.07716131e-02
  -1.29882377e-02 -6.45691380e-02  5.20368777e-02 -5.52779585e-02]]
[[-2.83895712e-02 -7.36923143e-02 -7.51899704e-02 -3.48852053e-02
  -6.74977303e-02  1.70658284e-03 -2.91252788e-02 -1.59446162e-03
   3.85847315e-02 -1.68428011e-03 -6.45665154e-02 -5.75188175e-02
   6.16417751e-02  1.12127140e-01 -7.66352788e-02  1.79955550e-02
  -5.94292767e-03  7.35707358e-02 -1.12383533e-02  4.67549637e-02
   1.98659629e-01  1.14672579e-01 -8.03892016e-02  1.64820716e-01
   6.74320906e-02 -6.13717176e-02  1.45212114e-01 -1.41535914e-02
   6.59454167e-02 -4.87200692e-02 -7.72602186e-02  8.64268467e-02
   9.27074850e-02 -5.68194278e-02 -7.19771208e-03 -2.24823561e-02
   1.57357916e-01 -3.90375778e-02  2.76826173e-01 -7.80050233e-02
  -7.28562623e-02 -2.45466717e-02 -2.11182982e-02  4.85152751e-02
   1.24081321e-01 -6.51526973e-02  1.58353820e-02 -5.12640662e-02
  -1.35171534e-02  1.84228048e-02 -1.01981193e-01  1.98243916e-01
   2.44165361e-01 -6.61579743e-02  2.73725279e-02  1.86245784e-01
  -9.08764079e-02 -1.44448549e-01  7.56170005e-02 -7.88660049e-02
   7.62469620e-02  1.54938191e-01  2.18679532e-01 -7.25112855e-02
  -6.58316538e-02  1.82078511e-01 -3.23026031e-02 -2.48435549e-02
  -4.17864732e-02  1.94369137e-01  2.44417856e-03 -6.55072853e-02
   5.69287166e-02 -8.14109743e-02  7.95899034e-02 -7.74139389e-02
   6.98942840e-02 -4.69524972e-02 -3.04020178e-02 -9.15725604e-02
   8.64189398e-03 -5.39520867e-02 -7.96109214e-02  1.21129543e-01
   3.85412313e-02 -1.26320019e-01  2.03682035e-02  8.91878903e-02
  -4.47675213e-02 -3.90521884e-02 -8.28924552e-02  1.96222231e-01
   4.43359502e-02 -7.35836625e-02  5.78697249e-02  6.52409121e-02
   1.26735643e-01 -6.02427237e-02 -6.18215725e-02  2.02053543e-02
  -4.95633073e-02 -4.65546399e-02 -2.24252604e-02 -4.79388684e-02
  -7.86704719e-02 -4.53522755e-03 -4.73998897e-02  3.78383510e-02
  -6.68878108e-02  6.44494221e-02 -3.17432508e-02  8.16790387e-02
   1.61135450e-01  3.73858437e-02  6.45610541e-02  5.64037748e-02
  -5.67372032e-02  1.19797796e-01 -3.43423486e-02  4.42276597e-02
  -1.73632018e-02 -5.60052656e-02 -1.30819790e-02 -7.21059367e-02
   8.78150389e-03  1.47197093e-03  1.47734150e-01  3.19273174e-02]
 [ 4.17447910e-02 -9.67831314e-02 -8.85325950e-03 -1.59187838e-01
  -1.81323327e-02  5.32265566e-02  1.56846523e-01 -2.95263603e-02
  -2.76693963e-02 -1.13854455e-02 -1.47915244e-01  1.37197301e-01
  -7.74635673e-02 -8.49735737e-02 -6.53629526e-02 -4.44583111e-02
   5.16332462e-02  4.91361842e-02 -7.27702007e-02  1.50534324e-02
  -1.24967381e-01 -7.25722015e-02  2.68802475e-02 -1.33924514e-01
  -4.79255691e-02 -1.28639072e-01  6.51009157e-02  1.96209311e-01
  -9.14022550e-02 -3.52624245e-02 -2.35440042e-02  8.79539400e-02
   3.55178006e-02 -4.96326238e-02  2.04399955e-02 -2.54970547e-02
   5.33073135e-02 -1.19801871e-01  9.47159380e-02 -8.72038864e-03
   7.85553828e-02  6.87646046e-02 -3.96616571e-02  7.70376548e-02
   7.46848136e-02  1.25203684e-01  3.24433148e-02 -1.35451466e-01
  -3.18269506e-02 -3.04460116e-02 -1.14651680e-01 -3.53792869e-02
  -1.08090073e-01  9.90776196e-02 -4.85973246e-02  1.37432873e-01
  -1.13504052e-01 -5.12680188e-02 -2.17687152e-02 -1.17308684e-01
   9.22541916e-02  1.19337171e-01 -1.20135047e-01 -1.10236108e-01
  -1.03026338e-01 -1.03223562e-01  1.31735221e-01 -3.82106081e-02
  -1.11835480e-01  6.23919964e-02 -3.69549207e-02 -4.17969525e-02
  -1.37697365e-02 -1.69062596e-02  2.14052632e-01  2.15221465e-01
  -3.39022651e-02  3.73200960e-02 -6.33504614e-02 -4.08568047e-02
   9.44774672e-02 -9.81111750e-02 -8.64954218e-02  1.78056359e-01
   9.97357666e-02 -1.16018966e-01 -3.95792909e-02  1.11188769e-01
  -1.26461715e-01 -1.17200091e-01  6.79684654e-02 -9.53003913e-02
   1.33627415e-01  2.35356204e-02  1.18628621e-01 -1.44932210e-01
  -8.78494978e-02 -6.13825172e-02 -2.83481018e-03 -1.20249033e-01
   7.02009648e-02  4.60652374e-02 -8.91589597e-02 -8.33097473e-02
   3.69176239e-04 -1.39702126e-04 -1.25129670e-02 -4.51551974e-02
  -1.20364636e-01 -6.40501315e-03 -8.56633782e-02 -7.53380507e-02
   6.62422478e-02 -3.64972465e-02  6.63238764e-02 -1.21590592e-01
  -8.23486317e-03 -7.83397332e-02 -7.28301778e-02 -1.33697405e-01
  -1.17983468e-01 -7.74938315e-02  2.38925703e-02 -3.07716131e-02
  -1.29882377e-02 -6.45691380e-02  5.20368777e-02 -5.52779585e-02]]
[[-2.83895712e-02 -7.36923143e-02 -7.51899704e-02 -3.48852053e-02
  -6.74977303e-02  1.70658284e-03 -2.91252788e-02 -1.59446162e-03
   3.85847315e-02 -1.68428011e-03 -6.45665154e-02 -5.75188175e-02
   6.16417751e-02  1.12127140e-01 -7.66352788e-02  1.79955550e-02
  -5.94292767e-03  7.35707358e-02 -1.12383533e-02  4.67549637e-02
   1.98659629e-01  1.14672579e-01 -8.03892016e-02  1.64820716e-01
   6.74320906e-02 -6.13717176e-02  1.45212114e-01 -1.41535914e-02
   6.59454167e-02 -4.87200692e-02 -7.72602186e-02  8.64268467e-02
   9.27074850e-02 -5.68194278e-02 -7.19771208e-03 -2.24823561e-02
   1.57357916e-01 -3.90375778e-02  2.76826173e-01 -7.80050233e-02
  -7.28562623e-02 -2.45466717e-02 -2.11182982e-02  4.85152751e-02
   1.24081321e-01 -6.51526973e-02  1.58353820e-02 -5.12640662e-02
  -1.35171534e-02  1.84228048e-02 -1.01981193e-01  1.98243916e-01
   2.44165361e-01 -6.61579743e-02  2.73725279e-02  1.86245784e-01
  -9.08764079e-02 -1.44448549e-01  7.56170005e-02 -7.88660049e-02
   7.62469620e-02  1.54938191e-01  2.18679532e-01 -7.25112855e-02
  -6.58316538e-02  1.82078511e-01 -3.23026031e-02 -2.48435549e-02
  -4.17864732e-02  1.94369137e-01  2.44417856e-03 -6.55072853e-02
   5.69287166e-02 -8.14109743e-02  7.95899034e-02 -7.74139389e-02
   6.98942840e-02 -4.69524972e-02 -3.04020178e-02 -9.15725604e-02
   8.64189398e-03 -5.39520867e-02 -7.96109214e-02  1.21129543e-01
   3.85412313e-02 -1.26320019e-01  2.03682035e-02  8.91878903e-02
  -4.47675213e-02 -3.90521884e-02 -8.28924552e-02  1.96222231e-01
   4.43359502e-02 -7.35836625e-02  5.78697249e-02  6.52409121e-02
   1.26735643e-01 -6.02427237e-02 -6.18215725e-02  2.02053543e-02
  -4.95633073e-02 -4.65546399e-02 -2.24252604e-02 -4.79388684e-02
  -7.86704719e-02 -4.53522755e-03 -4.73998897e-02  3.78383510e-02
  -6.68878108e-02  6.44494221e-02 -3.17432508e-02  8.16790387e-02
   1.61135450e-01  3.73858437e-02  6.45610541e-02  5.64037748e-02
  -5.67372032e-02  1.19797796e-01 -3.43423486e-02  4.42276597e-02
  -1.73632018e-02 -5.60052656e-02 -1.30819790e-02 -7.21059367e-02
   8.78150389e-03  1.47197093e-03  1.47734150e-01  3.19273174e-02]
 [ 4.17447910e-02 -9.67831314e-02 -8.85325950e-03 -1.59187838e-01
  -1.81323327e-02  5.32265566e-02  1.56846523e-01 -2.95263603e-02
  -2.76693963e-02 -1.13854455e-02 -1.47915244e-01  1.37197301e-01
  -7.74635673e-02 -8.49735737e-02 -6.53629526e-02 -4.44583111e-02
   5.16332462e-02  4.91361842e-02 -7.27702007e-02  1.50534324e-02
  -1.24967381e-01 -7.25722015e-02  2.68802475e-02 -1.33924514e-01
  -4.79255691e-02 -1.28639072e-01  6.51009157e-02  1.96209311e-01
  -9.14022550e-02 -3.52624245e-02 -2.35440042e-02  8.79539400e-02
   3.55178006e-02 -4.96326238e-02  2.04399955e-02 -2.54970547e-02
   5.33073135e-02 -1.19801871e-01  9.47159380e-02 -8.72038864e-03
   7.85553828e-02  6.87646046e-02 -3.96616571e-02  7.70376548e-02
   7.46848136e-02  1.25203684e-01  3.24433148e-02 -1.35451466e-01
  -3.18269506e-02 -3.04460116e-02 -1.14651680e-01 -3.53792869e-02
  -1.08090073e-01  9.90776196e-02 -4.85973246e-02  1.37432873e-01
  -1.13504052e-01 -5.12680188e-02 -2.17687152e-02 -1.17308684e-01
   9.22541916e-02  1.19337171e-01 -1.20135047e-01 -1.10236108e-01
  -1.03026338e-01 -1.03223562e-01  1.31735221e-01 -3.82106081e-02
  -1.11835480e-01  6.23919964e-02 -3.69549207e-02 -4.17969525e-02
  -1.37697365e-02 -1.69062596e-02  2.14052632e-01  2.15221465e-01
  -3.39022651e-02  3.73200960e-02 -6.33504614e-02 -4.08568047e-02
   9.44774672e-02 -9.81111750e-02 -8.64954218e-02  1.78056359e-01
   9.97357666e-02 -1.16018966e-01 -3.95792909e-02  1.11188769e-01
  -1.26461715e-01 -1.17200091e-01  6.79684654e-02 -9.53003913e-02
   1.33627415e-01  2.35356204e-02  1.18628621e-01 -1.44932210e-01
  -8.78494978e-02 -6.13825172e-02 -2.83481018e-03 -1.20249033e-01
   7.02009648e-02  4.60652374e-02 -8.91589597e-02 -8.33097473e-02
   3.69176239e-04 -1.39702126e-04 -1.25129670e-02 -4.51551974e-02
  -1.20364636e-01 -6.40501315e-03 -8.56633782e-02 -7.53380507e-02
   6.62422478e-02 -3.64972465e-02  6.63238764e-02 -1.21590592e-01
  -8.23486317e-03 -7.83397332e-02 -7.28301778e-02 -1.33697405e-01
  -1.17983468e-01 -7.74938315e-02  2.38925703e-02 -3.07716131e-02
  -1.29882377e-02 -6.45691380e-02  5.20368777e-02 -5.52779585e-02]]
