[[ 0.05050806 -0.08491635 -0.01306009 -0.09614865  0.06977116 -0.01834326
  -0.05002161 -0.00363501 -0.0848186  -0.07328708 -0.12377659  0.02118785
  -0.09159671 -0.09482031 -0.09239109  0.0563386   0.03586289 -0.02371265
  -0.08163974  0.08974816 -0.1154058  -0.05270017 -0.09494729 -0.11215069
   0.16663618 -0.06190479 -0.09815512  0.12223537 -0.05388058 -0.05437674
  -0.01749714  0.03262501  0.00392642  0.03530808  0.03492886  0.02934794
   0.10105455 -0.06482071  0.04467998 -0.04779452 -0.03223884  0.03271021
  -0.01669653 -0.01962003 -0.01567248  0.01205803 -0.03126197 -0.1047072
  -0.00452774  0.12652062 -0.11367426 -0.02562239 -0.1100935   0.07359131
   0.01397873  0.24414021 -0.11518961  0.04623072  0.0929812  -0.09618814
   0.03493831  0.18790786 -0.07144795 -0.10585029 -0.02629245  0.04651471
   0.15977897  0.0322092  -0.06295609 -0.00811874  0.02819259 -0.0666521
   0.03570619 -0.04878099  0.13801196  0.13874269 -0.00222752 -0.05285573
   0.06964301  0.0298639  -0.01600703 -0.02700255 -0.11088905  0.16342609
  -0.05656251 -0.14532603  0.04101136  0.02208987 -0.05513515  0.10951439
   0.06570578 -0.07690232  0.1479805   0.1178216   0.13921914 -0.18346383
  -0.12629221 -0.06874385 -0.08445087 -0.00270962  0.06085584  0.11517319
  -0.02607282 -0.09238447 -0.00060152 -0.08334365  0.02522504 -0.14706849
  -0.00704064  0.00122131 -0.13153711 -0.09413643 -0.06211607 -0.02224231
   0.18010391 -0.13701558  0.0769242  -0.09918969 -0.1266954  -0.08612207
  -0.10796449  0.11560091 -0.08646768  0.05524807 -0.06783833 -0.01021894
   0.21016024 -0.09698562]
 [-0.03378998 -0.05780698  0.01055335  0.00637244 -0.03105882 -0.03172627
  -0.06634121 -0.05968919  0.0204178  -0.03969805 -0.0675199  -0.06495791
   0.02139468  0.1312362  -0.10103857  0.047872    0.02075599  0.02524877
  -0.01421681  0.07833078  0.1845586   0.09190556 -0.10743169  0.141276
   0.07136577 -0.07938557  0.16346097 -0.05449751  0.02229156 -0.05947251
  -0.09071877  0.0769875   0.02403135 -0.05731988 -0.02273126 -0.03909136
   0.1611022  -0.03481943  0.23139414 -0.08525144 -0.05963894 -0.01178821
  -0.06640241  0.02802441  0.03831621 -0.09788685 -0.0146656  -0.09336757
  -0.03240849  0.03739819 -0.1187932   0.21624707  0.18559928 -0.06318535
   0.06048233  0.20727412 -0.12735638 -0.14717484  0.11129082 -0.07292529
  -0.00168387  0.09378269  0.20999886 -0.06334048 -0.05586386  0.19919398
  -0.0307436  -0.01065056 -0.06142259  0.1258022   0.04693024 -0.07545444
   0.01648899 -0.08510738  0.06470188 -0.11013144  0.12577046 -0.05547041
  -0.0326912  -0.11961027  0.09756812  0.03419208 -0.09262872  0.10088593
   0.02572965 -0.13921043 -0.00594852  0.03521584 -0.01781254  0.00195017
  -0.07617575  0.19412167 -0.01421354 -0.07355547  0.14860277 -0.0013454
   0.03326451 -0.08704591 -0.06170611  0.02407723 -0.01986033 -0.06470374
  -0.06634261 -0.0356532  -0.0917879  -0.06515686 -0.09609751  0.02468993
  -0.07125958  0.00828359 -0.0523091   0.03141279  0.15367089  0.00660711
   0.15388244  0.01578493 -0.05768689  0.18238537 -0.05752148 -0.05910607
   0.06056735 -0.01912445 -0.03100149 -0.07179903 -0.01463781 -0.01721809
   0.08445788  0.07032107]]
[[ 0.05050806 -0.08491635 -0.01306009 -0.09614865  0.06977116 -0.01834326
  -0.05002161 -0.00363501 -0.0848186  -0.07328708 -0.12377659  0.02118785
  -0.09159671 -0.09482031 -0.09239109  0.0563386   0.03586289 -0.02371265
  -0.08163974  0.08974816 -0.1154058  -0.05270017 -0.09494729 -0.11215069
   0.16663618 -0.06190479 -0.09815512  0.12223537 -0.05388058 -0.05437674
  -0.01749714  0.03262501  0.00392642  0.03530808  0.03492886  0.02934794
   0.10105455 -0.06482071  0.04467998 -0.04779452 -0.03223884  0.03271021
  -0.01669653 -0.01962003 -0.01567248  0.01205803 -0.03126197 -0.1047072
  -0.00452774  0.12652062 -0.11367426 -0.02562239 -0.1100935   0.07359131
   0.01397873  0.24414021 -0.11518961  0.04623072  0.0929812  -0.09618814
   0.03493831  0.18790786 -0.07144795 -0.10585029 -0.02629245  0.04651471
   0.15977897  0.0322092  -0.06295609 -0.00811874  0.02819259 -0.0666521
   0.03570619 -0.04878099  0.13801196  0.13874269 -0.00222752 -0.05285573
   0.06964301  0.0298639  -0.01600703 -0.02700255 -0.11088905  0.16342609
  -0.05656251 -0.14532603  0.04101136  0.02208987 -0.05513515  0.10951439
   0.06570578 -0.07690232  0.1479805   0.1178216   0.13921914 -0.18346383
  -0.12629221 -0.06874385 -0.08445087 -0.00270962  0.06085584  0.11517319
  -0.02607282 -0.09238447 -0.00060152 -0.08334365  0.02522504 -0.14706849
  -0.00704064  0.00122131 -0.13153711 -0.09413643 -0.06211607 -0.02224231
   0.18010391 -0.13701558  0.0769242  -0.09918969 -0.1266954  -0.08612207
  -0.10796449  0.11560091 -0.08646768  0.05524807 -0.06783833 -0.01021894
   0.21016024 -0.09698562]
 [-0.03378998 -0.05780698  0.01055335  0.00637244 -0.03105882 -0.03172627
  -0.06634121 -0.05968919  0.0204178  -0.03969805 -0.0675199  -0.06495791
   0.02139468  0.1312362  -0.10103857  0.047872    0.02075599  0.02524877
  -0.01421681  0.07833078  0.1845586   0.09190556 -0.10743169  0.141276
   0.07136577 -0.07938557  0.16346097 -0.05449751  0.02229156 -0.05947251
  -0.09071877  0.0769875   0.02403135 -0.05731988 -0.02273126 -0.03909136
   0.1611022  -0.03481943  0.23139414 -0.08525144 -0.05963894 -0.01178821
  -0.06640241  0.02802441  0.03831621 -0.09788685 -0.0146656  -0.09336757
  -0.03240849  0.03739819 -0.1187932   0.21624707  0.18559928 -0.06318535
   0.06048233  0.20727412 -0.12735638 -0.14717484  0.11129082 -0.07292529
  -0.00168387  0.09378269  0.20999886 -0.06334048 -0.05586386  0.19919398
  -0.0307436  -0.01065056 -0.06142259  0.1258022   0.04693024 -0.07545444
   0.01648899 -0.08510738  0.06470188 -0.11013144  0.12577046 -0.05547041
  -0.0326912  -0.11961027  0.09756812  0.03419208 -0.09262872  0.10088593
   0.02572965 -0.13921043 -0.00594852  0.03521584 -0.01781254  0.00195017
  -0.07617575  0.19412167 -0.01421354 -0.07355547  0.14860277 -0.0013454
   0.03326451 -0.08704591 -0.06170611  0.02407723 -0.01986033 -0.06470374
  -0.06634261 -0.0356532  -0.0917879  -0.06515686 -0.09609751  0.02468993
  -0.07125958  0.00828359 -0.0523091   0.03141279  0.15367089  0.00660711
   0.15388244  0.01578493 -0.05768689  0.18238537 -0.05752148 -0.05910607
   0.06056735 -0.01912445 -0.03100149 -0.07179903 -0.01463781 -0.01721809
   0.08445788  0.07032107]]
[[ 0.05050806 -0.08491635 -0.01306009 -0.09614865  0.06977116 -0.01834326
  -0.05002161 -0.00363501 -0.0848186  -0.07328708 -0.12377659  0.02118785
  -0.09159671 -0.09482031 -0.09239109  0.0563386   0.03586289 -0.02371265
  -0.08163974  0.08974816 -0.1154058  -0.05270017 -0.09494729 -0.11215069
   0.16663618 -0.06190479 -0.09815512  0.12223537 -0.05388058 -0.05437674
  -0.01749714  0.03262501  0.00392642  0.03530808  0.03492886  0.02934794
   0.10105455 -0.06482071  0.04467998 -0.04779452 -0.03223884  0.03271021
  -0.01669653 -0.01962003 -0.01567248  0.01205803 -0.03126197 -0.1047072
  -0.00452774  0.12652062 -0.11367426 -0.02562239 -0.1100935   0.07359131
   0.01397873  0.24414021 -0.11518961  0.04623072  0.0929812  -0.09618814
   0.03493831  0.18790786 -0.07144795 -0.10585029 -0.02629245  0.04651471
   0.15977897  0.0322092  -0.06295609 -0.00811874  0.02819259 -0.0666521
   0.03570619 -0.04878099  0.13801196  0.13874269 -0.00222752 -0.05285573
   0.06964301  0.0298639  -0.01600703 -0.02700255 -0.11088905  0.16342609
  -0.05656251 -0.14532603  0.04101136  0.02208987 -0.05513515  0.10951439
   0.06570578 -0.07690232  0.1479805   0.1178216   0.13921914 -0.18346383
  -0.12629221 -0.06874385 -0.08445087 -0.00270962  0.06085584  0.11517319
  -0.02607282 -0.09238447 -0.00060152 -0.08334365  0.02522504 -0.14706849
  -0.00704064  0.00122131 -0.13153711 -0.09413643 -0.06211607 -0.02224231
   0.18010391 -0.13701558  0.0769242  -0.09918969 -0.1266954  -0.08612207
  -0.10796449  0.11560091 -0.08646768  0.05524807 -0.06783833 -0.01021894
   0.21016024 -0.09698562]
 [-0.03378998 -0.05780698  0.01055335  0.00637244 -0.03105882 -0.03172627
  -0.06634121 -0.05968919  0.0204178  -0.03969805 -0.0675199  -0.06495791
   0.02139468  0.1312362  -0.10103857  0.047872    0.02075599  0.02524877
  -0.01421681  0.07833078  0.1845586   0.09190556 -0.10743169  0.141276
   0.07136577 -0.07938557  0.16346097 -0.05449751  0.02229156 -0.05947251
  -0.09071877  0.0769875   0.02403135 -0.05731988 -0.02273126 -0.03909136
   0.1611022  -0.03481943  0.23139414 -0.08525144 -0.05963894 -0.01178821
  -0.06640241  0.02802441  0.03831621 -0.09788685 -0.0146656  -0.09336757
  -0.03240849  0.03739819 -0.1187932   0.21624707  0.18559928 -0.06318535
   0.06048233  0.20727412 -0.12735638 -0.14717484  0.11129082 -0.07292529
  -0.00168387  0.09378269  0.20999886 -0.06334048 -0.05586386  0.19919398
  -0.0307436  -0.01065056 -0.06142259  0.1258022   0.04693024 -0.07545444
   0.01648899 -0.08510738  0.06470188 -0.11013144  0.12577046 -0.05547041
  -0.0326912  -0.11961027  0.09756812  0.03419208 -0.09262872  0.10088593
   0.02572965 -0.13921043 -0.00594852  0.03521584 -0.01781254  0.00195017
  -0.07617575  0.19412167 -0.01421354 -0.07355547  0.14860277 -0.0013454
   0.03326451 -0.08704591 -0.06170611  0.02407723 -0.01986033 -0.06470374
  -0.06634261 -0.0356532  -0.0917879  -0.06515686 -0.09609751  0.02468993
  -0.07125958  0.00828359 -0.0523091   0.03141279  0.15367089  0.00660711
   0.15388244  0.01578493 -0.05768689  0.18238537 -0.05752148 -0.05910607
   0.06056735 -0.01912445 -0.03100149 -0.07179903 -0.01463781 -0.01721809
   0.08445788  0.07032107]]
