[[ 0.07500039 -0.10419439 -0.02333043 -0.15456474  0.02386588  0.04350939
   0.13447106 -0.02571085  0.03431302  0.04506571 -0.14896001  0.1313191
  -0.02416007 -0.06833094 -0.04109172 -0.08058809  0.11703591  0.0650449
  -0.04433712 -0.00609202 -0.11820656 -0.08952241  0.04049459 -0.11733437
  -0.05000277 -0.13298571  0.07500857  0.21596009 -0.09390222 -0.02057313
  -0.04116161  0.10581756  0.06742199 -0.07606145  0.05836139 -0.04117733
   0.07819343 -0.12878594  0.03721869 -0.01904619  0.07873693  0.06306697
  -0.04291462  0.09786519  0.0547074   0.15899523  0.05345671 -0.13399705
  -0.04564929 -0.0362436  -0.09457317 -0.06546973 -0.10119898  0.09744867
  -0.030803    0.07968394 -0.11639724 -0.03218178 -0.0405337  -0.10563291
   0.07451161  0.0364987  -0.10233961 -0.10936578 -0.10550657 -0.11196016
   0.08928646 -0.05232412 -0.10521583  0.05539289 -0.04795894 -0.05892868
  -0.06785782 -0.03200981  0.24474879  0.21065271 -0.07618446  0.04682828
  -0.05801039 -0.05510291  0.11187585 -0.07714695 -0.09594015  0.18597806
   0.05834959 -0.08455252 -0.05073941  0.1012119  -0.11601226 -0.12827107
   0.0596706  -0.10794544  0.17361827  0.01185816  0.09796637 -0.10509864
  -0.10149101 -0.05043492  0.0131781  -0.11156684  0.05114216 -0.00970811
  -0.09752413 -0.07869973  0.00855869 -0.01541285  0.00397978 -0.08782704
  -0.12072415 -0.01133046 -0.07544202 -0.07334286  0.04257691 -0.01352496
   0.0683689  -0.12892503 -0.03368015 -0.05569774 -0.04957123 -0.13623258
  -0.12259275 -0.08535404  0.0502333  -0.03471205 -0.00286296 -0.07567646
  -0.01501119 -0.0210778 ]
 [-0.03867563 -0.06723486 -0.05560397 -0.01991087 -0.0562404  -0.00320499
  -0.01627447 -0.02004959  0.03578813 -0.00703013 -0.06081536 -0.05439766
   0.05908101  0.10878477 -0.0815974   0.01426802  0.0149524   0.07102807
  -0.01845565  0.06750055  0.21690892  0.11590334 -0.08197307  0.17020427
   0.07137967 -0.06170569  0.14859025  0.00659283  0.03822612 -0.04997233
  -0.07755763  0.08908425  0.07571964 -0.04908141 -0.01005825 -0.00994154
   0.15198725 -0.0383074   0.28355306 -0.08239549 -0.07334854 -0.02696742
  -0.0268659   0.05744815  0.13190784 -0.07621219  0.0098034  -0.05967923
   0.00054051  0.01253017 -0.09469271  0.21263191  0.2310703  -0.06524576
   0.02760424  0.1708916  -0.08941958 -0.14589503  0.05032004 -0.0785674
   0.0733202   0.13720676  0.20131621 -0.04631843 -0.0652085   0.1839285
  -0.02337776 -0.01887728 -0.04417858  0.18064636  0.02468976 -0.06655117
   0.04573746 -0.08600327  0.08435746 -0.08157565  0.07560848 -0.0439733
  -0.03868285 -0.08915778  0.01689335 -0.05746263 -0.08084638  0.14830053
   0.06056717 -0.12594512  0.02717587  0.0700241  -0.04834078 -0.0417258
  -0.07915946  0.20877494  0.03474631 -0.07060247  0.09819542  0.0558908
   0.12603822 -0.05149569 -0.05582356  0.02241675 -0.0431966  -0.05556661
  -0.01892861 -0.05106201 -0.07876802 -0.01044633 -0.04701267  0.04240673
  -0.06789178  0.05793609 -0.01204868  0.07535919  0.14472055  0.05761724
   0.05216604  0.06502394 -0.05752763  0.13920602 -0.04127545  0.06171647
  -0.01524258 -0.06098022  0.01419172 -0.0733838   0.00440004 -0.03114575
   0.15088782  0.03551912]]
[[ 0.07500039 -0.10419439 -0.02333043 -0.15456474  0.02386588  0.04350939
   0.13447106 -0.02571085  0.03431302  0.04506571 -0.14896001  0.1313191
  -0.02416007 -0.06833094 -0.04109172 -0.08058809  0.11703591  0.0650449
  -0.04433712 -0.00609202 -0.11820656 -0.08952241  0.04049459 -0.11733437
  -0.05000277 -0.13298571  0.07500857  0.21596009 -0.09390222 -0.02057313
  -0.04116161  0.10581756  0.06742199 -0.07606145  0.05836139 -0.04117733
   0.07819343 -0.12878594  0.03721869 -0.01904619  0.07873693  0.06306697
  -0.04291462  0.09786519  0.0547074   0.15899523  0.05345671 -0.13399705
  -0.04564929 -0.0362436  -0.09457317 -0.06546973 -0.10119898  0.09744867
  -0.030803    0.07968394 -0.11639724 -0.03218178 -0.0405337  -0.10563291
   0.07451161  0.0364987  -0.10233961 -0.10936578 -0.10550657 -0.11196016
   0.08928646 -0.05232412 -0.10521583  0.05539289 -0.04795894 -0.05892868
  -0.06785782 -0.03200981  0.24474879  0.21065271 -0.07618446  0.04682828
  -0.05801039 -0.05510291  0.11187585 -0.07714695 -0.09594015  0.18597806
   0.05834959 -0.08455252 -0.05073941  0.1012119  -0.11601226 -0.12827107
   0.0596706  -0.10794544  0.17361827  0.01185816  0.09796637 -0.10509864
  -0.10149101 -0.05043492  0.0131781  -0.11156684  0.05114216 -0.00970811
  -0.09752413 -0.07869973  0.00855869 -0.01541285  0.00397978 -0.08782704
  -0.12072415 -0.01133046 -0.07544202 -0.07334286  0.04257691 -0.01352496
   0.0683689  -0.12892503 -0.03368015 -0.05569774 -0.04957123 -0.13623258
  -0.12259275 -0.08535404  0.0502333  -0.03471205 -0.00286296 -0.07567646
  -0.01501119 -0.0210778 ]
 [-0.03867563 -0.06723486 -0.05560397 -0.01991087 -0.0562404  -0.00320499
  -0.01627447 -0.02004959  0.03578813 -0.00703013 -0.06081536 -0.05439766
   0.05908101  0.10878477 -0.0815974   0.01426802  0.0149524   0.07102807
  -0.01845565  0.06750055  0.21690892  0.11590334 -0.08197307  0.17020427
   0.07137967 -0.06170569  0.14859025  0.00659283  0.03822612 -0.04997233
  -0.07755763  0.08908425  0.07571964 -0.04908141 -0.01005825 -0.00994154
   0.15198725 -0.0383074   0.28355306 -0.08239549 -0.07334854 -0.02696742
  -0.0268659   0.05744815  0.13190784 -0.07621219  0.0098034  -0.05967923
   0.00054051  0.01253017 -0.09469271  0.21263191  0.2310703  -0.06524576
   0.02760424  0.1708916  -0.08941958 -0.14589503  0.05032004 -0.0785674
   0.0733202   0.13720676  0.20131621 -0.04631843 -0.0652085   0.1839285
  -0.02337776 -0.01887728 -0.04417858  0.18064636  0.02468976 -0.06655117
   0.04573746 -0.08600327  0.08435746 -0.08157565  0.07560848 -0.0439733
  -0.03868285 -0.08915778  0.01689335 -0.05746263 -0.08084638  0.14830053
   0.06056717 -0.12594512  0.02717587  0.0700241  -0.04834078 -0.0417258
  -0.07915946  0.20877494  0.03474631 -0.07060247  0.09819542  0.0558908
   0.12603822 -0.05149569 -0.05582356  0.02241675 -0.0431966  -0.05556661
  -0.01892861 -0.05106201 -0.07876802 -0.01044633 -0.04701267  0.04240673
  -0.06789178  0.05793609 -0.01204868  0.07535919  0.14472055  0.05761724
   0.05216604  0.06502394 -0.05752763  0.13920602 -0.04127545  0.06171647
  -0.01524258 -0.06098022  0.01419172 -0.0733838   0.00440004 -0.03114575
   0.15088782  0.03551912]]
[[ 0.07500039 -0.10419439 -0.02333043 -0.15456474  0.02386588  0.04350939
   0.13447106 -0.02571085  0.03431302  0.04506571 -0.14896001  0.1313191
  -0.02416007 -0.06833094 -0.04109172 -0.08058809  0.11703591  0.0650449
  -0.04433712 -0.00609202 -0.11820656 -0.08952241  0.04049459 -0.11733437
  -0.05000277 -0.13298571  0.07500857  0.21596009 -0.09390222 -0.02057313
  -0.04116161  0.10581756  0.06742199 -0.07606145  0.05836139 -0.04117733
   0.07819343 -0.12878594  0.03721869 -0.01904619  0.07873693  0.06306697
  -0.04291462  0.09786519  0.0547074   0.15899523  0.05345671 -0.13399705
  -0.04564929 -0.0362436  -0.09457317 -0.06546973 -0.10119898  0.09744867
  -0.030803    0.07968394 -0.11639724 -0.03218178 -0.0405337  -0.10563291
   0.07451161  0.0364987  -0.10233961 -0.10936578 -0.10550657 -0.11196016
   0.08928646 -0.05232412 -0.10521583  0.05539289 -0.04795894 -0.05892868
  -0.06785782 -0.03200981  0.24474879  0.21065271 -0.07618446  0.04682828
  -0.05801039 -0.05510291  0.11187585 -0.07714695 -0.09594015  0.18597806
   0.05834959 -0.08455252 -0.05073941  0.1012119  -0.11601226 -0.12827107
   0.0596706  -0.10794544  0.17361827  0.01185816  0.09796637 -0.10509864
  -0.10149101 -0.05043492  0.0131781  -0.11156684  0.05114216 -0.00970811
  -0.09752413 -0.07869973  0.00855869 -0.01541285  0.00397978 -0.08782704
  -0.12072415 -0.01133046 -0.07544202 -0.07334286  0.04257691 -0.01352496
   0.0683689  -0.12892503 -0.03368015 -0.05569774 -0.04957123 -0.13623258
  -0.12259275 -0.08535404  0.0502333  -0.03471205 -0.00286296 -0.07567646
  -0.01501119 -0.0210778 ]
 [-0.03867563 -0.06723486 -0.05560397 -0.01991087 -0.0562404  -0.00320499
  -0.01627447 -0.02004959  0.03578813 -0.00703013 -0.06081536 -0.05439766
   0.05908101  0.10878477 -0.0815974   0.01426802  0.0149524   0.07102807
  -0.01845565  0.06750055  0.21690892  0.11590334 -0.08197307  0.17020427
   0.07137967 -0.06170569  0.14859025  0.00659283  0.03822612 -0.04997233
  -0.07755763  0.08908425  0.07571964 -0.04908141 -0.01005825 -0.00994154
   0.15198725 -0.0383074   0.28355306 -0.08239549 -0.07334854 -0.02696742
  -0.0268659   0.05744815  0.13190784 -0.07621219  0.0098034  -0.05967923
   0.00054051  0.01253017 -0.09469271  0.21263191  0.2310703  -0.06524576
   0.02760424  0.1708916  -0.08941958 -0.14589503  0.05032004 -0.0785674
   0.0733202   0.13720676  0.20131621 -0.04631843 -0.0652085   0.1839285
  -0.02337776 -0.01887728 -0.04417858  0.18064636  0.02468976 -0.06655117
   0.04573746 -0.08600327  0.08435746 -0.08157565  0.07560848 -0.0439733
  -0.03868285 -0.08915778  0.01689335 -0.05746263 -0.08084638  0.14830053
   0.06056717 -0.12594512  0.02717587  0.0700241  -0.04834078 -0.0417258
  -0.07915946  0.20877494  0.03474631 -0.07060247  0.09819542  0.0558908
   0.12603822 -0.05149569 -0.05582356  0.02241675 -0.0431966  -0.05556661
  -0.01892861 -0.05106201 -0.07876802 -0.01044633 -0.04701267  0.04240673
  -0.06789178  0.05793609 -0.01204868  0.07535919  0.14472055  0.05761724
   0.05216604  0.06502394 -0.05752763  0.13920602 -0.04127545  0.06171647
  -0.01524258 -0.06098022  0.01419172 -0.0733838   0.00440004 -0.03114575
   0.15088782  0.03551912]]
