[[ 1.39582707e-02 -6.80965334e-02  5.68071101e-03 -1.34259760e-01
  -1.21352524e-02  5.65616190e-02  6.79879263e-02 -1.64430356e-03
  -6.78856224e-02 -5.41329458e-02 -1.36973128e-01  8.03640261e-02
  -9.20377672e-02 -1.01187266e-01 -7.19337985e-02 -4.98559885e-02
   3.95924076e-02  4.66025472e-02 -9.26579386e-02  3.46927159e-02
  -1.16243698e-01 -7.86861777e-02  1.32483421e-02 -1.33806884e-01
   6.11808188e-02 -1.08105198e-01  7.62322024e-02  2.38169134e-01
  -8.21225718e-02 -2.27966141e-02  1.19757010e-02  8.31909180e-02
   1.79690495e-02 -2.82810945e-02 -3.62244695e-02 -3.79268825e-02
   8.67338851e-02 -1.11163788e-01  1.36524335e-01 -5.86846769e-02
   6.46717772e-02 -3.61725152e-03 -3.74034159e-02  3.31174359e-02
   7.71477148e-02  8.47653896e-02 -2.23565381e-02 -1.42853245e-01
  -3.21403369e-02  4.40562610e-03 -1.15627564e-01 -4.20311019e-02
  -1.15085013e-01  8.51169750e-02 -4.46297154e-02  1.45479321e-01
  -1.11924492e-01 -7.81218708e-02 -2.46321429e-02 -1.12272993e-01
   1.19876467e-01  1.02089308e-01 -1.19207472e-01 -9.17122215e-02
  -1.07139587e-01 -5.61565012e-02  1.34374991e-01 -8.26062023e-06
  -9.33548659e-02  3.98576073e-02 -4.29496355e-02 -1.43887773e-02
   4.17559128e-03  2.61820443e-02  2.32611880e-01  1.55989289e-01
  -1.84269641e-02  2.04190370e-02 -8.87162015e-02 -7.30636045e-02
   9.30835679e-02 -5.43838367e-02 -8.48903880e-02  1.65806994e-01
   3.59986052e-02 -1.63350612e-01 -4.63322699e-02  1.21754728e-01
  -1.10840723e-01 -3.94008346e-02  4.86218520e-02 -7.26298615e-02
   2.29725108e-01  1.39127178e-02  1.57626182e-01 -1.46760404e-01
  -9.55847576e-02 -8.10726658e-02 -2.27965526e-02 -1.44653752e-01
   1.38664350e-01  6.25287518e-02 -8.87413323e-02 -8.22229311e-02
  -1.71793122e-02 -5.88775016e-02 -4.51993831e-02 -5.15314005e-02
  -9.71453339e-02 -2.06250083e-02 -7.11642653e-02 -8.20623264e-02
   3.15844715e-02 -1.94049422e-02  8.24138522e-02 -9.72766355e-02
  -3.98380980e-02 -1.03714250e-01 -1.13792449e-01 -1.21596359e-01
  -1.12849131e-01  6.47816458e-04  1.74445577e-03  6.42118379e-02
  -3.10250968e-02 -7.06607848e-02  3.25913541e-02 -6.20779097e-02]
 [-1.78243294e-02 -7.58946314e-02 -4.16098759e-02 -1.13016134e-02
  -6.82662204e-02 -1.67433582e-02 -3.96903977e-02 -9.46160592e-03
   6.24404103e-02  1.43313780e-02 -6.59877658e-02 -4.88621965e-02
   6.14669994e-02  1.27607301e-01 -8.82329941e-02  1.64251663e-02
  -2.35692542e-02  5.45949601e-02  2.54870057e-02  4.38771211e-02
   1.92744017e-01  1.19854569e-01 -7.83025697e-02  1.59113854e-01
   4.57208641e-02 -6.60940930e-02  1.71493664e-01 -2.44408380e-02
   8.83293301e-02 -5.00294752e-02 -8.14366564e-02  7.39345327e-02
   8.05292651e-02 -6.73405826e-02 -2.10955087e-02 -1.35175558e-02
   1.35255113e-01 -4.69961390e-02  2.51581818e-01 -8.68562385e-02
  -7.86810592e-02 -2.22960897e-02 -1.57119930e-02  5.21333292e-02
   1.24558739e-01 -7.69887045e-02  2.00116560e-02 -6.23097345e-02
  -1.13910912e-02  3.67721058e-02 -1.06665798e-01  1.89847350e-01
   2.45477900e-01 -6.70373291e-02  3.04681659e-02  2.06777111e-01
  -9.38385278e-02 -1.56135842e-01  5.96043877e-02 -7.68515989e-02
   5.55191860e-02  1.54735252e-01  2.25294992e-01 -7.21428469e-02
  -6.27838448e-02  1.63354158e-01 -3.01968120e-02 -2.50793956e-02
  -4.44025025e-02  1.81671083e-01  3.74941900e-03 -7.07027093e-02
   4.45367396e-02 -7.50683695e-02  5.73059320e-02 -8.12909678e-02
   7.38843307e-02 -5.32035567e-02 -3.16167921e-02 -1.04960576e-01
   1.17578506e-02 -4.96148653e-02 -8.38090926e-02  1.21318862e-01
   3.73331942e-02 -1.21762075e-01  9.85690206e-03  9.28810760e-02
  -1.55273704e-02 -3.30835171e-02 -8.71795341e-02  2.07665339e-01
   4.70197648e-02 -7.86729828e-02  7.24651441e-02  5.22884205e-02
   1.02586202e-01 -6.01662882e-02 -4.44904901e-02 -3.89596447e-03
  -6.68138415e-02 -6.19240440e-02 -2.76418123e-02 -3.98892537e-02
  -7.64397606e-02 -3.04462239e-02 -6.20193072e-02  1.69427320e-02
  -6.25372678e-02  4.99104410e-02 -1.20938458e-02  1.12487093e-01
   1.71778053e-01  5.20744808e-02  8.41109306e-02  2.18970869e-02
  -5.20170666e-02  1.30807638e-01 -3.26937251e-02 -1.18568270e-02
  -6.57990063e-03 -5.32746948e-02 -4.88981372e-03 -7.53045976e-02
   1.41720846e-02  1.80515982e-02  1.39239058e-01  5.76383471e-02]]
[[ 1.39582707e-02 -6.80965334e-02  5.68071101e-03 -1.34259760e-01
  -1.21352524e-02  5.65616190e-02  6.79879263e-02 -1.64430356e-03
  -6.78856224e-02 -5.41329458e-02 -1.36973128e-01  8.03640261e-02
  -9.20377672e-02 -1.01187266e-01 -7.19337985e-02 -4.98559885e-02
   3.95924076e-02  4.66025472e-02 -9.26579386e-02  3.46927159e-02
  -1.16243698e-01 -7.86861777e-02  1.32483421e-02 -1.33806884e-01
   6.11808188e-02 -1.08105198e-01  7.62322024e-02  2.38169134e-01
  -8.21225718e-02 -2.27966141e-02  1.19757010e-02  8.31909180e-02
   1.79690495e-02 -2.82810945e-02 -3.62244695e-02 -3.79268825e-02
   8.67338851e-02 -1.11163788e-01  1.36524335e-01 -5.86846769e-02
   6.46717772e-02 -3.61725152e-03 -3.74034159e-02  3.31174359e-02
   7.71477148e-02  8.47653896e-02 -2.23565381e-02 -1.42853245e-01
  -3.21403369e-02  4.40562610e-03 -1.15627564e-01 -4.20311019e-02
  -1.15085013e-01  8.51169750e-02 -4.46297154e-02  1.45479321e-01
  -1.11924492e-01 -7.81218708e-02 -2.46321429e-02 -1.12272993e-01
   1.19876467e-01  1.02089308e-01 -1.19207472e-01 -9.17122215e-02
  -1.07139587e-01 -5.61565012e-02  1.34374991e-01 -8.26062023e-06
  -9.33548659e-02  3.98576073e-02 -4.29496355e-02 -1.43887773e-02
   4.17559128e-03  2.61820443e-02  2.32611880e-01  1.55989289e-01
  -1.84269641e-02  2.04190370e-02 -8.87162015e-02 -7.30636045e-02
   9.30835679e-02 -5.43838367e-02 -8.48903880e-02  1.65806994e-01
   3.59986052e-02 -1.63350612e-01 -4.63322699e-02  1.21754728e-01
  -1.10840723e-01 -3.94008346e-02  4.86218520e-02 -7.26298615e-02
   2.29725108e-01  1.39127178e-02  1.57626182e-01 -1.46760404e-01
  -9.55847576e-02 -8.10726658e-02 -2.27965526e-02 -1.44653752e-01
   1.38664350e-01  6.25287518e-02 -8.87413323e-02 -8.22229311e-02
  -1.71793122e-02 -5.88775016e-02 -4.51993831e-02 -5.15314005e-02
  -9.71453339e-02 -2.06250083e-02 -7.11642653e-02 -8.20623264e-02
   3.15844715e-02 -1.94049422e-02  8.24138522e-02 -9.72766355e-02
  -3.98380980e-02 -1.03714250e-01 -1.13792449e-01 -1.21596359e-01
  -1.12849131e-01  6.47816458e-04  1.74445577e-03  6.42118379e-02
  -3.10250968e-02 -7.06607848e-02  3.25913541e-02 -6.20779097e-02]
 [-1.78243294e-02 -7.58946314e-02 -4.16098759e-02 -1.13016134e-02
  -6.82662204e-02 -1.67433582e-02 -3.96903977e-02 -9.46160592e-03
   6.24404103e-02  1.43313780e-02 -6.59877658e-02 -4.88621965e-02
   6.14669994e-02  1.27607301e-01 -8.82329941e-02  1.64251663e-02
  -2.35692542e-02  5.45949601e-02  2.54870057e-02  4.38771211e-02
   1.92744017e-01  1.19854569e-01 -7.83025697e-02  1.59113854e-01
   4.57208641e-02 -6.60940930e-02  1.71493664e-01 -2.44408380e-02
   8.83293301e-02 -5.00294752e-02 -8.14366564e-02  7.39345327e-02
   8.05292651e-02 -6.73405826e-02 -2.10955087e-02 -1.35175558e-02
   1.35255113e-01 -4.69961390e-02  2.51581818e-01 -8.68562385e-02
  -7.86810592e-02 -2.22960897e-02 -1.57119930e-02  5.21333292e-02
   1.24558739e-01 -7.69887045e-02  2.00116560e-02 -6.23097345e-02
  -1.13910912e-02  3.67721058e-02 -1.06665798e-01  1.89847350e-01
   2.45477900e-01 -6.70373291e-02  3.04681659e-02  2.06777111e-01
  -9.38385278e-02 -1.56135842e-01  5.96043877e-02 -7.68515989e-02
   5.55191860e-02  1.54735252e-01  2.25294992e-01 -7.21428469e-02
  -6.27838448e-02  1.63354158e-01 -3.01968120e-02 -2.50793956e-02
  -4.44025025e-02  1.81671083e-01  3.74941900e-03 -7.07027093e-02
   4.45367396e-02 -7.50683695e-02  5.73059320e-02 -8.12909678e-02
   7.38843307e-02 -5.32035567e-02 -3.16167921e-02 -1.04960576e-01
   1.17578506e-02 -4.96148653e-02 -8.38090926e-02  1.21318862e-01
   3.73331942e-02 -1.21762075e-01  9.85690206e-03  9.28810760e-02
  -1.55273704e-02 -3.30835171e-02 -8.71795341e-02  2.07665339e-01
   4.70197648e-02 -7.86729828e-02  7.24651441e-02  5.22884205e-02
   1.02586202e-01 -6.01662882e-02 -4.44904901e-02 -3.89596447e-03
  -6.68138415e-02 -6.19240440e-02 -2.76418123e-02 -3.98892537e-02
  -7.64397606e-02 -3.04462239e-02 -6.20193072e-02  1.69427320e-02
  -6.25372678e-02  4.99104410e-02 -1.20938458e-02  1.12487093e-01
   1.71778053e-01  5.20744808e-02  8.41109306e-02  2.18970869e-02
  -5.20170666e-02  1.30807638e-01 -3.26937251e-02 -1.18568270e-02
  -6.57990063e-03 -5.32746948e-02 -4.88981372e-03 -7.53045976e-02
   1.41720846e-02  1.80515982e-02  1.39239058e-01  5.76383471e-02]]
[[ 1.39582707e-02 -6.80965334e-02  5.68071101e-03 -1.34259760e-01
  -1.21352524e-02  5.65616190e-02  6.79879263e-02 -1.64430356e-03
  -6.78856224e-02 -5.41329458e-02 -1.36973128e-01  8.03640261e-02
  -9.20377672e-02 -1.01187266e-01 -7.19337985e-02 -4.98559885e-02
   3.95924076e-02  4.66025472e-02 -9.26579386e-02  3.46927159e-02
  -1.16243698e-01 -7.86861777e-02  1.32483421e-02 -1.33806884e-01
   6.11808188e-02 -1.08105198e-01  7.62322024e-02  2.38169134e-01
  -8.21225718e-02 -2.27966141e-02  1.19757010e-02  8.31909180e-02
   1.79690495e-02 -2.82810945e-02 -3.62244695e-02 -3.79268825e-02
   8.67338851e-02 -1.11163788e-01  1.36524335e-01 -5.86846769e-02
   6.46717772e-02 -3.61725152e-03 -3.74034159e-02  3.31174359e-02
   7.71477148e-02  8.47653896e-02 -2.23565381e-02 -1.42853245e-01
  -3.21403369e-02  4.40562610e-03 -1.15627564e-01 -4.20311019e-02
  -1.15085013e-01  8.51169750e-02 -4.46297154e-02  1.45479321e-01
  -1.11924492e-01 -7.81218708e-02 -2.46321429e-02 -1.12272993e-01
   1.19876467e-01  1.02089308e-01 -1.19207472e-01 -9.17122215e-02
  -1.07139587e-01 -5.61565012e-02  1.34374991e-01 -8.26062023e-06
  -9.33548659e-02  3.98576073e-02 -4.29496355e-02 -1.43887773e-02
   4.17559128e-03  2.61820443e-02  2.32611880e-01  1.55989289e-01
  -1.84269641e-02  2.04190370e-02 -8.87162015e-02 -7.30636045e-02
   9.30835679e-02 -5.43838367e-02 -8.48903880e-02  1.65806994e-01
   3.59986052e-02 -1.63350612e-01 -4.63322699e-02  1.21754728e-01
  -1.10840723e-01 -3.94008346e-02  4.86218520e-02 -7.26298615e-02
   2.29725108e-01  1.39127178e-02  1.57626182e-01 -1.46760404e-01
  -9.55847576e-02 -8.10726658e-02 -2.27965526e-02 -1.44653752e-01
   1.38664350e-01  6.25287518e-02 -8.87413323e-02 -8.22229311e-02
  -1.71793122e-02 -5.88775016e-02 -4.51993831e-02 -5.15314005e-02
  -9.71453339e-02 -2.06250083e-02 -7.11642653e-02 -8.20623264e-02
   3.15844715e-02 -1.94049422e-02  8.24138522e-02 -9.72766355e-02
  -3.98380980e-02 -1.03714250e-01 -1.13792449e-01 -1.21596359e-01
  -1.12849131e-01  6.47816458e-04  1.74445577e-03  6.42118379e-02
  -3.10250968e-02 -7.06607848e-02  3.25913541e-02 -6.20779097e-02]
 [-1.78243294e-02 -7.58946314e-02 -4.16098759e-02 -1.13016134e-02
  -6.82662204e-02 -1.67433582e-02 -3.96903977e-02 -9.46160592e-03
   6.24404103e-02  1.43313780e-02 -6.59877658e-02 -4.88621965e-02
   6.14669994e-02  1.27607301e-01 -8.82329941e-02  1.64251663e-02
  -2.35692542e-02  5.45949601e-02  2.54870057e-02  4.38771211e-02
   1.92744017e-01  1.19854569e-01 -7.83025697e-02  1.59113854e-01
   4.57208641e-02 -6.60940930e-02  1.71493664e-01 -2.44408380e-02
   8.83293301e-02 -5.00294752e-02 -8.14366564e-02  7.39345327e-02
   8.05292651e-02 -6.73405826e-02 -2.10955087e-02 -1.35175558e-02
   1.35255113e-01 -4.69961390e-02  2.51581818e-01 -8.68562385e-02
  -7.86810592e-02 -2.22960897e-02 -1.57119930e-02  5.21333292e-02
   1.24558739e-01 -7.69887045e-02  2.00116560e-02 -6.23097345e-02
  -1.13910912e-02  3.67721058e-02 -1.06665798e-01  1.89847350e-01
   2.45477900e-01 -6.70373291e-02  3.04681659e-02  2.06777111e-01
  -9.38385278e-02 -1.56135842e-01  5.96043877e-02 -7.68515989e-02
   5.55191860e-02  1.54735252e-01  2.25294992e-01 -7.21428469e-02
  -6.27838448e-02  1.63354158e-01 -3.01968120e-02 -2.50793956e-02
  -4.44025025e-02  1.81671083e-01  3.74941900e-03 -7.07027093e-02
   4.45367396e-02 -7.50683695e-02  5.73059320e-02 -8.12909678e-02
   7.38843307e-02 -5.32035567e-02 -3.16167921e-02 -1.04960576e-01
   1.17578506e-02 -4.96148653e-02 -8.38090926e-02  1.21318862e-01
   3.73331942e-02 -1.21762075e-01  9.85690206e-03  9.28810760e-02
  -1.55273704e-02 -3.30835171e-02 -8.71795341e-02  2.07665339e-01
   4.70197648e-02 -7.86729828e-02  7.24651441e-02  5.22884205e-02
   1.02586202e-01 -6.01662882e-02 -4.44904901e-02 -3.89596447e-03
  -6.68138415e-02 -6.19240440e-02 -2.76418123e-02 -3.98892537e-02
  -7.64397606e-02 -3.04462239e-02 -6.20193072e-02  1.69427320e-02
  -6.25372678e-02  4.99104410e-02 -1.20938458e-02  1.12487093e-01
   1.71778053e-01  5.20744808e-02  8.41109306e-02  2.18970869e-02
  -5.20170666e-02  1.30807638e-01 -3.26937251e-02 -1.18568270e-02
  -6.57990063e-03 -5.32746948e-02 -4.88981372e-03 -7.53045976e-02
   1.41720846e-02  1.80515982e-02  1.39239058e-01  5.76383471e-02]]
