[[ 0.02775096 -0.07904531 -0.02681735 -0.12284884 -0.00949579  0.04435362
   0.0373031  -0.01415483 -0.09622794 -0.05552097 -0.12517329  0.0515779
  -0.10452332 -0.10328841 -0.10257788 -0.02603638  0.05180089 -0.00449622
  -0.09086169  0.04478945 -0.11881333 -0.09020999  0.0023197  -0.13795961
   0.0989493  -0.09510943  0.05131989  0.24651383 -0.07689974 -0.02884041
  -0.013569    0.10152191 -0.01071817 -0.0271282  -0.04524207 -0.01291486
   0.06845863 -0.10099784  0.14653099 -0.07035647  0.03225781 -0.00405766
  -0.03683666  0.01284061  0.06697901 -0.0076943   0.02930981 -0.14220953
  -0.03052692  0.02473371 -0.14196919 -0.00869406 -0.12095338  0.09130768
  -0.00769319  0.17545629 -0.09976649 -0.04486673 -0.00545306 -0.10621864
   0.06986951  0.1432253  -0.11249523 -0.07175081 -0.09621847 -0.02647998
   0.16305687  0.01033221 -0.07671398  0.04595442 -0.03093522 -0.00599343
   0.00385421  0.01191403  0.25213248  0.12877671 -0.0014531  -0.02117801
  -0.08225728 -0.0763522   0.07990274 -0.07068427 -0.09776695  0.15242375
   0.00257648 -0.19468658 -0.02206871  0.12116294 -0.096182    0.00709087
   0.06148985 -0.06731036  0.17940497  0.06247425  0.21788485 -0.12336277
  -0.11295415 -0.07178027 -0.04756481 -0.10378928  0.13590002  0.04899343
  -0.06854003 -0.09156339 -0.00958037 -0.08117016 -0.02656836 -0.05772407
  -0.08194997 -0.00123223 -0.05629985 -0.08116753  0.03692835 -0.00491504
   0.09641875 -0.11521953 -0.02103332 -0.10281424 -0.11375461 -0.10749075
  -0.10494927  0.01320042 -0.01806406  0.05246897 -0.0538587  -0.05755849
   0.1147354  -0.06191121]
 [-0.02192718 -0.07921217 -0.03875131  0.0008364  -0.06775066 -0.02653962
  -0.04414403 -0.00304257  0.03626779  0.01678931 -0.07480793 -0.0440097
   0.03765292  0.14252864 -0.09204431  0.03206081 -0.03405868  0.03146053
   0.0180976   0.05432418  0.18919547  0.10807826 -0.0912701   0.13997816
   0.01821291 -0.07237639  0.17699659 -0.02302385  0.05461019 -0.05329612
  -0.08411208  0.07129993  0.07615434 -0.07152826 -0.01779996  0.00216077
   0.13793199 -0.04926473  0.27598903 -0.09080762 -0.07803663 -0.02292673
  -0.02077984  0.04573299  0.11383813 -0.08152563  0.0225344  -0.06634319
  -0.01828551  0.01470473 -0.11095676  0.20053169  0.23648296 -0.07175708
   0.02378287  0.19825567 -0.09697261 -0.16663268  0.06602499 -0.07671433
   0.05517479  0.13861047  0.23362496 -0.07930139 -0.06097953  0.1282147
  -0.02845747 -0.01400873 -0.05261469  0.18277277  0.02912397 -0.07049961
   0.03380231 -0.07108859  0.04830573 -0.08743677  0.07835197 -0.05364325
  -0.03434476 -0.11211681  0.03392742 -0.03934079 -0.08576003  0.11166599
   0.0333481  -0.12514378  0.00898056  0.08846084 -0.01214375 -0.04193331
  -0.09125245  0.21811503  0.03399332 -0.07913598  0.07245328  0.03162203
   0.09163114 -0.07124425 -0.04410502 -0.01115272 -0.07184379 -0.06145809
  -0.03718067 -0.04094123 -0.08597258 -0.01701942 -0.06833729  0.0170669
  -0.06528528  0.04435718 -0.03740841  0.12414646  0.16251984  0.04182804
   0.09247527 -0.00810906 -0.04923147  0.13310419 -0.0238334  -0.01256085
  -0.00052746 -0.05959672 -0.01446028 -0.07426516  0.01460366  0.03974064
   0.12466915  0.06570379]]
[[ 0.02775096 -0.07904531 -0.02681735 -0.12284884 -0.00949579  0.04435362
   0.0373031  -0.01415483 -0.09622794 -0.05552097 -0.12517329  0.0515779
  -0.10452332 -0.10328841 -0.10257788 -0.02603638  0.05180089 -0.00449622
  -0.09086169  0.04478945 -0.11881333 -0.09020999  0.0023197  -0.13795961
   0.0989493  -0.09510943  0.05131989  0.24651383 -0.07689974 -0.02884041
  -0.013569    0.10152191 -0.01071817 -0.0271282  -0.04524207 -0.01291486
   0.06845863 -0.10099784  0.14653099 -0.07035647  0.03225781 -0.00405766
  -0.03683666  0.01284061  0.06697901 -0.0076943   0.02930981 -0.14220953
  -0.03052692  0.02473371 -0.14196919 -0.00869406 -0.12095338  0.09130768
  -0.00769319  0.17545629 -0.09976649 -0.04486673 -0.00545306 -0.10621864
   0.06986951  0.1432253  -0.11249523 -0.07175081 -0.09621847 -0.02647998
   0.16305687  0.01033221 -0.07671398  0.04595442 -0.03093522 -0.00599343
   0.00385421  0.01191403  0.25213248  0.12877671 -0.0014531  -0.02117801
  -0.08225728 -0.0763522   0.07990274 -0.07068427 -0.09776695  0.15242375
   0.00257648 -0.19468658 -0.02206871  0.12116294 -0.096182    0.00709087
   0.06148985 -0.06731036  0.17940497  0.06247425  0.21788485 -0.12336277
  -0.11295415 -0.07178027 -0.04756481 -0.10378928  0.13590002  0.04899343
  -0.06854003 -0.09156339 -0.00958037 -0.08117016 -0.02656836 -0.05772407
  -0.08194997 -0.00123223 -0.05629985 -0.08116753  0.03692835 -0.00491504
   0.09641875 -0.11521953 -0.02103332 -0.10281424 -0.11375461 -0.10749075
  -0.10494927  0.01320042 -0.01806406  0.05246897 -0.0538587  -0.05755849
   0.1147354  -0.06191121]
 [-0.02192718 -0.07921217 -0.03875131  0.0008364  -0.06775066 -0.02653962
  -0.04414403 -0.00304257  0.03626779  0.01678931 -0.07480793 -0.0440097
   0.03765292  0.14252864 -0.09204431  0.03206081 -0.03405868  0.03146053
   0.0180976   0.05432418  0.18919547  0.10807826 -0.0912701   0.13997816
   0.01821291 -0.07237639  0.17699659 -0.02302385  0.05461019 -0.05329612
  -0.08411208  0.07129993  0.07615434 -0.07152826 -0.01779996  0.00216077
   0.13793199 -0.04926473  0.27598903 -0.09080762 -0.07803663 -0.02292673
  -0.02077984  0.04573299  0.11383813 -0.08152563  0.0225344  -0.06634319
  -0.01828551  0.01470473 -0.11095676  0.20053169  0.23648296 -0.07175708
   0.02378287  0.19825567 -0.09697261 -0.16663268  0.06602499 -0.07671433
   0.05517479  0.13861047  0.23362496 -0.07930139 -0.06097953  0.1282147
  -0.02845747 -0.01400873 -0.05261469  0.18277277  0.02912397 -0.07049961
   0.03380231 -0.07108859  0.04830573 -0.08743677  0.07835197 -0.05364325
  -0.03434476 -0.11211681  0.03392742 -0.03934079 -0.08576003  0.11166599
   0.0333481  -0.12514378  0.00898056  0.08846084 -0.01214375 -0.04193331
  -0.09125245  0.21811503  0.03399332 -0.07913598  0.07245328  0.03162203
   0.09163114 -0.07124425 -0.04410502 -0.01115272 -0.07184379 -0.06145809
  -0.03718067 -0.04094123 -0.08597258 -0.01701942 -0.06833729  0.0170669
  -0.06528528  0.04435718 -0.03740841  0.12414646  0.16251984  0.04182804
   0.09247527 -0.00810906 -0.04923147  0.13310419 -0.0238334  -0.01256085
  -0.00052746 -0.05959672 -0.01446028 -0.07426516  0.01460366  0.03974064
   0.12466915  0.06570379]]
[[ 0.02775096 -0.07904531 -0.02681735 -0.12284884 -0.00949579  0.04435362
   0.0373031  -0.01415483 -0.09622794 -0.05552097 -0.12517329  0.0515779
  -0.10452332 -0.10328841 -0.10257788 -0.02603638  0.05180089 -0.00449622
  -0.09086169  0.04478945 -0.11881333 -0.09020999  0.0023197  -0.13795961
   0.0989493  -0.09510943  0.05131989  0.24651383 -0.07689974 -0.02884041
  -0.013569    0.10152191 -0.01071817 -0.0271282  -0.04524207 -0.01291486
   0.06845863 -0.10099784  0.14653099 -0.07035647  0.03225781 -0.00405766
  -0.03683666  0.01284061  0.06697901 -0.0076943   0.02930981 -0.14220953
  -0.03052692  0.02473371 -0.14196919 -0.00869406 -0.12095338  0.09130768
  -0.00769319  0.17545629 -0.09976649 -0.04486673 -0.00545306 -0.10621864
   0.06986951  0.1432253  -0.11249523 -0.07175081 -0.09621847 -0.02647998
   0.16305687  0.01033221 -0.07671398  0.04595442 -0.03093522 -0.00599343
   0.00385421  0.01191403  0.25213248  0.12877671 -0.0014531  -0.02117801
  -0.08225728 -0.0763522   0.07990274 -0.07068427 -0.09776695  0.15242375
   0.00257648 -0.19468658 -0.02206871  0.12116294 -0.096182    0.00709087
   0.06148985 -0.06731036  0.17940497  0.06247425  0.21788485 -0.12336277
  -0.11295415 -0.07178027 -0.04756481 -0.10378928  0.13590002  0.04899343
  -0.06854003 -0.09156339 -0.00958037 -0.08117016 -0.02656836 -0.05772407
  -0.08194997 -0.00123223 -0.05629985 -0.08116753  0.03692835 -0.00491504
   0.09641875 -0.11521953 -0.02103332 -0.10281424 -0.11375461 -0.10749075
  -0.10494927  0.01320042 -0.01806406  0.05246897 -0.0538587  -0.05755849
   0.1147354  -0.06191121]
 [-0.02192718 -0.07921217 -0.03875131  0.0008364  -0.06775066 -0.02653962
  -0.04414403 -0.00304257  0.03626779  0.01678931 -0.07480793 -0.0440097
   0.03765292  0.14252864 -0.09204431  0.03206081 -0.03405868  0.03146053
   0.0180976   0.05432418  0.18919547  0.10807826 -0.0912701   0.13997816
   0.01821291 -0.07237639  0.17699659 -0.02302385  0.05461019 -0.05329612
  -0.08411208  0.07129993  0.07615434 -0.07152826 -0.01779996  0.00216077
   0.13793199 -0.04926473  0.27598903 -0.09080762 -0.07803663 -0.02292673
  -0.02077984  0.04573299  0.11383813 -0.08152563  0.0225344  -0.06634319
  -0.01828551  0.01470473 -0.11095676  0.20053169  0.23648296 -0.07175708
   0.02378287  0.19825567 -0.09697261 -0.16663268  0.06602499 -0.07671433
   0.05517479  0.13861047  0.23362496 -0.07930139 -0.06097953  0.1282147
  -0.02845747 -0.01400873 -0.05261469  0.18277277  0.02912397 -0.07049961
   0.03380231 -0.07108859  0.04830573 -0.08743677  0.07835197 -0.05364325
  -0.03434476 -0.11211681  0.03392742 -0.03934079 -0.08576003  0.11166599
   0.0333481  -0.12514378  0.00898056  0.08846084 -0.01214375 -0.04193331
  -0.09125245  0.21811503  0.03399332 -0.07913598  0.07245328  0.03162203
   0.09163114 -0.07124425 -0.04410502 -0.01115272 -0.07184379 -0.06145809
  -0.03718067 -0.04094123 -0.08597258 -0.01701942 -0.06833729  0.0170669
  -0.06528528  0.04435718 -0.03740841  0.12414646  0.16251984  0.04182804
   0.09247527 -0.00810906 -0.04923147  0.13310419 -0.0238334  -0.01256085
  -0.00052746 -0.05959672 -0.01446028 -0.07426516  0.01460366  0.03974064
   0.12466915  0.06570379]]
