[[ 0.01437362 -0.08306275 -0.0042236  -0.14972097  0.00808437  0.05524306
   0.09250578 -0.01526676 -0.0505514  -0.02566201 -0.1434933   0.10743967
  -0.09124593 -0.09043919 -0.05423421 -0.03969326  0.02836082  0.07496059
  -0.08733018  0.01719781 -0.1204007  -0.07268693  0.01717585 -0.12798038
   0.02211645 -0.11894486  0.07622793  0.23570378 -0.09168439 -0.05517222
   0.00910389  0.06585591 -0.01569219 -0.04072725  0.03536312 -0.03355694
   0.05351911 -0.12933654  0.1134619  -0.02766763  0.10277226  0.00936005
  -0.02669306  0.05647016  0.07029314  0.13348828 -0.00415002 -0.1404572
  -0.02937336 -0.02346312 -0.10812164 -0.07085649 -0.11249442  0.06601367
  -0.05715702  0.11404209 -0.13451615 -0.06109311 -0.04165618 -0.10951713
   0.12064942  0.08144813 -0.11524681 -0.09636459 -0.10685351 -0.1059562
   0.12232709 -0.01543262 -0.11010066  0.03847581 -0.0507905  -0.0162951
  -0.00123596  0.03203056  0.21475308  0.17804731 -0.06570369  0.06154561
  -0.07850041 -0.07302005  0.09688575 -0.08673811 -0.08140066  0.17521805
   0.07243342 -0.12246002 -0.04485407  0.09511746 -0.11105666 -0.08555079
   0.06819042 -0.09772715  0.21339656  0.04547176  0.12103711 -0.1540571
  -0.10241985 -0.07929084 -0.0054529  -0.13847865  0.11548625  0.0503988
  -0.08739097 -0.0601792   0.00364732 -0.02907292 -0.04188658 -0.04002243
  -0.11144513 -0.02234803 -0.08392863 -0.07284018  0.04311311 -0.00979241
   0.03591047 -0.11484253 -0.04877543 -0.10017168 -0.09864853 -0.12810247
  -0.12249577 -0.02313629  0.01248508  0.03563479 -0.02220837 -0.08519975
  -0.00893626 -0.06085773]
 [-0.01592041 -0.07236359 -0.06124394 -0.03267296 -0.06884236  0.00900657
  -0.02625764 -0.01414503  0.0442712   0.00851846 -0.06184031 -0.05495835
   0.06607207  0.12371448 -0.08475991  0.00701644 -0.0115189   0.07408413
   0.00536205  0.03934182  0.19219993  0.12613022 -0.07164872  0.16328487
   0.06038307 -0.06251948  0.15672001 -0.02076582  0.08440001 -0.04739584
  -0.08100129  0.07657883  0.08383318 -0.05523492 -0.01929143 -0.01403941
   0.14786918 -0.03951758  0.24753249 -0.08161093 -0.07690603 -0.03774038
  -0.02492008  0.06962266  0.1166412  -0.07181771  0.02908002 -0.06105069
  -0.01214341  0.02574857 -0.10583021  0.18572916  0.24577047 -0.0663311
   0.04327927  0.19544002 -0.08739123 -0.15172827  0.06879541 -0.08048845
   0.06339742  0.14292622  0.22431111 -0.06887309 -0.0672263   0.18503243
  -0.03276107 -0.03204927 -0.03746321  0.17905325  0.00525906 -0.07146857
   0.05850431 -0.08314091  0.0705827  -0.07936065  0.06664107 -0.04918193
  -0.03305315 -0.09797511  0.00314322 -0.05319483 -0.08227186  0.10712352
   0.03669821 -0.11824614  0.01401985  0.093143   -0.03246612 -0.04511672
  -0.08686331  0.21920212  0.05119736 -0.07667261  0.07944615  0.06769823
   0.11747305 -0.05785698 -0.04764612  0.01260282 -0.05689383 -0.06558023
  -0.01849353 -0.04415194 -0.07536478 -0.01744214 -0.05567937  0.0281472
  -0.06620929  0.05893095  0.00057599  0.10760839  0.1832104   0.05366114
   0.06843623  0.04427078 -0.05240412  0.12075693 -0.02383653  0.00344473
  -0.01723857 -0.05581691 -0.0079432  -0.07515861  0.01051217  0.01305842
   0.1366332   0.03651476]]
[[ 0.01437362 -0.08306275 -0.0042236  -0.14972097  0.00808437  0.05524306
   0.09250578 -0.01526676 -0.0505514  -0.02566201 -0.1434933   0.10743967
  -0.09124593 -0.09043919 -0.05423421 -0.03969326  0.02836082  0.07496059
  -0.08733018  0.01719781 -0.1204007  -0.07268693  0.01717585 -0.12798038
   0.02211645 -0.11894486  0.07622793  0.23570378 -0.09168439 -0.05517222
   0.00910389  0.06585591 -0.01569219 -0.04072725  0.03536312 -0.03355694
   0.05351911 -0.12933654  0.1134619  -0.02766763  0.10277226  0.00936005
  -0.02669306  0.05647016  0.07029314  0.13348828 -0.00415002 -0.1404572
  -0.02937336 -0.02346312 -0.10812164 -0.07085649 -0.11249442  0.06601367
  -0.05715702  0.11404209 -0.13451615 -0.06109311 -0.04165618 -0.10951713
   0.12064942  0.08144813 -0.11524681 -0.09636459 -0.10685351 -0.1059562
   0.12232709 -0.01543262 -0.11010066  0.03847581 -0.0507905  -0.0162951
  -0.00123596  0.03203056  0.21475308  0.17804731 -0.06570369  0.06154561
  -0.07850041 -0.07302005  0.09688575 -0.08673811 -0.08140066  0.17521805
   0.07243342 -0.12246002 -0.04485407  0.09511746 -0.11105666 -0.08555079
   0.06819042 -0.09772715  0.21339656  0.04547176  0.12103711 -0.1540571
  -0.10241985 -0.07929084 -0.0054529  -0.13847865  0.11548625  0.0503988
  -0.08739097 -0.0601792   0.00364732 -0.02907292 -0.04188658 -0.04002243
  -0.11144513 -0.02234803 -0.08392863 -0.07284018  0.04311311 -0.00979241
   0.03591047 -0.11484253 -0.04877543 -0.10017168 -0.09864853 -0.12810247
  -0.12249577 -0.02313629  0.01248508  0.03563479 -0.02220837 -0.08519975
  -0.00893626 -0.06085773]
 [-0.01592041 -0.07236359 -0.06124394 -0.03267296 -0.06884236  0.00900657
  -0.02625764 -0.01414503  0.0442712   0.00851846 -0.06184031 -0.05495835
   0.06607207  0.12371448 -0.08475991  0.00701644 -0.0115189   0.07408413
   0.00536205  0.03934182  0.19219993  0.12613022 -0.07164872  0.16328487
   0.06038307 -0.06251948  0.15672001 -0.02076582  0.08440001 -0.04739584
  -0.08100129  0.07657883  0.08383318 -0.05523492 -0.01929143 -0.01403941
   0.14786918 -0.03951758  0.24753249 -0.08161093 -0.07690603 -0.03774038
  -0.02492008  0.06962266  0.1166412  -0.07181771  0.02908002 -0.06105069
  -0.01214341  0.02574857 -0.10583021  0.18572916  0.24577047 -0.0663311
   0.04327927  0.19544002 -0.08739123 -0.15172827  0.06879541 -0.08048845
   0.06339742  0.14292622  0.22431111 -0.06887309 -0.0672263   0.18503243
  -0.03276107 -0.03204927 -0.03746321  0.17905325  0.00525906 -0.07146857
   0.05850431 -0.08314091  0.0705827  -0.07936065  0.06664107 -0.04918193
  -0.03305315 -0.09797511  0.00314322 -0.05319483 -0.08227186  0.10712352
   0.03669821 -0.11824614  0.01401985  0.093143   -0.03246612 -0.04511672
  -0.08686331  0.21920212  0.05119736 -0.07667261  0.07944615  0.06769823
   0.11747305 -0.05785698 -0.04764612  0.01260282 -0.05689383 -0.06558023
  -0.01849353 -0.04415194 -0.07536478 -0.01744214 -0.05567937  0.0281472
  -0.06620929  0.05893095  0.00057599  0.10760839  0.1832104   0.05366114
   0.06843623  0.04427078 -0.05240412  0.12075693 -0.02383653  0.00344473
  -0.01723857 -0.05581691 -0.0079432  -0.07515861  0.01051217  0.01305842
   0.1366332   0.03651476]]
[[ 0.01437362 -0.08306275 -0.0042236  -0.14972097  0.00808437  0.05524306
   0.09250578 -0.01526676 -0.0505514  -0.02566201 -0.1434933   0.10743967
  -0.09124593 -0.09043919 -0.05423421 -0.03969326  0.02836082  0.07496059
  -0.08733018  0.01719781 -0.1204007  -0.07268693  0.01717585 -0.12798038
   0.02211645 -0.11894486  0.07622793  0.23570378 -0.09168439 -0.05517222
   0.00910389  0.06585591 -0.01569219 -0.04072725  0.03536312 -0.03355694
   0.05351911 -0.12933654  0.1134619  -0.02766763  0.10277226  0.00936005
  -0.02669306  0.05647016  0.07029314  0.13348828 -0.00415002 -0.1404572
  -0.02937336 -0.02346312 -0.10812164 -0.07085649 -0.11249442  0.06601367
  -0.05715702  0.11404209 -0.13451615 -0.06109311 -0.04165618 -0.10951713
   0.12064942  0.08144813 -0.11524681 -0.09636459 -0.10685351 -0.1059562
   0.12232709 -0.01543262 -0.11010066  0.03847581 -0.0507905  -0.0162951
  -0.00123596  0.03203056  0.21475308  0.17804731 -0.06570369  0.06154561
  -0.07850041 -0.07302005  0.09688575 -0.08673811 -0.08140066  0.17521805
   0.07243342 -0.12246002 -0.04485407  0.09511746 -0.11105666 -0.08555079
   0.06819042 -0.09772715  0.21339656  0.04547176  0.12103711 -0.1540571
  -0.10241985 -0.07929084 -0.0054529  -0.13847865  0.11548625  0.0503988
  -0.08739097 -0.0601792   0.00364732 -0.02907292 -0.04188658 -0.04002243
  -0.11144513 -0.02234803 -0.08392863 -0.07284018  0.04311311 -0.00979241
   0.03591047 -0.11484253 -0.04877543 -0.10017168 -0.09864853 -0.12810247
  -0.12249577 -0.02313629  0.01248508  0.03563479 -0.02220837 -0.08519975
  -0.00893626 -0.06085773]
 [-0.01592041 -0.07236359 -0.06124394 -0.03267296 -0.06884236  0.00900657
  -0.02625764 -0.01414503  0.0442712   0.00851846 -0.06184031 -0.05495835
   0.06607207  0.12371448 -0.08475991  0.00701644 -0.0115189   0.07408413
   0.00536205  0.03934182  0.19219993  0.12613022 -0.07164872  0.16328487
   0.06038307 -0.06251948  0.15672001 -0.02076582  0.08440001 -0.04739584
  -0.08100129  0.07657883  0.08383318 -0.05523492 -0.01929143 -0.01403941
   0.14786918 -0.03951758  0.24753249 -0.08161093 -0.07690603 -0.03774038
  -0.02492008  0.06962266  0.1166412  -0.07181771  0.02908002 -0.06105069
  -0.01214341  0.02574857 -0.10583021  0.18572916  0.24577047 -0.0663311
   0.04327927  0.19544002 -0.08739123 -0.15172827  0.06879541 -0.08048845
   0.06339742  0.14292622  0.22431111 -0.06887309 -0.0672263   0.18503243
  -0.03276107 -0.03204927 -0.03746321  0.17905325  0.00525906 -0.07146857
   0.05850431 -0.08314091  0.0705827  -0.07936065  0.06664107 -0.04918193
  -0.03305315 -0.09797511  0.00314322 -0.05319483 -0.08227186  0.10712352
   0.03669821 -0.11824614  0.01401985  0.093143   -0.03246612 -0.04511672
  -0.08686331  0.21920212  0.05119736 -0.07667261  0.07944615  0.06769823
   0.11747305 -0.05785698 -0.04764612  0.01260282 -0.05689383 -0.06558023
  -0.01849353 -0.04415194 -0.07536478 -0.01744214 -0.05567937  0.0281472
  -0.06620929  0.05893095  0.00057599  0.10760839  0.1832104   0.05366114
   0.06843623  0.04427078 -0.05240412  0.12075693 -0.02383653  0.00344473
  -0.01723857 -0.05581691 -0.0079432  -0.07515861  0.01051217  0.01305842
   0.1366332   0.03651476]]
