[[ 0.04806429 -0.06317896  0.0308103  -0.09155311  0.03140413  0.00477053
  -0.03041351  0.01024618 -0.08300577 -0.08637706 -0.1255      0.06450311
  -0.10207846 -0.10262741 -0.10716633  0.00634009  0.04976619 -0.03586977
  -0.06203414  0.12494696 -0.11637685 -0.06345433 -0.05434052 -0.1235785
   0.17131738 -0.05131067 -0.04204052  0.19772846 -0.05809443 -0.03408964
  -0.03044251  0.07297725  0.00726248 -0.00222242 -0.04250053 -0.0020782
   0.10947763 -0.08290571  0.08881929 -0.06077521 -0.0072959   0.02268576
  -0.0029059  -0.02433643  0.06999515 -0.03270911 -0.02417073 -0.13025142
  -0.0334658   0.10634063 -0.1205733   0.00161129 -0.11882733  0.064801
   0.02808949  0.18749304 -0.0987502  -0.00947118  0.04997317 -0.10338201
   0.05929649  0.15961708 -0.09186925 -0.11057077 -0.0515676   0.02737793
   0.19203275  0.10415966 -0.06086765  0.02046906  0.02249725 -0.04644964
   0.02545611 -0.03951823  0.17432038  0.10058387  0.04597957 -0.03725787
  -0.04275825 -0.02423227  0.07792596 -0.02585544 -0.10494859  0.17890407
  -0.04225209 -0.18835583  0.04224155  0.06804498 -0.07722392  0.06987156
   0.03715292 -0.08235145  0.17823386  0.06273639  0.21374607 -0.1479608
  -0.11297636 -0.08816465 -0.05857785 -0.0800346   0.13675664  0.08373987
  -0.0506512  -0.09061088 -0.01659097 -0.08319104 -0.02801945 -0.11291645
  -0.05157036  0.01549153 -0.09113017 -0.08961511 -0.01116072  0.02042145
   0.17276345 -0.12445858  0.03199602 -0.09286695 -0.12147368 -0.10115035
  -0.10756686  0.10182416 -0.02023675  0.08021577 -0.0595891  -0.02488542
   0.10753591 -0.08874656]
 [-0.01276359 -0.06734504 -0.01318026  0.01020559 -0.06134203 -0.04143263
  -0.05590885 -0.02378855  0.00072479 -0.01282919 -0.0729054  -0.05804284
   0.02222094  0.14181446 -0.10217623  0.02571228  0.01114437  0.04600632
  -0.01809875  0.07722563  0.18177305  0.11540769 -0.08836565  0.126576
   0.05683542 -0.07956751  0.15970424 -0.02290504  0.01237363 -0.05835352
  -0.09224005  0.06728416  0.04290288 -0.0770794  -0.02036783 -0.00127113
   0.14976183 -0.02662778  0.2469321  -0.09214605 -0.06849063 -0.03512426
  -0.06513096  0.05892118  0.0697083  -0.09710692  0.02194298 -0.08736695
  -0.02472403  0.01647457 -0.11984178  0.21708244  0.18734673 -0.05753445
   0.07249489  0.21189214 -0.11477222 -0.15582164  0.08830231 -0.06952982
   0.00849036  0.12359469  0.20754899 -0.05820075 -0.06505089  0.16837324
  -0.05009954 -0.02158562 -0.05980428  0.1556282   0.05602321 -0.07500924
   0.00432666 -0.08165312  0.08256081 -0.09910363  0.07486183 -0.05107426
  -0.05407949 -0.11797124  0.06333899 -0.00613208 -0.09054767  0.12630115
   0.0244     -0.12221925 -0.00755196  0.09575674 -0.02682678 -0.03115023
  -0.0872812   0.22669171  0.01598223 -0.07810515  0.17222619  0.00975206
   0.05502196 -0.07938983 -0.0472945   0.01160335 -0.06096929 -0.07336885
  -0.04687523 -0.04590774 -0.09411661 -0.04906568 -0.0823509   0.0082773
  -0.06623527  0.02335983 -0.04851748  0.11189476  0.13507172  0.03049385
   0.09857019 -0.0173725  -0.05592836  0.1439032  -0.02759482 -0.03533329
   0.01260165 -0.04687371 -0.01468438 -0.07600619  0.01121826  0.00049223
   0.08962347  0.09937577]]
[[ 0.04806429 -0.06317896  0.0308103  -0.09155311  0.03140413  0.00477053
  -0.03041351  0.01024618 -0.08300577 -0.08637706 -0.1255      0.06450311
  -0.10207846 -0.10262741 -0.10716633  0.00634009  0.04976619 -0.03586977
  -0.06203414  0.12494696 -0.11637685 -0.06345433 -0.05434052 -0.1235785
   0.17131738 -0.05131067 -0.04204052  0.19772846 -0.05809443 -0.03408964
  -0.03044251  0.07297725  0.00726248 -0.00222242 -0.04250053 -0.0020782
   0.10947763 -0.08290571  0.08881929 -0.06077521 -0.0072959   0.02268576
  -0.0029059  -0.02433643  0.06999515 -0.03270911 -0.02417073 -0.13025142
  -0.0334658   0.10634063 -0.1205733   0.00161129 -0.11882733  0.064801
   0.02808949  0.18749304 -0.0987502  -0.00947118  0.04997317 -0.10338201
   0.05929649  0.15961708 -0.09186925 -0.11057077 -0.0515676   0.02737793
   0.19203275  0.10415966 -0.06086765  0.02046906  0.02249725 -0.04644964
   0.02545611 -0.03951823  0.17432038  0.10058387  0.04597957 -0.03725787
  -0.04275825 -0.02423227  0.07792596 -0.02585544 -0.10494859  0.17890407
  -0.04225209 -0.18835583  0.04224155  0.06804498 -0.07722392  0.06987156
   0.03715292 -0.08235145  0.17823386  0.06273639  0.21374607 -0.1479608
  -0.11297636 -0.08816465 -0.05857785 -0.0800346   0.13675664  0.08373987
  -0.0506512  -0.09061088 -0.01659097 -0.08319104 -0.02801945 -0.11291645
  -0.05157036  0.01549153 -0.09113017 -0.08961511 -0.01116072  0.02042145
   0.17276345 -0.12445858  0.03199602 -0.09286695 -0.12147368 -0.10115035
  -0.10756686  0.10182416 -0.02023675  0.08021577 -0.0595891  -0.02488542
   0.10753591 -0.08874656]
 [-0.01276359 -0.06734504 -0.01318026  0.01020559 -0.06134203 -0.04143263
  -0.05590885 -0.02378855  0.00072479 -0.01282919 -0.0729054  -0.05804284
   0.02222094  0.14181446 -0.10217623  0.02571228  0.01114437  0.04600632
  -0.01809875  0.07722563  0.18177305  0.11540769 -0.08836565  0.126576
   0.05683542 -0.07956751  0.15970424 -0.02290504  0.01237363 -0.05835352
  -0.09224005  0.06728416  0.04290288 -0.0770794  -0.02036783 -0.00127113
   0.14976183 -0.02662778  0.2469321  -0.09214605 -0.06849063 -0.03512426
  -0.06513096  0.05892118  0.0697083  -0.09710692  0.02194298 -0.08736695
  -0.02472403  0.01647457 -0.11984178  0.21708244  0.18734673 -0.05753445
   0.07249489  0.21189214 -0.11477222 -0.15582164  0.08830231 -0.06952982
   0.00849036  0.12359469  0.20754899 -0.05820075 -0.06505089  0.16837324
  -0.05009954 -0.02158562 -0.05980428  0.1556282   0.05602321 -0.07500924
   0.00432666 -0.08165312  0.08256081 -0.09910363  0.07486183 -0.05107426
  -0.05407949 -0.11797124  0.06333899 -0.00613208 -0.09054767  0.12630115
   0.0244     -0.12221925 -0.00755196  0.09575674 -0.02682678 -0.03115023
  -0.0872812   0.22669171  0.01598223 -0.07810515  0.17222619  0.00975206
   0.05502196 -0.07938983 -0.0472945   0.01160335 -0.06096929 -0.07336885
  -0.04687523 -0.04590774 -0.09411661 -0.04906568 -0.0823509   0.0082773
  -0.06623527  0.02335983 -0.04851748  0.11189476  0.13507172  0.03049385
   0.09857019 -0.0173725  -0.05592836  0.1439032  -0.02759482 -0.03533329
   0.01260165 -0.04687371 -0.01468438 -0.07600619  0.01121826  0.00049223
   0.08962347  0.09937577]]
[[ 0.04806429 -0.06317896  0.0308103  -0.09155311  0.03140413  0.00477053
  -0.03041351  0.01024618 -0.08300577 -0.08637706 -0.1255      0.06450311
  -0.10207846 -0.10262741 -0.10716633  0.00634009  0.04976619 -0.03586977
  -0.06203414  0.12494696 -0.11637685 -0.06345433 -0.05434052 -0.1235785
   0.17131738 -0.05131067 -0.04204052  0.19772846 -0.05809443 -0.03408964
  -0.03044251  0.07297725  0.00726248 -0.00222242 -0.04250053 -0.0020782
   0.10947763 -0.08290571  0.08881929 -0.06077521 -0.0072959   0.02268576
  -0.0029059  -0.02433643  0.06999515 -0.03270911 -0.02417073 -0.13025142
  -0.0334658   0.10634063 -0.1205733   0.00161129 -0.11882733  0.064801
   0.02808949  0.18749304 -0.0987502  -0.00947118  0.04997317 -0.10338201
   0.05929649  0.15961708 -0.09186925 -0.11057077 -0.0515676   0.02737793
   0.19203275  0.10415966 -0.06086765  0.02046906  0.02249725 -0.04644964
   0.02545611 -0.03951823  0.17432038  0.10058387  0.04597957 -0.03725787
  -0.04275825 -0.02423227  0.07792596 -0.02585544 -0.10494859  0.17890407
  -0.04225209 -0.18835583  0.04224155  0.06804498 -0.07722392  0.06987156
   0.03715292 -0.08235145  0.17823386  0.06273639  0.21374607 -0.1479608
  -0.11297636 -0.08816465 -0.05857785 -0.0800346   0.13675664  0.08373987
  -0.0506512  -0.09061088 -0.01659097 -0.08319104 -0.02801945 -0.11291645
  -0.05157036  0.01549153 -0.09113017 -0.08961511 -0.01116072  0.02042145
   0.17276345 -0.12445858  0.03199602 -0.09286695 -0.12147368 -0.10115035
  -0.10756686  0.10182416 -0.02023675  0.08021577 -0.0595891  -0.02488542
   0.10753591 -0.08874656]
 [-0.01276359 -0.06734504 -0.01318026  0.01020559 -0.06134203 -0.04143263
  -0.05590885 -0.02378855  0.00072479 -0.01282919 -0.0729054  -0.05804284
   0.02222094  0.14181446 -0.10217623  0.02571228  0.01114437  0.04600632
  -0.01809875  0.07722563  0.18177305  0.11540769 -0.08836565  0.126576
   0.05683542 -0.07956751  0.15970424 -0.02290504  0.01237363 -0.05835352
  -0.09224005  0.06728416  0.04290288 -0.0770794  -0.02036783 -0.00127113
   0.14976183 -0.02662778  0.2469321  -0.09214605 -0.06849063 -0.03512426
  -0.06513096  0.05892118  0.0697083  -0.09710692  0.02194298 -0.08736695
  -0.02472403  0.01647457 -0.11984178  0.21708244  0.18734673 -0.05753445
   0.07249489  0.21189214 -0.11477222 -0.15582164  0.08830231 -0.06952982
   0.00849036  0.12359469  0.20754899 -0.05820075 -0.06505089  0.16837324
  -0.05009954 -0.02158562 -0.05980428  0.1556282   0.05602321 -0.07500924
   0.00432666 -0.08165312  0.08256081 -0.09910363  0.07486183 -0.05107426
  -0.05407949 -0.11797124  0.06333899 -0.00613208 -0.09054767  0.12630115
   0.0244     -0.12221925 -0.00755196  0.09575674 -0.02682678 -0.03115023
  -0.0872812   0.22669171  0.01598223 -0.07810515  0.17222619  0.00975206
   0.05502196 -0.07938983 -0.0472945   0.01160335 -0.06096929 -0.07336885
  -0.04687523 -0.04590774 -0.09411661 -0.04906568 -0.0823509   0.0082773
  -0.06623527  0.02335983 -0.04851748  0.11189476  0.13507172  0.03049385
   0.09857019 -0.0173725  -0.05592836  0.1439032  -0.02759482 -0.03533329
   0.01260165 -0.04687371 -0.01468438 -0.07600619  0.01121826  0.00049223
   0.08962347  0.09937577]]
