[[ 5.43902107e-02 -6.39508739e-02  4.68066847e-03 -1.14072472e-01
  -6.50485861e-04  3.43734771e-02 -4.92505590e-03 -8.14762316e-04
  -8.71578380e-02 -7.76117221e-02 -1.26371324e-01  5.70954345e-02
  -1.03735335e-01 -9.90929082e-02 -1.06215492e-01 -1.67219117e-02
   5.94752356e-02 -1.82797946e-02 -6.84491023e-02  8.18443894e-02
  -1.12509549e-01 -7.35912994e-02 -1.21673765e-02 -1.30656645e-01
   1.58259213e-01 -7.08689168e-02 -1.76557445e-03  2.36253291e-01
  -6.38452470e-02 -2.81508528e-02 -3.36459018e-02  1.16282113e-01
   2.52874997e-02 -1.08361319e-02 -5.22216037e-02 -1.33184865e-02
   8.62390548e-02 -8.68797377e-02  1.32554322e-01 -6.46249279e-02
   7.45835993e-03  1.31778615e-02 -2.60132719e-02  8.29444889e-06
   6.74440712e-02 -3.50132138e-02 -2.30131578e-03 -1.34561613e-01
  -3.64329144e-02  7.33439475e-02 -1.40486673e-01 -1.15964320e-02
  -1.19258881e-01  8.01121742e-02  3.84497978e-02  1.89358354e-01
  -9.09566805e-02 -2.54085250e-02  2.09417306e-02 -1.02262102e-01
   5.20056672e-02  1.42505333e-01 -9.82084796e-02 -9.94671956e-02
  -7.82802552e-02  4.17245552e-03  1.87884837e-01  5.37671074e-02
  -7.09374323e-02  4.17148247e-02 -1.54307364e-02 -2.71930937e-02
   1.71146002e-02 -2.47227475e-02  2.28748694e-01  1.16270848e-01
   2.13228874e-02 -2.97432579e-02 -7.63604194e-02 -5.09624146e-02
   8.95978659e-02 -4.17900383e-02 -1.02116592e-01  1.47074744e-01
  -3.91938537e-02 -1.89381436e-01  2.18070741e-03  1.19107932e-01
  -7.80221224e-02  3.91738564e-02  4.30567116e-02 -7.21451044e-02
   1.96566045e-01  6.29407689e-02  2.24601403e-01 -1.22441061e-01
  -1.14440426e-01 -8.91178623e-02 -3.68754715e-02 -1.01712510e-01
   1.38612583e-01  6.55387044e-02 -5.46580888e-02 -8.90780613e-02
  -1.55505501e-02 -8.43892619e-02 -1.19502144e-02 -9.43023264e-02
  -6.26901314e-02  2.18251050e-02 -6.42909706e-02 -8.10226128e-02
   3.11322808e-02 -2.13869056e-03  1.29289508e-01 -1.22303829e-01
   1.53880799e-02 -9.79078934e-02 -1.11806929e-01 -9.94665921e-02
  -1.05836160e-01  7.14669824e-02  1.84633897e-03  5.98562919e-02
  -4.62669581e-02 -3.75824645e-02  9.46666673e-02 -7.03946427e-02]
 [-1.66484155e-02 -7.03089908e-02 -2.30099913e-02  9.85904876e-03
  -6.95883110e-02 -3.70384008e-02 -4.51550893e-02 -8.54992680e-03
   1.31669557e-02  2.45061680e-03 -7.32075647e-02 -4.93049361e-02
   2.27103308e-02  1.46350190e-01 -9.72874090e-02  2.75986083e-02
  -7.67101021e-03  5.91953620e-02 -1.64764728e-02  7.95558020e-02
   1.91025004e-01  1.07409567e-01 -8.58515203e-02  1.21975332e-01
   4.01159637e-02 -7.61927292e-02  1.63982093e-01 -1.88015141e-02
   1.86967421e-02 -5.50063886e-02 -8.85450915e-02  6.19741529e-02
   5.57222851e-02 -7.75693282e-02 -2.49238852e-02 -1.55141139e-02
   1.45185128e-01 -2.99104936e-02  2.54517078e-01 -9.36826915e-02
  -7.43430406e-02 -2.74088588e-02 -4.48559001e-02  5.19073755e-02
   9.91632640e-02 -9.17679444e-02  1.66615322e-02 -7.92316943e-02
  -1.62986815e-02  1.64890755e-02 -1.15292415e-01  1.96745709e-01
   2.12503076e-01 -6.62133172e-02  5.81739843e-02  2.08459005e-01
  -1.09392367e-01 -1.66543365e-01  6.79667965e-02 -7.41066486e-02
   2.47919317e-02  1.41696334e-01  2.15431377e-01 -6.72573447e-02
  -6.79618567e-02  1.48803309e-01 -4.73710410e-02 -1.78096406e-02
  -5.91838285e-02  1.70822427e-01  3.76309305e-02 -7.69094825e-02
   2.80522667e-02 -8.02867413e-02  7.25792944e-02 -9.59688574e-02
   6.94016814e-02 -5.11909313e-02 -4.96392250e-02 -1.15907535e-01
   5.22302426e-02 -2.59026960e-02 -8.76552239e-02  1.31676301e-01
   3.34971175e-02 -1.23052798e-01 -6.25461061e-03  9.40976292e-02
  -2.69388016e-02 -2.96544395e-02 -9.14213806e-02  2.26833388e-01
   1.87331270e-02 -8.00179839e-02  1.29869863e-01  1.14961537e-02
   7.33077675e-02 -7.60333985e-02 -4.51696292e-02 -5.39076049e-03
  -6.81710765e-02 -6.83679059e-02 -4.43179682e-02 -4.73844521e-02
  -9.07387510e-02 -3.69389541e-02 -7.73029327e-02  1.52572300e-02
  -6.37517646e-02  2.86152195e-02 -4.99313548e-02  1.32579774e-01
   1.47603408e-01  3.28131057e-02  9.73012000e-02 -1.93969216e-02
  -5.39454184e-02  1.46839619e-01 -3.03651039e-02 -2.16744840e-02
   6.44708890e-03 -5.25043942e-02 -2.19325852e-02 -7.19774812e-02
   6.93450635e-03  1.57795455e-02  9.13464129e-02  8.69243294e-02]]
[[ 5.43902107e-02 -6.39508739e-02  4.68066847e-03 -1.14072472e-01
  -6.50485861e-04  3.43734771e-02 -4.92505590e-03 -8.14762316e-04
  -8.71578380e-02 -7.76117221e-02 -1.26371324e-01  5.70954345e-02
  -1.03735335e-01 -9.90929082e-02 -1.06215492e-01 -1.67219117e-02
   5.94752356e-02 -1.82797946e-02 -6.84491023e-02  8.18443894e-02
  -1.12509549e-01 -7.35912994e-02 -1.21673765e-02 -1.30656645e-01
   1.58259213e-01 -7.08689168e-02 -1.76557445e-03  2.36253291e-01
  -6.38452470e-02 -2.81508528e-02 -3.36459018e-02  1.16282113e-01
   2.52874997e-02 -1.08361319e-02 -5.22216037e-02 -1.33184865e-02
   8.62390548e-02 -8.68797377e-02  1.32554322e-01 -6.46249279e-02
   7.45835993e-03  1.31778615e-02 -2.60132719e-02  8.29444889e-06
   6.74440712e-02 -3.50132138e-02 -2.30131578e-03 -1.34561613e-01
  -3.64329144e-02  7.33439475e-02 -1.40486673e-01 -1.15964320e-02
  -1.19258881e-01  8.01121742e-02  3.84497978e-02  1.89358354e-01
  -9.09566805e-02 -2.54085250e-02  2.09417306e-02 -1.02262102e-01
   5.20056672e-02  1.42505333e-01 -9.82084796e-02 -9.94671956e-02
  -7.82802552e-02  4.17245552e-03  1.87884837e-01  5.37671074e-02
  -7.09374323e-02  4.17148247e-02 -1.54307364e-02 -2.71930937e-02
   1.71146002e-02 -2.47227475e-02  2.28748694e-01  1.16270848e-01
   2.13228874e-02 -2.97432579e-02 -7.63604194e-02 -5.09624146e-02
   8.95978659e-02 -4.17900383e-02 -1.02116592e-01  1.47074744e-01
  -3.91938537e-02 -1.89381436e-01  2.18070741e-03  1.19107932e-01
  -7.80221224e-02  3.91738564e-02  4.30567116e-02 -7.21451044e-02
   1.96566045e-01  6.29407689e-02  2.24601403e-01 -1.22441061e-01
  -1.14440426e-01 -8.91178623e-02 -3.68754715e-02 -1.01712510e-01
   1.38612583e-01  6.55387044e-02 -5.46580888e-02 -8.90780613e-02
  -1.55505501e-02 -8.43892619e-02 -1.19502144e-02 -9.43023264e-02
  -6.26901314e-02  2.18251050e-02 -6.42909706e-02 -8.10226128e-02
   3.11322808e-02 -2.13869056e-03  1.29289508e-01 -1.22303829e-01
   1.53880799e-02 -9.79078934e-02 -1.11806929e-01 -9.94665921e-02
  -1.05836160e-01  7.14669824e-02  1.84633897e-03  5.98562919e-02
  -4.62669581e-02 -3.75824645e-02  9.46666673e-02 -7.03946427e-02]
 [-1.66484155e-02 -7.03089908e-02 -2.30099913e-02  9.85904876e-03
  -6.95883110e-02 -3.70384008e-02 -4.51550893e-02 -8.54992680e-03
   1.31669557e-02  2.45061680e-03 -7.32075647e-02 -4.93049361e-02
   2.27103308e-02  1.46350190e-01 -9.72874090e-02  2.75986083e-02
  -7.67101021e-03  5.91953620e-02 -1.64764728e-02  7.95558020e-02
   1.91025004e-01  1.07409567e-01 -8.58515203e-02  1.21975332e-01
   4.01159637e-02 -7.61927292e-02  1.63982093e-01 -1.88015141e-02
   1.86967421e-02 -5.50063886e-02 -8.85450915e-02  6.19741529e-02
   5.57222851e-02 -7.75693282e-02 -2.49238852e-02 -1.55141139e-02
   1.45185128e-01 -2.99104936e-02  2.54517078e-01 -9.36826915e-02
  -7.43430406e-02 -2.74088588e-02 -4.48559001e-02  5.19073755e-02
   9.91632640e-02 -9.17679444e-02  1.66615322e-02 -7.92316943e-02
  -1.62986815e-02  1.64890755e-02 -1.15292415e-01  1.96745709e-01
   2.12503076e-01 -6.62133172e-02  5.81739843e-02  2.08459005e-01
  -1.09392367e-01 -1.66543365e-01  6.79667965e-02 -7.41066486e-02
   2.47919317e-02  1.41696334e-01  2.15431377e-01 -6.72573447e-02
  -6.79618567e-02  1.48803309e-01 -4.73710410e-02 -1.78096406e-02
  -5.91838285e-02  1.70822427e-01  3.76309305e-02 -7.69094825e-02
   2.80522667e-02 -8.02867413e-02  7.25792944e-02 -9.59688574e-02
   6.94016814e-02 -5.11909313e-02 -4.96392250e-02 -1.15907535e-01
   5.22302426e-02 -2.59026960e-02 -8.76552239e-02  1.31676301e-01
   3.34971175e-02 -1.23052798e-01 -6.25461061e-03  9.40976292e-02
  -2.69388016e-02 -2.96544395e-02 -9.14213806e-02  2.26833388e-01
   1.87331270e-02 -8.00179839e-02  1.29869863e-01  1.14961537e-02
   7.33077675e-02 -7.60333985e-02 -4.51696292e-02 -5.39076049e-03
  -6.81710765e-02 -6.83679059e-02 -4.43179682e-02 -4.73844521e-02
  -9.07387510e-02 -3.69389541e-02 -7.73029327e-02  1.52572300e-02
  -6.37517646e-02  2.86152195e-02 -4.99313548e-02  1.32579774e-01
   1.47603408e-01  3.28131057e-02  9.73012000e-02 -1.93969216e-02
  -5.39454184e-02  1.46839619e-01 -3.03651039e-02 -2.16744840e-02
   6.44708890e-03 -5.25043942e-02 -2.19325852e-02 -7.19774812e-02
   6.93450635e-03  1.57795455e-02  9.13464129e-02  8.69243294e-02]]
[[ 5.43902107e-02 -6.39508739e-02  4.68066847e-03 -1.14072472e-01
  -6.50485861e-04  3.43734771e-02 -4.92505590e-03 -8.14762316e-04
  -8.71578380e-02 -7.76117221e-02 -1.26371324e-01  5.70954345e-02
  -1.03735335e-01 -9.90929082e-02 -1.06215492e-01 -1.67219117e-02
   5.94752356e-02 -1.82797946e-02 -6.84491023e-02  8.18443894e-02
  -1.12509549e-01 -7.35912994e-02 -1.21673765e-02 -1.30656645e-01
   1.58259213e-01 -7.08689168e-02 -1.76557445e-03  2.36253291e-01
  -6.38452470e-02 -2.81508528e-02 -3.36459018e-02  1.16282113e-01
   2.52874997e-02 -1.08361319e-02 -5.22216037e-02 -1.33184865e-02
   8.62390548e-02 -8.68797377e-02  1.32554322e-01 -6.46249279e-02
   7.45835993e-03  1.31778615e-02 -2.60132719e-02  8.29444889e-06
   6.74440712e-02 -3.50132138e-02 -2.30131578e-03 -1.34561613e-01
  -3.64329144e-02  7.33439475e-02 -1.40486673e-01 -1.15964320e-02
  -1.19258881e-01  8.01121742e-02  3.84497978e-02  1.89358354e-01
  -9.09566805e-02 -2.54085250e-02  2.09417306e-02 -1.02262102e-01
   5.20056672e-02  1.42505333e-01 -9.82084796e-02 -9.94671956e-02
  -7.82802552e-02  4.17245552e-03  1.87884837e-01  5.37671074e-02
  -7.09374323e-02  4.17148247e-02 -1.54307364e-02 -2.71930937e-02
   1.71146002e-02 -2.47227475e-02  2.28748694e-01  1.16270848e-01
   2.13228874e-02 -2.97432579e-02 -7.63604194e-02 -5.09624146e-02
   8.95978659e-02 -4.17900383e-02 -1.02116592e-01  1.47074744e-01
  -3.91938537e-02 -1.89381436e-01  2.18070741e-03  1.19107932e-01
  -7.80221224e-02  3.91738564e-02  4.30567116e-02 -7.21451044e-02
   1.96566045e-01  6.29407689e-02  2.24601403e-01 -1.22441061e-01
  -1.14440426e-01 -8.91178623e-02 -3.68754715e-02 -1.01712510e-01
   1.38612583e-01  6.55387044e-02 -5.46580888e-02 -8.90780613e-02
  -1.55505501e-02 -8.43892619e-02 -1.19502144e-02 -9.43023264e-02
  -6.26901314e-02  2.18251050e-02 -6.42909706e-02 -8.10226128e-02
   3.11322808e-02 -2.13869056e-03  1.29289508e-01 -1.22303829e-01
   1.53880799e-02 -9.79078934e-02 -1.11806929e-01 -9.94665921e-02
  -1.05836160e-01  7.14669824e-02  1.84633897e-03  5.98562919e-02
  -4.62669581e-02 -3.75824645e-02  9.46666673e-02 -7.03946427e-02]
 [-1.66484155e-02 -7.03089908e-02 -2.30099913e-02  9.85904876e-03
  -6.95883110e-02 -3.70384008e-02 -4.51550893e-02 -8.54992680e-03
   1.31669557e-02  2.45061680e-03 -7.32075647e-02 -4.93049361e-02
   2.27103308e-02  1.46350190e-01 -9.72874090e-02  2.75986083e-02
  -7.67101021e-03  5.91953620e-02 -1.64764728e-02  7.95558020e-02
   1.91025004e-01  1.07409567e-01 -8.58515203e-02  1.21975332e-01
   4.01159637e-02 -7.61927292e-02  1.63982093e-01 -1.88015141e-02
   1.86967421e-02 -5.50063886e-02 -8.85450915e-02  6.19741529e-02
   5.57222851e-02 -7.75693282e-02 -2.49238852e-02 -1.55141139e-02
   1.45185128e-01 -2.99104936e-02  2.54517078e-01 -9.36826915e-02
  -7.43430406e-02 -2.74088588e-02 -4.48559001e-02  5.19073755e-02
   9.91632640e-02 -9.17679444e-02  1.66615322e-02 -7.92316943e-02
  -1.62986815e-02  1.64890755e-02 -1.15292415e-01  1.96745709e-01
   2.12503076e-01 -6.62133172e-02  5.81739843e-02  2.08459005e-01
  -1.09392367e-01 -1.66543365e-01  6.79667965e-02 -7.41066486e-02
   2.47919317e-02  1.41696334e-01  2.15431377e-01 -6.72573447e-02
  -6.79618567e-02  1.48803309e-01 -4.73710410e-02 -1.78096406e-02
  -5.91838285e-02  1.70822427e-01  3.76309305e-02 -7.69094825e-02
   2.80522667e-02 -8.02867413e-02  7.25792944e-02 -9.59688574e-02
   6.94016814e-02 -5.11909313e-02 -4.96392250e-02 -1.15907535e-01
   5.22302426e-02 -2.59026960e-02 -8.76552239e-02  1.31676301e-01
   3.34971175e-02 -1.23052798e-01 -6.25461061e-03  9.40976292e-02
  -2.69388016e-02 -2.96544395e-02 -9.14213806e-02  2.26833388e-01
   1.87331270e-02 -8.00179839e-02  1.29869863e-01  1.14961537e-02
   7.33077675e-02 -7.60333985e-02 -4.51696292e-02 -5.39076049e-03
  -6.81710765e-02 -6.83679059e-02 -4.43179682e-02 -4.73844521e-02
  -9.07387510e-02 -3.69389541e-02 -7.73029327e-02  1.52572300e-02
  -6.37517646e-02  2.86152195e-02 -4.99313548e-02  1.32579774e-01
   1.47603408e-01  3.28131057e-02  9.73012000e-02 -1.93969216e-02
  -5.39454184e-02  1.46839619e-01 -3.03651039e-02 -2.16744840e-02
   6.44708890e-03 -5.25043942e-02 -2.19325852e-02 -7.19774812e-02
   6.93450635e-03  1.57795455e-02  9.13464129e-02  8.69243294e-02]]
