[[ 0.11784366 -0.1140735  -0.02637794 -0.16186294  0.06107485  0.04826394
   0.13067546 -0.00940785  0.07301421  0.10017893 -0.15257396  0.10098518
   0.01292557 -0.06156727 -0.02689321 -0.09396334  0.13563955  0.06048329
  -0.02117006 -0.04000908 -0.11885289 -0.10016583  0.04753304 -0.10565991
  -0.05819528 -0.12976502  0.08011121  0.22853604 -0.08871785 -0.01369617
  -0.07097025  0.13582593  0.07252664 -0.09498324  0.06670351 -0.04927171
   0.07734457 -0.13780811  0.00914621 -0.01940793  0.06092129  0.07099519
  -0.01671594  0.1088834   0.09286156  0.15451889  0.05791532 -0.13171193
  -0.0650885  -0.04350074 -0.09756764 -0.06721592 -0.09149551  0.08122177
  -0.05982112  0.02847738 -0.11830556 -0.01723668 -0.04893712 -0.10687777
   0.0862957  -0.01207392 -0.08618966 -0.1040461  -0.09488507 -0.11519098
   0.08190573 -0.04883251 -0.09722356  0.03936209 -0.05657146 -0.05785508
  -0.08986721 -0.02848625  0.23402895  0.17143466 -0.09286787  0.03641078
  -0.02569345 -0.06790791  0.09310405 -0.05959571 -0.10867432  0.17844601
   0.021725   -0.07522581 -0.0613098   0.08624537 -0.10608917 -0.13271803
   0.03309964 -0.10739471  0.18066789 -0.00372713  0.06407939 -0.07848722
  -0.10655088 -0.04848535  0.01315283 -0.0937011   0.05050785 -0.02427778
  -0.10380311 -0.04798331  0.01795594 -0.01638481 -0.00780214 -0.10691223
  -0.12524076 -0.00441487 -0.06402355 -0.06996468  0.02816763  0.01273505
   0.06912236 -0.1288583  -0.06566643 -0.05311438 -0.0407809  -0.14010397
  -0.12660392 -0.07723763  0.02214137 -0.03966654 -0.00396849 -0.08176569
  -0.04628132 -0.01535655]
 [-0.03866721 -0.06704079 -0.05516407 -0.03698991 -0.05418421 -0.00731039
  -0.01933917 -0.04132335  0.01483895 -0.01608279 -0.06782372 -0.05799535
   0.06618081  0.09948086 -0.07404841  0.01131041 -0.01873823  0.05617695
   0.03657066  0.09876333  0.19906905  0.10731454 -0.08551652  0.13712221
   0.06059444 -0.06590541  0.17671156 -0.01729874  0.06308759 -0.05493535
  -0.0764538   0.08923072  0.06825783 -0.05252636  0.00150879  0.00471704
   0.1318154  -0.05490404  0.3032143  -0.08509946 -0.07693736 -0.01891568
  -0.02281636  0.053733    0.12044469 -0.07155439  0.00079375 -0.04966823
   0.00200642 -0.01140432 -0.10251097  0.22952378  0.2008213  -0.07039452
   0.03632548  0.1601034  -0.08394076 -0.13760063  0.06487048 -0.07887993
   0.09075035  0.12844594  0.1954096  -0.06507562 -0.063804    0.15296528
  -0.01319486 -0.00641814 -0.0404731   0.21945617  0.01266646 -0.06539077
   0.06743602 -0.08806593  0.06579796 -0.08982065  0.08373921 -0.04503079
  -0.02921045 -0.09437172  0.02576053 -0.07791679 -0.08079936  0.1360735
   0.09238822 -0.12714475  0.05735838  0.08393263 -0.03707658 -0.02516497
  -0.08753114  0.1929565   0.01081768 -0.07276271  0.0857078   0.05613808
   0.14589961 -0.05836385 -0.03269329  0.02974018 -0.05474563 -0.06231022
  -0.01186973 -0.04914814 -0.09108794 -0.00430793 -0.04140261  0.03115903
  -0.05834685  0.0717785   0.02373967  0.07380368  0.14853851  0.04472763
   0.0411825   0.04497373 -0.05075676  0.1635945  -0.02770047  0.04071072
  -0.02282992 -0.06237186  0.04785213 -0.07434867  0.01917268 -0.00847272
   0.13100605 -0.00108477]]
[[ 0.11784366 -0.1140735  -0.02637794 -0.16186294  0.06107485  0.04826394
   0.13067546 -0.00940785  0.07301421  0.10017893 -0.15257396  0.10098518
   0.01292557 -0.06156727 -0.02689321 -0.09396334  0.13563955  0.06048329
  -0.02117006 -0.04000908 -0.11885289 -0.10016583  0.04753304 -0.10565991
  -0.05819528 -0.12976502  0.08011121  0.22853604 -0.08871785 -0.01369617
  -0.07097025  0.13582593  0.07252664 -0.09498324  0.06670351 -0.04927171
   0.07734457 -0.13780811  0.00914621 -0.01940793  0.06092129  0.07099519
  -0.01671594  0.1088834   0.09286156  0.15451889  0.05791532 -0.13171193
  -0.0650885  -0.04350074 -0.09756764 -0.06721592 -0.09149551  0.08122177
  -0.05982112  0.02847738 -0.11830556 -0.01723668 -0.04893712 -0.10687777
   0.0862957  -0.01207392 -0.08618966 -0.1040461  -0.09488507 -0.11519098
   0.08190573 -0.04883251 -0.09722356  0.03936209 -0.05657146 -0.05785508
  -0.08986721 -0.02848625  0.23402895  0.17143466 -0.09286787  0.03641078
  -0.02569345 -0.06790791  0.09310405 -0.05959571 -0.10867432  0.17844601
   0.021725   -0.07522581 -0.0613098   0.08624537 -0.10608917 -0.13271803
   0.03309964 -0.10739471  0.18066789 -0.00372713  0.06407939 -0.07848722
  -0.10655088 -0.04848535  0.01315283 -0.0937011   0.05050785 -0.02427778
  -0.10380311 -0.04798331  0.01795594 -0.01638481 -0.00780214 -0.10691223
  -0.12524076 -0.00441487 -0.06402355 -0.06996468  0.02816763  0.01273505
   0.06912236 -0.1288583  -0.06566643 -0.05311438 -0.0407809  -0.14010397
  -0.12660392 -0.07723763  0.02214137 -0.03966654 -0.00396849 -0.08176569
  -0.04628132 -0.01535655]
 [-0.03866721 -0.06704079 -0.05516407 -0.03698991 -0.05418421 -0.00731039
  -0.01933917 -0.04132335  0.01483895 -0.01608279 -0.06782372 -0.05799535
   0.06618081  0.09948086 -0.07404841  0.01131041 -0.01873823  0.05617695
   0.03657066  0.09876333  0.19906905  0.10731454 -0.08551652  0.13712221
   0.06059444 -0.06590541  0.17671156 -0.01729874  0.06308759 -0.05493535
  -0.0764538   0.08923072  0.06825783 -0.05252636  0.00150879  0.00471704
   0.1318154  -0.05490404  0.3032143  -0.08509946 -0.07693736 -0.01891568
  -0.02281636  0.053733    0.12044469 -0.07155439  0.00079375 -0.04966823
   0.00200642 -0.01140432 -0.10251097  0.22952378  0.2008213  -0.07039452
   0.03632548  0.1601034  -0.08394076 -0.13760063  0.06487048 -0.07887993
   0.09075035  0.12844594  0.1954096  -0.06507562 -0.063804    0.15296528
  -0.01319486 -0.00641814 -0.0404731   0.21945617  0.01266646 -0.06539077
   0.06743602 -0.08806593  0.06579796 -0.08982065  0.08373921 -0.04503079
  -0.02921045 -0.09437172  0.02576053 -0.07791679 -0.08079936  0.1360735
   0.09238822 -0.12714475  0.05735838  0.08393263 -0.03707658 -0.02516497
  -0.08753114  0.1929565   0.01081768 -0.07276271  0.0857078   0.05613808
   0.14589961 -0.05836385 -0.03269329  0.02974018 -0.05474563 -0.06231022
  -0.01186973 -0.04914814 -0.09108794 -0.00430793 -0.04140261  0.03115903
  -0.05834685  0.0717785   0.02373967  0.07380368  0.14853851  0.04472763
   0.0411825   0.04497373 -0.05075676  0.1635945  -0.02770047  0.04071072
  -0.02282992 -0.06237186  0.04785213 -0.07434867  0.01917268 -0.00847272
   0.13100605 -0.00108477]]
[[ 0.11784366 -0.1140735  -0.02637794 -0.16186294  0.06107485  0.04826394
   0.13067546 -0.00940785  0.07301421  0.10017893 -0.15257396  0.10098518
   0.01292557 -0.06156727 -0.02689321 -0.09396334  0.13563955  0.06048329
  -0.02117006 -0.04000908 -0.11885289 -0.10016583  0.04753304 -0.10565991
  -0.05819528 -0.12976502  0.08011121  0.22853604 -0.08871785 -0.01369617
  -0.07097025  0.13582593  0.07252664 -0.09498324  0.06670351 -0.04927171
   0.07734457 -0.13780811  0.00914621 -0.01940793  0.06092129  0.07099519
  -0.01671594  0.1088834   0.09286156  0.15451889  0.05791532 -0.13171193
  -0.0650885  -0.04350074 -0.09756764 -0.06721592 -0.09149551  0.08122177
  -0.05982112  0.02847738 -0.11830556 -0.01723668 -0.04893712 -0.10687777
   0.0862957  -0.01207392 -0.08618966 -0.1040461  -0.09488507 -0.11519098
   0.08190573 -0.04883251 -0.09722356  0.03936209 -0.05657146 -0.05785508
  -0.08986721 -0.02848625  0.23402895  0.17143466 -0.09286787  0.03641078
  -0.02569345 -0.06790791  0.09310405 -0.05959571 -0.10867432  0.17844601
   0.021725   -0.07522581 -0.0613098   0.08624537 -0.10608917 -0.13271803
   0.03309964 -0.10739471  0.18066789 -0.00372713  0.06407939 -0.07848722
  -0.10655088 -0.04848535  0.01315283 -0.0937011   0.05050785 -0.02427778
  -0.10380311 -0.04798331  0.01795594 -0.01638481 -0.00780214 -0.10691223
  -0.12524076 -0.00441487 -0.06402355 -0.06996468  0.02816763  0.01273505
   0.06912236 -0.1288583  -0.06566643 -0.05311438 -0.0407809  -0.14010397
  -0.12660392 -0.07723763  0.02214137 -0.03966654 -0.00396849 -0.08176569
  -0.04628132 -0.01535655]
 [-0.03866721 -0.06704079 -0.05516407 -0.03698991 -0.05418421 -0.00731039
  -0.01933917 -0.04132335  0.01483895 -0.01608279 -0.06782372 -0.05799535
   0.06618081  0.09948086 -0.07404841  0.01131041 -0.01873823  0.05617695
   0.03657066  0.09876333  0.19906905  0.10731454 -0.08551652  0.13712221
   0.06059444 -0.06590541  0.17671156 -0.01729874  0.06308759 -0.05493535
  -0.0764538   0.08923072  0.06825783 -0.05252636  0.00150879  0.00471704
   0.1318154  -0.05490404  0.3032143  -0.08509946 -0.07693736 -0.01891568
  -0.02281636  0.053733    0.12044469 -0.07155439  0.00079375 -0.04966823
   0.00200642 -0.01140432 -0.10251097  0.22952378  0.2008213  -0.07039452
   0.03632548  0.1601034  -0.08394076 -0.13760063  0.06487048 -0.07887993
   0.09075035  0.12844594  0.1954096  -0.06507562 -0.063804    0.15296528
  -0.01319486 -0.00641814 -0.0404731   0.21945617  0.01266646 -0.06539077
   0.06743602 -0.08806593  0.06579796 -0.08982065  0.08373921 -0.04503079
  -0.02921045 -0.09437172  0.02576053 -0.07791679 -0.08079936  0.1360735
   0.09238822 -0.12714475  0.05735838  0.08393263 -0.03707658 -0.02516497
  -0.08753114  0.1929565   0.01081768 -0.07276271  0.0857078   0.05613808
   0.14589961 -0.05836385 -0.03269329  0.02974018 -0.05474563 -0.06231022
  -0.01186973 -0.04914814 -0.09108794 -0.00430793 -0.04140261  0.03115903
  -0.05834685  0.0717785   0.02373967  0.07380368  0.14853851  0.04472763
   0.0411825   0.04497373 -0.05075676  0.1635945  -0.02770047  0.04071072
  -0.02282992 -0.06237186  0.04785213 -0.07434867  0.01917268 -0.00847272
   0.13100605 -0.00108477]]
