[[ 9.28761438e-02 -1.04281396e-01 -2.78777853e-02 -1.03718922e-01
   6.99198693e-02  1.02744043e-01 -5.47502376e-02 -3.38910371e-02
   8.73313472e-02  3.70935649e-02 -1.34807989e-01  5.12325466e-02
   7.91096035e-03 -9.06601176e-02 -3.85017693e-02 -8.45578834e-02
   1.26394078e-01  6.41133785e-02  4.40408476e-02  2.51244586e-02
  -7.42539689e-02  1.14212697e-02  5.38895465e-02 -6.53057769e-02
  -7.01166969e-03 -5.72150461e-02  4.73700576e-02  2.34765649e-01
  -6.98098764e-02 -6.75640106e-02 -3.27768847e-02  1.08944401e-01
   3.55243459e-02 -5.56365633e-03  5.34939915e-02 -7.76645467e-02
   5.05356975e-02 -1.29307643e-01 -2.85837241e-02 -6.68216944e-02
   1.11590110e-01 -4.28483300e-02 -5.92338257e-02  5.94223440e-02
   6.97712749e-02  1.70640439e-01  9.97421294e-02 -1.08801618e-01
   3.23719345e-02 -7.08110258e-02 -1.62150219e-01 -8.72142315e-02
  -9.29272473e-02  8.07855874e-02  1.70499027e-01  1.47199675e-01
  -1.48770988e-01  3.26764360e-02  1.31125227e-01 -5.72472475e-02
   1.27375379e-01  2.64426996e-03 -7.33138844e-02 -1.42135531e-01
   7.64386402e-03 -6.15228228e-02  1.09104618e-01 -3.57680805e-02
  -1.89409388e-04  1.20525606e-01 -1.86319482e-02 -4.00343426e-02
  -9.74084362e-02 -7.29542673e-02  1.81205794e-01  1.71236902e-01
  -4.63011563e-02  1.49536198e-02 -6.20292649e-02 -1.30917326e-01
   1.00253321e-01 -2.93688085e-02 -1.26922041e-01  9.31659713e-02
  -1.01918906e-01 -9.45713818e-02  9.22170132e-02  1.62905455e-02
   3.01362183e-02 -1.04518764e-01 -3.81094702e-02 -1.01302989e-01
   2.84339964e-01  2.52878610e-02  2.66467184e-02 -2.03198437e-02
  -5.67221008e-02 -7.74407610e-02 -5.07597476e-02  4.85878298e-03
   7.58972093e-02 -4.45365235e-02 -6.19877391e-02 -6.79329634e-02
  -3.92424949e-02 -2.16913298e-02  4.44574766e-02 -1.63412601e-01
  -9.89003405e-02  8.91316980e-02 -8.58013928e-02 -9.43642333e-02
  -4.23593028e-03  3.66484933e-02  3.94128561e-02 -1.29959047e-01
   1.40885115e-01 -2.36260295e-02 -5.92925064e-02 -1.24366254e-01
  -1.20742030e-01 -1.86245479e-02  3.48275527e-02  4.62503918e-02
  -4.07443270e-02  5.65528544e-03  2.99552046e-02 -6.62942976e-02]
 [-8.04701354e-03 -7.54098818e-02 -6.89258054e-02 -6.50353879e-02
  -4.40464281e-02  1.24957459e-02 -9.80185438e-03 -4.68687192e-02
   5.45411967e-02  1.53997364e-02 -6.49848133e-02 -3.84747796e-02
   1.07052185e-01  5.35889193e-02 -5.56483716e-02  2.66188383e-03
  -7.12583214e-03  4.79656756e-02  4.24255431e-02  8.88584331e-02
   2.21632347e-01  1.19589604e-01 -7.05004781e-02  1.24574177e-01
   4.77698222e-02 -5.31618707e-02  1.67377070e-01  8.60700291e-03
   7.97728747e-02 -4.93741706e-02 -6.82694092e-02  1.23081677e-01
   7.01567754e-02 -4.46469039e-02 -2.88741011e-03  3.07315290e-02
   1.34501606e-01 -6.76008537e-02  2.95803756e-01 -8.90365615e-02
  -7.94228539e-02 -2.54826378e-02 -2.20103879e-02  4.95165959e-02
   1.25572234e-01 -6.50508404e-02  3.11778877e-02 -2.05461904e-02
  -1.56610161e-02 -3.33971567e-02 -1.00117654e-01  1.83290660e-01
   1.84770107e-01 -7.72126317e-02  7.21176192e-02  2.20790982e-01
  -6.28934130e-02 -1.02371469e-01  7.80233145e-02 -7.77800158e-02
   9.20432135e-02  1.46740958e-01  1.48463592e-01 -5.99869266e-02
  -6.90991804e-02  8.97335634e-02 -7.37935398e-03 -4.01509181e-02
  -1.98772885e-02  2.71872908e-01  5.20883054e-02 -6.38728961e-02
   5.40398508e-02 -7.79685453e-02  7.27324858e-02 -6.37806579e-02
   1.22679450e-01 -5.67510128e-02 -2.28881910e-02 -9.36107486e-02
   8.52324441e-02 -7.88908079e-02 -8.09646696e-02  1.40435085e-01
   9.31541845e-02 -1.20146185e-01  6.92297071e-02  8.40274394e-02
   4.55422886e-03 -4.05322425e-02 -8.35763365e-02  1.35158271e-01
   4.62512895e-02 -7.47956708e-02  3.24811302e-02  4.84753735e-02
   1.83840841e-01 -4.33597602e-02 -4.47850674e-02  4.65172455e-02
  -6.53610304e-02 -4.99319285e-02  2.46475544e-03 -2.72127651e-02
  -7.10359737e-02 -8.54366366e-03 -1.42150950e-02  1.73047232e-03
  -4.74680103e-02  5.98945767e-02  1.03179784e-02  3.37393843e-02
   1.29534245e-01  5.30196279e-02  9.58188344e-03  3.61301377e-02
  -4.55298424e-02  2.04066500e-01 -1.61628239e-02 -5.22800675e-03
  -3.12223062e-02 -6.07926883e-02  7.91713297e-02 -6.97247237e-02
   5.91558702e-02 -1.92458611e-02  1.38097122e-01 -2.16497052e-02]]
[[ 9.28761438e-02 -1.04281396e-01 -2.78777853e-02 -1.03718922e-01
   6.99198693e-02  1.02744043e-01 -5.47502376e-02 -3.38910371e-02
   8.73313472e-02  3.70935649e-02 -1.34807989e-01  5.12325466e-02
   7.91096035e-03 -9.06601176e-02 -3.85017693e-02 -8.45578834e-02
   1.26394078e-01  6.41133785e-02  4.40408476e-02  2.51244586e-02
  -7.42539689e-02  1.14212697e-02  5.38895465e-02 -6.53057769e-02
  -7.01166969e-03 -5.72150461e-02  4.73700576e-02  2.34765649e-01
  -6.98098764e-02 -6.75640106e-02 -3.27768847e-02  1.08944401e-01
   3.55243459e-02 -5.56365633e-03  5.34939915e-02 -7.76645467e-02
   5.05356975e-02 -1.29307643e-01 -2.85837241e-02 -6.68216944e-02
   1.11590110e-01 -4.28483300e-02 -5.92338257e-02  5.94223440e-02
   6.97712749e-02  1.70640439e-01  9.97421294e-02 -1.08801618e-01
   3.23719345e-02 -7.08110258e-02 -1.62150219e-01 -8.72142315e-02
  -9.29272473e-02  8.07855874e-02  1.70499027e-01  1.47199675e-01
  -1.48770988e-01  3.26764360e-02  1.31125227e-01 -5.72472475e-02
   1.27375379e-01  2.64426996e-03 -7.33138844e-02 -1.42135531e-01
   7.64386402e-03 -6.15228228e-02  1.09104618e-01 -3.57680805e-02
  -1.89409388e-04  1.20525606e-01 -1.86319482e-02 -4.00343426e-02
  -9.74084362e-02 -7.29542673e-02  1.81205794e-01  1.71236902e-01
  -4.63011563e-02  1.49536198e-02 -6.20292649e-02 -1.30917326e-01
   1.00253321e-01 -2.93688085e-02 -1.26922041e-01  9.31659713e-02
  -1.01918906e-01 -9.45713818e-02  9.22170132e-02  1.62905455e-02
   3.01362183e-02 -1.04518764e-01 -3.81094702e-02 -1.01302989e-01
   2.84339964e-01  2.52878610e-02  2.66467184e-02 -2.03198437e-02
  -5.67221008e-02 -7.74407610e-02 -5.07597476e-02  4.85878298e-03
   7.58972093e-02 -4.45365235e-02 -6.19877391e-02 -6.79329634e-02
  -3.92424949e-02 -2.16913298e-02  4.44574766e-02 -1.63412601e-01
  -9.89003405e-02  8.91316980e-02 -8.58013928e-02 -9.43642333e-02
  -4.23593028e-03  3.66484933e-02  3.94128561e-02 -1.29959047e-01
   1.40885115e-01 -2.36260295e-02 -5.92925064e-02 -1.24366254e-01
  -1.20742030e-01 -1.86245479e-02  3.48275527e-02  4.62503918e-02
  -4.07443270e-02  5.65528544e-03  2.99552046e-02 -6.62942976e-02]
 [-8.04701354e-03 -7.54098818e-02 -6.89258054e-02 -6.50353879e-02
  -4.40464281e-02  1.24957459e-02 -9.80185438e-03 -4.68687192e-02
   5.45411967e-02  1.53997364e-02 -6.49848133e-02 -3.84747796e-02
   1.07052185e-01  5.35889193e-02 -5.56483716e-02  2.66188383e-03
  -7.12583214e-03  4.79656756e-02  4.24255431e-02  8.88584331e-02
   2.21632347e-01  1.19589604e-01 -7.05004781e-02  1.24574177e-01
   4.77698222e-02 -5.31618707e-02  1.67377070e-01  8.60700291e-03
   7.97728747e-02 -4.93741706e-02 -6.82694092e-02  1.23081677e-01
   7.01567754e-02 -4.46469039e-02 -2.88741011e-03  3.07315290e-02
   1.34501606e-01 -6.76008537e-02  2.95803756e-01 -8.90365615e-02
  -7.94228539e-02 -2.54826378e-02 -2.20103879e-02  4.95165959e-02
   1.25572234e-01 -6.50508404e-02  3.11778877e-02 -2.05461904e-02
  -1.56610161e-02 -3.33971567e-02 -1.00117654e-01  1.83290660e-01
   1.84770107e-01 -7.72126317e-02  7.21176192e-02  2.20790982e-01
  -6.28934130e-02 -1.02371469e-01  7.80233145e-02 -7.77800158e-02
   9.20432135e-02  1.46740958e-01  1.48463592e-01 -5.99869266e-02
  -6.90991804e-02  8.97335634e-02 -7.37935398e-03 -4.01509181e-02
  -1.98772885e-02  2.71872908e-01  5.20883054e-02 -6.38728961e-02
   5.40398508e-02 -7.79685453e-02  7.27324858e-02 -6.37806579e-02
   1.22679450e-01 -5.67510128e-02 -2.28881910e-02 -9.36107486e-02
   8.52324441e-02 -7.88908079e-02 -8.09646696e-02  1.40435085e-01
   9.31541845e-02 -1.20146185e-01  6.92297071e-02  8.40274394e-02
   4.55422886e-03 -4.05322425e-02 -8.35763365e-02  1.35158271e-01
   4.62512895e-02 -7.47956708e-02  3.24811302e-02  4.84753735e-02
   1.83840841e-01 -4.33597602e-02 -4.47850674e-02  4.65172455e-02
  -6.53610304e-02 -4.99319285e-02  2.46475544e-03 -2.72127651e-02
  -7.10359737e-02 -8.54366366e-03 -1.42150950e-02  1.73047232e-03
  -4.74680103e-02  5.98945767e-02  1.03179784e-02  3.37393843e-02
   1.29534245e-01  5.30196279e-02  9.58188344e-03  3.61301377e-02
  -4.55298424e-02  2.04066500e-01 -1.61628239e-02 -5.22800675e-03
  -3.12223062e-02 -6.07926883e-02  7.91713297e-02 -6.97247237e-02
   5.91558702e-02 -1.92458611e-02  1.38097122e-01 -2.16497052e-02]]
[[ 9.28761438e-02 -1.04281396e-01 -2.78777853e-02 -1.03718922e-01
   6.99198693e-02  1.02744043e-01 -5.47502376e-02 -3.38910371e-02
   8.73313472e-02  3.70935649e-02 -1.34807989e-01  5.12325466e-02
   7.91096035e-03 -9.06601176e-02 -3.85017693e-02 -8.45578834e-02
   1.26394078e-01  6.41133785e-02  4.40408476e-02  2.51244586e-02
  -7.42539689e-02  1.14212697e-02  5.38895465e-02 -6.53057769e-02
  -7.01166969e-03 -5.72150461e-02  4.73700576e-02  2.34765649e-01
  -6.98098764e-02 -6.75640106e-02 -3.27768847e-02  1.08944401e-01
   3.55243459e-02 -5.56365633e-03  5.34939915e-02 -7.76645467e-02
   5.05356975e-02 -1.29307643e-01 -2.85837241e-02 -6.68216944e-02
   1.11590110e-01 -4.28483300e-02 -5.92338257e-02  5.94223440e-02
   6.97712749e-02  1.70640439e-01  9.97421294e-02 -1.08801618e-01
   3.23719345e-02 -7.08110258e-02 -1.62150219e-01 -8.72142315e-02
  -9.29272473e-02  8.07855874e-02  1.70499027e-01  1.47199675e-01
  -1.48770988e-01  3.26764360e-02  1.31125227e-01 -5.72472475e-02
   1.27375379e-01  2.64426996e-03 -7.33138844e-02 -1.42135531e-01
   7.64386402e-03 -6.15228228e-02  1.09104618e-01 -3.57680805e-02
  -1.89409388e-04  1.20525606e-01 -1.86319482e-02 -4.00343426e-02
  -9.74084362e-02 -7.29542673e-02  1.81205794e-01  1.71236902e-01
  -4.63011563e-02  1.49536198e-02 -6.20292649e-02 -1.30917326e-01
   1.00253321e-01 -2.93688085e-02 -1.26922041e-01  9.31659713e-02
  -1.01918906e-01 -9.45713818e-02  9.22170132e-02  1.62905455e-02
   3.01362183e-02 -1.04518764e-01 -3.81094702e-02 -1.01302989e-01
   2.84339964e-01  2.52878610e-02  2.66467184e-02 -2.03198437e-02
  -5.67221008e-02 -7.74407610e-02 -5.07597476e-02  4.85878298e-03
   7.58972093e-02 -4.45365235e-02 -6.19877391e-02 -6.79329634e-02
  -3.92424949e-02 -2.16913298e-02  4.44574766e-02 -1.63412601e-01
  -9.89003405e-02  8.91316980e-02 -8.58013928e-02 -9.43642333e-02
  -4.23593028e-03  3.66484933e-02  3.94128561e-02 -1.29959047e-01
   1.40885115e-01 -2.36260295e-02 -5.92925064e-02 -1.24366254e-01
  -1.20742030e-01 -1.86245479e-02  3.48275527e-02  4.62503918e-02
  -4.07443270e-02  5.65528544e-03  2.99552046e-02 -6.62942976e-02]
 [-8.04701354e-03 -7.54098818e-02 -6.89258054e-02 -6.50353879e-02
  -4.40464281e-02  1.24957459e-02 -9.80185438e-03 -4.68687192e-02
   5.45411967e-02  1.53997364e-02 -6.49848133e-02 -3.84747796e-02
   1.07052185e-01  5.35889193e-02 -5.56483716e-02  2.66188383e-03
  -7.12583214e-03  4.79656756e-02  4.24255431e-02  8.88584331e-02
   2.21632347e-01  1.19589604e-01 -7.05004781e-02  1.24574177e-01
   4.77698222e-02 -5.31618707e-02  1.67377070e-01  8.60700291e-03
   7.97728747e-02 -4.93741706e-02 -6.82694092e-02  1.23081677e-01
   7.01567754e-02 -4.46469039e-02 -2.88741011e-03  3.07315290e-02
   1.34501606e-01 -6.76008537e-02  2.95803756e-01 -8.90365615e-02
  -7.94228539e-02 -2.54826378e-02 -2.20103879e-02  4.95165959e-02
   1.25572234e-01 -6.50508404e-02  3.11778877e-02 -2.05461904e-02
  -1.56610161e-02 -3.33971567e-02 -1.00117654e-01  1.83290660e-01
   1.84770107e-01 -7.72126317e-02  7.21176192e-02  2.20790982e-01
  -6.28934130e-02 -1.02371469e-01  7.80233145e-02 -7.77800158e-02
   9.20432135e-02  1.46740958e-01  1.48463592e-01 -5.99869266e-02
  -6.90991804e-02  8.97335634e-02 -7.37935398e-03 -4.01509181e-02
  -1.98772885e-02  2.71872908e-01  5.20883054e-02 -6.38728961e-02
   5.40398508e-02 -7.79685453e-02  7.27324858e-02 -6.37806579e-02
   1.22679450e-01 -5.67510128e-02 -2.28881910e-02 -9.36107486e-02
   8.52324441e-02 -7.88908079e-02 -8.09646696e-02  1.40435085e-01
   9.31541845e-02 -1.20146185e-01  6.92297071e-02  8.40274394e-02
   4.55422886e-03 -4.05322425e-02 -8.35763365e-02  1.35158271e-01
   4.62512895e-02 -7.47956708e-02  3.24811302e-02  4.84753735e-02
   1.83840841e-01 -4.33597602e-02 -4.47850674e-02  4.65172455e-02
  -6.53610304e-02 -4.99319285e-02  2.46475544e-03 -2.72127651e-02
  -7.10359737e-02 -8.54366366e-03 -1.42150950e-02  1.73047232e-03
  -4.74680103e-02  5.98945767e-02  1.03179784e-02  3.37393843e-02
   1.29534245e-01  5.30196279e-02  9.58188344e-03  3.61301377e-02
  -4.55298424e-02  2.04066500e-01 -1.61628239e-02 -5.22800675e-03
  -3.12223062e-02 -6.07926883e-02  7.91713297e-02 -6.97247237e-02
   5.91558702e-02 -1.92458611e-02  1.38097122e-01 -2.16497052e-02]]
