[[ 0.10131075 -0.11485682 -0.05326708 -0.10024352  0.04882085  0.07605784
  -0.05769431 -0.03072391  0.08191442  0.05317825 -0.13640784  0.05598164
   0.01541734 -0.08680023 -0.02664395 -0.0902139   0.13919085  0.05812925
   0.04720438  0.00137529 -0.07007892  0.018369    0.04238667 -0.06187206
  -0.0126662  -0.06459434  0.03838044  0.24084176 -0.06708167 -0.06292961
  -0.04468351  0.10093582  0.05416424 -0.00768928  0.0522707  -0.0800771
   0.05667204 -0.12712154 -0.02954594 -0.06175278  0.11072563 -0.04038979
  -0.02810745  0.04730149  0.07907208  0.18829864  0.11361692 -0.1070141
   0.00912437 -0.06496943 -0.15956432 -0.08319177 -0.09157106  0.07764802
   0.18262051  0.14853542 -0.15405996  0.03505081  0.1363223  -0.05819878
   0.1250333   0.00798483 -0.06238209 -0.15081137  0.01901888 -0.05415064
   0.07802627 -0.03697732 -0.00078635  0.1561362  -0.01483864 -0.02482858
  -0.10073749 -0.06715562  0.16262944  0.18710954 -0.04579066 -0.00137014
  -0.07298858 -0.12737851  0.12260979 -0.02816588 -0.12812112  0.09011068
  -0.0915383  -0.08341166  0.10300133  0.0171174   0.02714499 -0.10402942
  -0.04051726 -0.09545471  0.2621504   0.00432392  0.01697124 -0.00782511
  -0.05350287 -0.06967089 -0.05452291  0.00819314  0.04298754 -0.03830985
  -0.05861796 -0.07929567 -0.04096293  0.00617501  0.06157472 -0.16428477
  -0.09865695  0.09528445 -0.08997574 -0.08499062  0.00151017  0.03584583
   0.03995837 -0.13371818  0.1426269  -0.01040256 -0.0528018  -0.11627144
  -0.12392771 -0.01533441  0.04035705  0.04486254 -0.03070786  0.01145435
   0.04891337 -0.06047957]
 [-0.00447894 -0.07938831 -0.08142199 -0.08026483 -0.04022403  0.02945183
  -0.0144156  -0.0518522   0.05211629  0.02002294 -0.06228157 -0.05105932
   0.11892157  0.0523476  -0.0524774  -0.00078757 -0.00804212  0.04090333
   0.05423206  0.08956814  0.21476845  0.12038893 -0.06927966  0.12245534
   0.05111114 -0.05164358  0.1696528   0.01096509  0.08525748 -0.05001995
  -0.06835958  0.11144067  0.07282427 -0.04319265  0.00892937  0.04804466
   0.12987584 -0.0699296   0.2906848  -0.08557816 -0.08074109 -0.02490371
  -0.01946911  0.06087468  0.13226983 -0.06110126  0.03008341 -0.02358711
  -0.02311568 -0.02883339 -0.09930813  0.16522363  0.18540955 -0.07848614
   0.07635694  0.21764006 -0.05612208 -0.09903446  0.07638907 -0.07971244
   0.09564856  0.14595258  0.15056486 -0.06170897 -0.06878112  0.08756039
  -0.01324952 -0.03902097 -0.01892851  0.274195    0.0423502  -0.06224174
   0.05524088 -0.07655192  0.07406288 -0.05962499  0.11149731 -0.05622767
  -0.02232593 -0.08729964  0.07909289 -0.08387616 -0.08148064  0.13713172
   0.10645547 -0.11919331  0.06746774  0.09553225  0.00220733 -0.04004677
  -0.0758511   0.14394665  0.04758483 -0.07451925  0.03426937  0.04994114
   0.18727024 -0.04136612 -0.04784958  0.04727941 -0.0661359  -0.04550131
   0.0075567  -0.01680752 -0.06679837  0.00177739 -0.00701174 -0.00223851
  -0.04513134  0.06170097  0.01858591  0.02713901  0.12090587  0.05748799
  -0.00251027  0.03833094 -0.04570026  0.20090109 -0.00928027 -0.00038949
  -0.03420103 -0.06178994  0.08499941 -0.07144025  0.06815273 -0.01949235
   0.14611824 -0.02799656]]
[[ 0.10131075 -0.11485682 -0.05326708 -0.10024352  0.04882085  0.07605784
  -0.05769431 -0.03072391  0.08191442  0.05317825 -0.13640784  0.05598164
   0.01541734 -0.08680023 -0.02664395 -0.0902139   0.13919085  0.05812925
   0.04720438  0.00137529 -0.07007892  0.018369    0.04238667 -0.06187206
  -0.0126662  -0.06459434  0.03838044  0.24084176 -0.06708167 -0.06292961
  -0.04468351  0.10093582  0.05416424 -0.00768928  0.0522707  -0.0800771
   0.05667204 -0.12712154 -0.02954594 -0.06175278  0.11072563 -0.04038979
  -0.02810745  0.04730149  0.07907208  0.18829864  0.11361692 -0.1070141
   0.00912437 -0.06496943 -0.15956432 -0.08319177 -0.09157106  0.07764802
   0.18262051  0.14853542 -0.15405996  0.03505081  0.1363223  -0.05819878
   0.1250333   0.00798483 -0.06238209 -0.15081137  0.01901888 -0.05415064
   0.07802627 -0.03697732 -0.00078635  0.1561362  -0.01483864 -0.02482858
  -0.10073749 -0.06715562  0.16262944  0.18710954 -0.04579066 -0.00137014
  -0.07298858 -0.12737851  0.12260979 -0.02816588 -0.12812112  0.09011068
  -0.0915383  -0.08341166  0.10300133  0.0171174   0.02714499 -0.10402942
  -0.04051726 -0.09545471  0.2621504   0.00432392  0.01697124 -0.00782511
  -0.05350287 -0.06967089 -0.05452291  0.00819314  0.04298754 -0.03830985
  -0.05861796 -0.07929567 -0.04096293  0.00617501  0.06157472 -0.16428477
  -0.09865695  0.09528445 -0.08997574 -0.08499062  0.00151017  0.03584583
   0.03995837 -0.13371818  0.1426269  -0.01040256 -0.0528018  -0.11627144
  -0.12392771 -0.01533441  0.04035705  0.04486254 -0.03070786  0.01145435
   0.04891337 -0.06047957]
 [-0.00447894 -0.07938831 -0.08142199 -0.08026483 -0.04022403  0.02945183
  -0.0144156  -0.0518522   0.05211629  0.02002294 -0.06228157 -0.05105932
   0.11892157  0.0523476  -0.0524774  -0.00078757 -0.00804212  0.04090333
   0.05423206  0.08956814  0.21476845  0.12038893 -0.06927966  0.12245534
   0.05111114 -0.05164358  0.1696528   0.01096509  0.08525748 -0.05001995
  -0.06835958  0.11144067  0.07282427 -0.04319265  0.00892937  0.04804466
   0.12987584 -0.0699296   0.2906848  -0.08557816 -0.08074109 -0.02490371
  -0.01946911  0.06087468  0.13226983 -0.06110126  0.03008341 -0.02358711
  -0.02311568 -0.02883339 -0.09930813  0.16522363  0.18540955 -0.07848614
   0.07635694  0.21764006 -0.05612208 -0.09903446  0.07638907 -0.07971244
   0.09564856  0.14595258  0.15056486 -0.06170897 -0.06878112  0.08756039
  -0.01324952 -0.03902097 -0.01892851  0.274195    0.0423502  -0.06224174
   0.05524088 -0.07655192  0.07406288 -0.05962499  0.11149731 -0.05622767
  -0.02232593 -0.08729964  0.07909289 -0.08387616 -0.08148064  0.13713172
   0.10645547 -0.11919331  0.06746774  0.09553225  0.00220733 -0.04004677
  -0.0758511   0.14394665  0.04758483 -0.07451925  0.03426937  0.04994114
   0.18727024 -0.04136612 -0.04784958  0.04727941 -0.0661359  -0.04550131
   0.0075567  -0.01680752 -0.06679837  0.00177739 -0.00701174 -0.00223851
  -0.04513134  0.06170097  0.01858591  0.02713901  0.12090587  0.05748799
  -0.00251027  0.03833094 -0.04570026  0.20090109 -0.00928027 -0.00038949
  -0.03420103 -0.06178994  0.08499941 -0.07144025  0.06815273 -0.01949235
   0.14611824 -0.02799656]]
[[ 0.10131075 -0.11485682 -0.05326708 -0.10024352  0.04882085  0.07605784
  -0.05769431 -0.03072391  0.08191442  0.05317825 -0.13640784  0.05598164
   0.01541734 -0.08680023 -0.02664395 -0.0902139   0.13919085  0.05812925
   0.04720438  0.00137529 -0.07007892  0.018369    0.04238667 -0.06187206
  -0.0126662  -0.06459434  0.03838044  0.24084176 -0.06708167 -0.06292961
  -0.04468351  0.10093582  0.05416424 -0.00768928  0.0522707  -0.0800771
   0.05667204 -0.12712154 -0.02954594 -0.06175278  0.11072563 -0.04038979
  -0.02810745  0.04730149  0.07907208  0.18829864  0.11361692 -0.1070141
   0.00912437 -0.06496943 -0.15956432 -0.08319177 -0.09157106  0.07764802
   0.18262051  0.14853542 -0.15405996  0.03505081  0.1363223  -0.05819878
   0.1250333   0.00798483 -0.06238209 -0.15081137  0.01901888 -0.05415064
   0.07802627 -0.03697732 -0.00078635  0.1561362  -0.01483864 -0.02482858
  -0.10073749 -0.06715562  0.16262944  0.18710954 -0.04579066 -0.00137014
  -0.07298858 -0.12737851  0.12260979 -0.02816588 -0.12812112  0.09011068
  -0.0915383  -0.08341166  0.10300133  0.0171174   0.02714499 -0.10402942
  -0.04051726 -0.09545471  0.2621504   0.00432392  0.01697124 -0.00782511
  -0.05350287 -0.06967089 -0.05452291  0.00819314  0.04298754 -0.03830985
  -0.05861796 -0.07929567 -0.04096293  0.00617501  0.06157472 -0.16428477
  -0.09865695  0.09528445 -0.08997574 -0.08499062  0.00151017  0.03584583
   0.03995837 -0.13371818  0.1426269  -0.01040256 -0.0528018  -0.11627144
  -0.12392771 -0.01533441  0.04035705  0.04486254 -0.03070786  0.01145435
   0.04891337 -0.06047957]
 [-0.00447894 -0.07938831 -0.08142199 -0.08026483 -0.04022403  0.02945183
  -0.0144156  -0.0518522   0.05211629  0.02002294 -0.06228157 -0.05105932
   0.11892157  0.0523476  -0.0524774  -0.00078757 -0.00804212  0.04090333
   0.05423206  0.08956814  0.21476845  0.12038893 -0.06927966  0.12245534
   0.05111114 -0.05164358  0.1696528   0.01096509  0.08525748 -0.05001995
  -0.06835958  0.11144067  0.07282427 -0.04319265  0.00892937  0.04804466
   0.12987584 -0.0699296   0.2906848  -0.08557816 -0.08074109 -0.02490371
  -0.01946911  0.06087468  0.13226983 -0.06110126  0.03008341 -0.02358711
  -0.02311568 -0.02883339 -0.09930813  0.16522363  0.18540955 -0.07848614
   0.07635694  0.21764006 -0.05612208 -0.09903446  0.07638907 -0.07971244
   0.09564856  0.14595258  0.15056486 -0.06170897 -0.06878112  0.08756039
  -0.01324952 -0.03902097 -0.01892851  0.274195    0.0423502  -0.06224174
   0.05524088 -0.07655192  0.07406288 -0.05962499  0.11149731 -0.05622767
  -0.02232593 -0.08729964  0.07909289 -0.08387616 -0.08148064  0.13713172
   0.10645547 -0.11919331  0.06746774  0.09553225  0.00220733 -0.04004677
  -0.0758511   0.14394665  0.04758483 -0.07451925  0.03426937  0.04994114
   0.18727024 -0.04136612 -0.04784958  0.04727941 -0.0661359  -0.04550131
   0.0075567  -0.01680752 -0.06679837  0.00177739 -0.00701174 -0.00223851
  -0.04513134  0.06170097  0.01858591  0.02713901  0.12090587  0.05748799
  -0.00251027  0.03833094 -0.04570026  0.20090109 -0.00928027 -0.00038949
  -0.03420103 -0.06178994  0.08499941 -0.07144025  0.06815273 -0.01949235
   0.14611824 -0.02799656]]
