[[ 1.16281189e-01 -1.20847978e-01 -3.57248485e-02 -1.38647094e-01
   9.71975252e-02  5.53356521e-02  7.23366737e-02 -1.46358758e-02
   1.25267923e-01  7.58297220e-02 -1.54318988e-01  5.85139096e-02
   5.68389669e-02 -7.52944797e-02  2.07443982e-02 -1.03850670e-01
   1.75592735e-01  5.48249930e-02 -4.62040864e-03 -6.83004633e-02
  -1.08213142e-01 -1.07629754e-01  3.23392898e-02 -8.68134946e-02
  -2.54900809e-02 -1.15932003e-01  6.19307160e-02  2.62796938e-01
  -8.47943202e-02 -1.92323346e-02 -8.54489654e-02  1.73476696e-01
   8.46545696e-02 -6.71439916e-02  7.89349303e-02 -5.11666387e-02
   1.19844623e-01 -1.39920712e-01 -2.35548932e-02 -4.30957563e-02
   1.12795532e-01  7.98802674e-02  5.23744011e-03  1.32623643e-01
   9.27171186e-02  1.99201286e-01  3.33891660e-02 -1.13603488e-01
  -5.84778674e-02 -5.47736064e-02 -8.56994689e-02 -6.31526262e-02
  -7.91237131e-02  2.75786202e-02 -1.55700678e-02  3.02642789e-02
  -1.56943753e-01 -9.13076475e-03 -1.83697827e-02 -9.03129354e-02
   9.54496190e-02 -2.10792944e-02 -7.60503635e-02 -1.17601968e-01
  -7.09253177e-02 -1.01110660e-01  3.53181884e-02 -2.31734049e-02
  -5.40696383e-02  1.93259716e-02 -6.12581968e-02 -4.01549861e-02
  -1.00959308e-01 -5.33005409e-02  2.08637744e-01  1.46613494e-01
  -1.03277229e-01  9.66807269e-03 -1.56889204e-02 -8.57262611e-02
   1.01548359e-01 -3.97797301e-02 -1.23582251e-01  1.57755777e-01
  -4.85934652e-02 -8.53990391e-02 -4.41882052e-02  7.18002766e-02
  -6.99787214e-02 -1.19174160e-01 -2.05093976e-02 -9.91998985e-02
   2.07282871e-01 -2.78695580e-02  1.92079749e-02 -1.60041247e-02
  -9.28097814e-02 -2.91431993e-02  1.54952938e-03 -6.62839264e-02
   8.42814595e-02 -2.02270541e-02 -1.10635735e-01 -2.49325484e-02
   4.71134251e-03 -4.48172353e-02  2.90797977e-03 -1.18829735e-01
  -1.19243436e-01  4.48131226e-02 -5.24099767e-02 -6.91947863e-02
   1.56024657e-02  3.23024578e-02  7.34752715e-02 -1.24666288e-01
  -6.81567565e-02 -3.75161283e-02 -5.39038740e-02 -1.30708024e-01
  -1.28908828e-01 -4.75240499e-02  4.19592410e-02 -3.05324234e-02
  -1.00077335e-02 -7.51683190e-02 -6.04372956e-02 -4.33726236e-03]
 [-4.43584807e-02 -6.30826727e-02 -4.74363826e-02 -4.67293933e-02
  -6.11916892e-02 -1.12467464e-02 -1.83822699e-02 -4.74847294e-02
   1.78510174e-02 -1.79769211e-02 -6.67172000e-02 -6.07315563e-02
   6.01984449e-02  9.23166350e-02 -7.93337002e-02  7.26711703e-03
  -2.30659321e-02  8.23664963e-02  1.99091341e-02  9.28702131e-02
   2.13092268e-01  8.41897056e-02 -8.27021226e-02  1.26462147e-01
   7.19930753e-02 -6.91276714e-02  1.89403489e-01  1.59679935e-03
   5.20757213e-02 -5.58964387e-02 -7.76432902e-02  7.90882111e-02
   6.41284883e-02 -3.98488082e-02 -2.19537206e-02 -6.75857952e-03
   1.31800339e-01 -6.01387769e-02  2.96665192e-01 -9.08013508e-02
  -7.86817595e-02 -3.07594165e-02 -3.87116782e-02  4.04282585e-02
   1.06339030e-01 -7.62652606e-02  3.62889632e-03 -5.50900996e-02
  -1.13165984e-03 -7.69689074e-03 -1.05737858e-01  2.22995937e-01
   1.78776950e-01 -7.38884583e-02  5.64286597e-02  1.75216183e-01
  -8.18664953e-02 -1.32564351e-01  6.29407912e-02 -7.94365853e-02
   9.40538347e-02  1.36298940e-01  1.85021892e-01 -6.45518750e-02
  -6.77493587e-02  1.55408368e-01 -9.42672079e-04 -1.92054026e-02
  -4.09848727e-02  2.22485378e-01 -2.64448841e-04 -7.03518987e-02
   6.88651800e-02 -9.38051045e-02  9.04402956e-02 -9.16008726e-02
   9.38889682e-02 -4.50563431e-02 -3.32730152e-02 -1.05817810e-01
   2.37523075e-02 -7.81485289e-02 -8.45145881e-02  1.29732236e-01
   6.62934929e-02 -1.32874027e-01  4.78405580e-02  8.48353356e-02
  -3.59932519e-02 -9.92045738e-03 -9.51653421e-02  1.63310796e-01
   9.74236336e-03 -7.49159306e-02  7.33730420e-02  5.77144325e-02
   1.47415072e-01 -5.59620038e-02 -3.20307165e-02  3.94921042e-02
  -6.33605942e-02 -7.31318444e-02 -9.33840126e-03 -6.19494803e-02
  -9.48266238e-02 -1.29359104e-02 -4.17377949e-02  2.88348366e-02
  -5.62922992e-02  6.51694462e-02  3.35668921e-02  9.12787765e-02
   1.53554589e-01  3.43989022e-02  6.83386028e-02  3.86608057e-02
  -5.36932461e-02  1.68853432e-01 -3.58636603e-02  5.67962974e-02
  -1.52339628e-02 -6.29557073e-02  3.33249792e-02 -7.58277848e-02
   2.77329143e-02 -3.16634891e-04  1.16052598e-01  1.81483431e-03]]
[[ 1.16281189e-01 -1.20847978e-01 -3.57248485e-02 -1.38647094e-01
   9.71975252e-02  5.53356521e-02  7.23366737e-02 -1.46358758e-02
   1.25267923e-01  7.58297220e-02 -1.54318988e-01  5.85139096e-02
   5.68389669e-02 -7.52944797e-02  2.07443982e-02 -1.03850670e-01
   1.75592735e-01  5.48249930e-02 -4.62040864e-03 -6.83004633e-02
  -1.08213142e-01 -1.07629754e-01  3.23392898e-02 -8.68134946e-02
  -2.54900809e-02 -1.15932003e-01  6.19307160e-02  2.62796938e-01
  -8.47943202e-02 -1.92323346e-02 -8.54489654e-02  1.73476696e-01
   8.46545696e-02 -6.71439916e-02  7.89349303e-02 -5.11666387e-02
   1.19844623e-01 -1.39920712e-01 -2.35548932e-02 -4.30957563e-02
   1.12795532e-01  7.98802674e-02  5.23744011e-03  1.32623643e-01
   9.27171186e-02  1.99201286e-01  3.33891660e-02 -1.13603488e-01
  -5.84778674e-02 -5.47736064e-02 -8.56994689e-02 -6.31526262e-02
  -7.91237131e-02  2.75786202e-02 -1.55700678e-02  3.02642789e-02
  -1.56943753e-01 -9.13076475e-03 -1.83697827e-02 -9.03129354e-02
   9.54496190e-02 -2.10792944e-02 -7.60503635e-02 -1.17601968e-01
  -7.09253177e-02 -1.01110660e-01  3.53181884e-02 -2.31734049e-02
  -5.40696383e-02  1.93259716e-02 -6.12581968e-02 -4.01549861e-02
  -1.00959308e-01 -5.33005409e-02  2.08637744e-01  1.46613494e-01
  -1.03277229e-01  9.66807269e-03 -1.56889204e-02 -8.57262611e-02
   1.01548359e-01 -3.97797301e-02 -1.23582251e-01  1.57755777e-01
  -4.85934652e-02 -8.53990391e-02 -4.41882052e-02  7.18002766e-02
  -6.99787214e-02 -1.19174160e-01 -2.05093976e-02 -9.91998985e-02
   2.07282871e-01 -2.78695580e-02  1.92079749e-02 -1.60041247e-02
  -9.28097814e-02 -2.91431993e-02  1.54952938e-03 -6.62839264e-02
   8.42814595e-02 -2.02270541e-02 -1.10635735e-01 -2.49325484e-02
   4.71134251e-03 -4.48172353e-02  2.90797977e-03 -1.18829735e-01
  -1.19243436e-01  4.48131226e-02 -5.24099767e-02 -6.91947863e-02
   1.56024657e-02  3.23024578e-02  7.34752715e-02 -1.24666288e-01
  -6.81567565e-02 -3.75161283e-02 -5.39038740e-02 -1.30708024e-01
  -1.28908828e-01 -4.75240499e-02  4.19592410e-02 -3.05324234e-02
  -1.00077335e-02 -7.51683190e-02 -6.04372956e-02 -4.33726236e-03]
 [-4.43584807e-02 -6.30826727e-02 -4.74363826e-02 -4.67293933e-02
  -6.11916892e-02 -1.12467464e-02 -1.83822699e-02 -4.74847294e-02
   1.78510174e-02 -1.79769211e-02 -6.67172000e-02 -6.07315563e-02
   6.01984449e-02  9.23166350e-02 -7.93337002e-02  7.26711703e-03
  -2.30659321e-02  8.23664963e-02  1.99091341e-02  9.28702131e-02
   2.13092268e-01  8.41897056e-02 -8.27021226e-02  1.26462147e-01
   7.19930753e-02 -6.91276714e-02  1.89403489e-01  1.59679935e-03
   5.20757213e-02 -5.58964387e-02 -7.76432902e-02  7.90882111e-02
   6.41284883e-02 -3.98488082e-02 -2.19537206e-02 -6.75857952e-03
   1.31800339e-01 -6.01387769e-02  2.96665192e-01 -9.08013508e-02
  -7.86817595e-02 -3.07594165e-02 -3.87116782e-02  4.04282585e-02
   1.06339030e-01 -7.62652606e-02  3.62889632e-03 -5.50900996e-02
  -1.13165984e-03 -7.69689074e-03 -1.05737858e-01  2.22995937e-01
   1.78776950e-01 -7.38884583e-02  5.64286597e-02  1.75216183e-01
  -8.18664953e-02 -1.32564351e-01  6.29407912e-02 -7.94365853e-02
   9.40538347e-02  1.36298940e-01  1.85021892e-01 -6.45518750e-02
  -6.77493587e-02  1.55408368e-01 -9.42672079e-04 -1.92054026e-02
  -4.09848727e-02  2.22485378e-01 -2.64448841e-04 -7.03518987e-02
   6.88651800e-02 -9.38051045e-02  9.04402956e-02 -9.16008726e-02
   9.38889682e-02 -4.50563431e-02 -3.32730152e-02 -1.05817810e-01
   2.37523075e-02 -7.81485289e-02 -8.45145881e-02  1.29732236e-01
   6.62934929e-02 -1.32874027e-01  4.78405580e-02  8.48353356e-02
  -3.59932519e-02 -9.92045738e-03 -9.51653421e-02  1.63310796e-01
   9.74236336e-03 -7.49159306e-02  7.33730420e-02  5.77144325e-02
   1.47415072e-01 -5.59620038e-02 -3.20307165e-02  3.94921042e-02
  -6.33605942e-02 -7.31318444e-02 -9.33840126e-03 -6.19494803e-02
  -9.48266238e-02 -1.29359104e-02 -4.17377949e-02  2.88348366e-02
  -5.62922992e-02  6.51694462e-02  3.35668921e-02  9.12787765e-02
   1.53554589e-01  3.43989022e-02  6.83386028e-02  3.86608057e-02
  -5.36932461e-02  1.68853432e-01 -3.58636603e-02  5.67962974e-02
  -1.52339628e-02 -6.29557073e-02  3.33249792e-02 -7.58277848e-02
   2.77329143e-02 -3.16634891e-04  1.16052598e-01  1.81483431e-03]]
[[ 1.16281189e-01 -1.20847978e-01 -3.57248485e-02 -1.38647094e-01
   9.71975252e-02  5.53356521e-02  7.23366737e-02 -1.46358758e-02
   1.25267923e-01  7.58297220e-02 -1.54318988e-01  5.85139096e-02
   5.68389669e-02 -7.52944797e-02  2.07443982e-02 -1.03850670e-01
   1.75592735e-01  5.48249930e-02 -4.62040864e-03 -6.83004633e-02
  -1.08213142e-01 -1.07629754e-01  3.23392898e-02 -8.68134946e-02
  -2.54900809e-02 -1.15932003e-01  6.19307160e-02  2.62796938e-01
  -8.47943202e-02 -1.92323346e-02 -8.54489654e-02  1.73476696e-01
   8.46545696e-02 -6.71439916e-02  7.89349303e-02 -5.11666387e-02
   1.19844623e-01 -1.39920712e-01 -2.35548932e-02 -4.30957563e-02
   1.12795532e-01  7.98802674e-02  5.23744011e-03  1.32623643e-01
   9.27171186e-02  1.99201286e-01  3.33891660e-02 -1.13603488e-01
  -5.84778674e-02 -5.47736064e-02 -8.56994689e-02 -6.31526262e-02
  -7.91237131e-02  2.75786202e-02 -1.55700678e-02  3.02642789e-02
  -1.56943753e-01 -9.13076475e-03 -1.83697827e-02 -9.03129354e-02
   9.54496190e-02 -2.10792944e-02 -7.60503635e-02 -1.17601968e-01
  -7.09253177e-02 -1.01110660e-01  3.53181884e-02 -2.31734049e-02
  -5.40696383e-02  1.93259716e-02 -6.12581968e-02 -4.01549861e-02
  -1.00959308e-01 -5.33005409e-02  2.08637744e-01  1.46613494e-01
  -1.03277229e-01  9.66807269e-03 -1.56889204e-02 -8.57262611e-02
   1.01548359e-01 -3.97797301e-02 -1.23582251e-01  1.57755777e-01
  -4.85934652e-02 -8.53990391e-02 -4.41882052e-02  7.18002766e-02
  -6.99787214e-02 -1.19174160e-01 -2.05093976e-02 -9.91998985e-02
   2.07282871e-01 -2.78695580e-02  1.92079749e-02 -1.60041247e-02
  -9.28097814e-02 -2.91431993e-02  1.54952938e-03 -6.62839264e-02
   8.42814595e-02 -2.02270541e-02 -1.10635735e-01 -2.49325484e-02
   4.71134251e-03 -4.48172353e-02  2.90797977e-03 -1.18829735e-01
  -1.19243436e-01  4.48131226e-02 -5.24099767e-02 -6.91947863e-02
   1.56024657e-02  3.23024578e-02  7.34752715e-02 -1.24666288e-01
  -6.81567565e-02 -3.75161283e-02 -5.39038740e-02 -1.30708024e-01
  -1.28908828e-01 -4.75240499e-02  4.19592410e-02 -3.05324234e-02
  -1.00077335e-02 -7.51683190e-02 -6.04372956e-02 -4.33726236e-03]
 [-4.43584807e-02 -6.30826727e-02 -4.74363826e-02 -4.67293933e-02
  -6.11916892e-02 -1.12467464e-02 -1.83822699e-02 -4.74847294e-02
   1.78510174e-02 -1.79769211e-02 -6.67172000e-02 -6.07315563e-02
   6.01984449e-02  9.23166350e-02 -7.93337002e-02  7.26711703e-03
  -2.30659321e-02  8.23664963e-02  1.99091341e-02  9.28702131e-02
   2.13092268e-01  8.41897056e-02 -8.27021226e-02  1.26462147e-01
   7.19930753e-02 -6.91276714e-02  1.89403489e-01  1.59679935e-03
   5.20757213e-02 -5.58964387e-02 -7.76432902e-02  7.90882111e-02
   6.41284883e-02 -3.98488082e-02 -2.19537206e-02 -6.75857952e-03
   1.31800339e-01 -6.01387769e-02  2.96665192e-01 -9.08013508e-02
  -7.86817595e-02 -3.07594165e-02 -3.87116782e-02  4.04282585e-02
   1.06339030e-01 -7.62652606e-02  3.62889632e-03 -5.50900996e-02
  -1.13165984e-03 -7.69689074e-03 -1.05737858e-01  2.22995937e-01
   1.78776950e-01 -7.38884583e-02  5.64286597e-02  1.75216183e-01
  -8.18664953e-02 -1.32564351e-01  6.29407912e-02 -7.94365853e-02
   9.40538347e-02  1.36298940e-01  1.85021892e-01 -6.45518750e-02
  -6.77493587e-02  1.55408368e-01 -9.42672079e-04 -1.92054026e-02
  -4.09848727e-02  2.22485378e-01 -2.64448841e-04 -7.03518987e-02
   6.88651800e-02 -9.38051045e-02  9.04402956e-02 -9.16008726e-02
   9.38889682e-02 -4.50563431e-02 -3.32730152e-02 -1.05817810e-01
   2.37523075e-02 -7.81485289e-02 -8.45145881e-02  1.29732236e-01
   6.62934929e-02 -1.32874027e-01  4.78405580e-02  8.48353356e-02
  -3.59932519e-02 -9.92045738e-03 -9.51653421e-02  1.63310796e-01
   9.74236336e-03 -7.49159306e-02  7.33730420e-02  5.77144325e-02
   1.47415072e-01 -5.59620038e-02 -3.20307165e-02  3.94921042e-02
  -6.33605942e-02 -7.31318444e-02 -9.33840126e-03 -6.19494803e-02
  -9.48266238e-02 -1.29359104e-02 -4.17377949e-02  2.88348366e-02
  -5.62922992e-02  6.51694462e-02  3.35668921e-02  9.12787765e-02
   1.53554589e-01  3.43989022e-02  6.83386028e-02  3.86608057e-02
  -5.36932461e-02  1.68853432e-01 -3.58636603e-02  5.67962974e-02
  -1.52339628e-02 -6.29557073e-02  3.33249792e-02 -7.58277848e-02
   2.77329143e-02 -3.16634891e-04  1.16052598e-01  1.81483431e-03]]
