[[ 0.083028   -0.00643593  0.03986851 -0.06546767  0.06474595  0.08653887
  -0.06146334 -0.03062564  0.05588549  0.02913167 -0.15139422  0.08006845
   0.03948258 -0.09307246  0.03139555 -0.00590482  0.04003503  0.05341145
   0.07297134  0.14684    -0.10668621 -0.03871644 -0.02067853 -0.05267174
  -0.0534812  -0.07330651  0.06690775  0.19600134 -0.0734334  -0.0451616
  -0.06823529  0.05454556  0.06330818 -0.03973017  0.06383987 -0.05078616
   0.04614464 -0.11173449 -0.03759206 -0.08026111  0.09618404 -0.07533593
  -0.02663909  0.16996557  0.08438189  0.23185554 -0.00405982 -0.09732759
   0.03440833 -0.09588427 -0.16435951 -0.04975112 -0.11845805 -0.00565291
   0.13621591  0.12329935 -0.14352618 -0.02789816  0.10288803 -0.06280009
   0.11559442 -0.02755494 -0.0972179  -0.12004575 -0.04942179 -0.10907476
   0.15690084  0.01178771 -0.05931919 -0.0071063  -0.04207609 -0.06783747
  -0.07579371 -0.10076308  0.22203404  0.06994148 -0.07541056  0.00959511
  -0.06000556 -0.06534798  0.02861287 -0.03176355 -0.130389    0.1099744
  -0.11575758 -0.07606123 -0.00865644 -0.02037488 -0.06193616 -0.07604975
  -0.06524771 -0.09905342  0.2503402   0.11954779  0.05131782 -0.03439144
  -0.07495678 -0.11480257 -0.01958226 -0.0393527   0.03805056 -0.05449577
  -0.08014028 -0.07321462 -0.07970727 -0.02858634  0.01387315 -0.19325337
  -0.0787542   0.04779115 -0.07576994 -0.06441021 -0.02539684 -0.02951538
   0.08652358 -0.14036521  0.17455068 -0.08076797 -0.06365293 -0.11168801
  -0.12174249 -0.02818337  0.03238178  0.08101702 -0.06499861  0.0039908
  -0.02077971 -0.0589017 ]
 [-0.03039498 -0.0681483  -0.06066977 -0.04879326 -0.05311316 -0.00698283
   0.00237942 -0.03362059  0.04666612  0.00191902 -0.06477399 -0.0552901
   0.09072112  0.06475253 -0.07120889  0.00643711 -0.01312029  0.05125773
   0.04249172  0.0790751   0.20469363  0.08855391 -0.08179275  0.1193364
   0.0408562  -0.05520623  0.17654984  0.00467535  0.08143985 -0.05611897
  -0.07376174  0.1110163   0.06135835 -0.03614034 -0.01687871  0.01357069
   0.13339594 -0.06858355  0.285723   -0.0932886  -0.0801155  -0.01446927
  -0.02393291  0.04839811  0.12000301 -0.06641092  0.00966949 -0.03703462
  -0.014079   -0.02927339 -0.10178175  0.23031677  0.16855165 -0.0781416
   0.03918067  0.20107931 -0.07819343 -0.12415675  0.08404777 -0.08060703
   0.10867026  0.15719117  0.14959922 -0.07231905 -0.06735364  0.14129972
  -0.00601991 -0.02704598 -0.0290845   0.24001956  0.03567922 -0.07120781
   0.07361233 -0.08473261  0.07911082 -0.07616968  0.11579318 -0.05354252
  -0.01342695 -0.10332029  0.05530062 -0.07776007 -0.08336372  0.1206186
   0.07286882 -0.13251731  0.07596426  0.09965491 -0.01096682 -0.02432583
  -0.09350877  0.15570153  0.03172322 -0.07826024  0.04046311  0.05592
   0.15620393 -0.0509421  -0.02303247  0.04843341 -0.05576107 -0.0620309
  -0.00871299 -0.0468198  -0.08882702 -0.00394296 -0.04086966  0.02422548
  -0.04910966  0.06824625  0.05325129  0.06411104  0.14781992  0.05546264
   0.04132871  0.03081122 -0.04878754  0.19220304 -0.02534102  0.00048104
  -0.02233582 -0.06830655  0.05681516 -0.07288945  0.0370431   0.01192209
   0.14528313 -0.01643766]]
[[ 0.083028   -0.00643593  0.03986851 -0.06546767  0.06474595  0.08653887
  -0.06146334 -0.03062564  0.05588549  0.02913167 -0.15139422  0.08006845
   0.03948258 -0.09307246  0.03139555 -0.00590482  0.04003503  0.05341145
   0.07297134  0.14684    -0.10668621 -0.03871644 -0.02067853 -0.05267174
  -0.0534812  -0.07330651  0.06690775  0.19600134 -0.0734334  -0.0451616
  -0.06823529  0.05454556  0.06330818 -0.03973017  0.06383987 -0.05078616
   0.04614464 -0.11173449 -0.03759206 -0.08026111  0.09618404 -0.07533593
  -0.02663909  0.16996557  0.08438189  0.23185554 -0.00405982 -0.09732759
   0.03440833 -0.09588427 -0.16435951 -0.04975112 -0.11845805 -0.00565291
   0.13621591  0.12329935 -0.14352618 -0.02789816  0.10288803 -0.06280009
   0.11559442 -0.02755494 -0.0972179  -0.12004575 -0.04942179 -0.10907476
   0.15690084  0.01178771 -0.05931919 -0.0071063  -0.04207609 -0.06783747
  -0.07579371 -0.10076308  0.22203404  0.06994148 -0.07541056  0.00959511
  -0.06000556 -0.06534798  0.02861287 -0.03176355 -0.130389    0.1099744
  -0.11575758 -0.07606123 -0.00865644 -0.02037488 -0.06193616 -0.07604975
  -0.06524771 -0.09905342  0.2503402   0.11954779  0.05131782 -0.03439144
  -0.07495678 -0.11480257 -0.01958226 -0.0393527   0.03805056 -0.05449577
  -0.08014028 -0.07321462 -0.07970727 -0.02858634  0.01387315 -0.19325337
  -0.0787542   0.04779115 -0.07576994 -0.06441021 -0.02539684 -0.02951538
   0.08652358 -0.14036521  0.17455068 -0.08076797 -0.06365293 -0.11168801
  -0.12174249 -0.02818337  0.03238178  0.08101702 -0.06499861  0.0039908
  -0.02077971 -0.0589017 ]
 [-0.03039498 -0.0681483  -0.06066977 -0.04879326 -0.05311316 -0.00698283
   0.00237942 -0.03362059  0.04666612  0.00191902 -0.06477399 -0.0552901
   0.09072112  0.06475253 -0.07120889  0.00643711 -0.01312029  0.05125773
   0.04249172  0.0790751   0.20469363  0.08855391 -0.08179275  0.1193364
   0.0408562  -0.05520623  0.17654984  0.00467535  0.08143985 -0.05611897
  -0.07376174  0.1110163   0.06135835 -0.03614034 -0.01687871  0.01357069
   0.13339594 -0.06858355  0.285723   -0.0932886  -0.0801155  -0.01446927
  -0.02393291  0.04839811  0.12000301 -0.06641092  0.00966949 -0.03703462
  -0.014079   -0.02927339 -0.10178175  0.23031677  0.16855165 -0.0781416
   0.03918067  0.20107931 -0.07819343 -0.12415675  0.08404777 -0.08060703
   0.10867026  0.15719117  0.14959922 -0.07231905 -0.06735364  0.14129972
  -0.00601991 -0.02704598 -0.0290845   0.24001956  0.03567922 -0.07120781
   0.07361233 -0.08473261  0.07911082 -0.07616968  0.11579318 -0.05354252
  -0.01342695 -0.10332029  0.05530062 -0.07776007 -0.08336372  0.1206186
   0.07286882 -0.13251731  0.07596426  0.09965491 -0.01096682 -0.02432583
  -0.09350877  0.15570153  0.03172322 -0.07826024  0.04046311  0.05592
   0.15620393 -0.0509421  -0.02303247  0.04843341 -0.05576107 -0.0620309
  -0.00871299 -0.0468198  -0.08882702 -0.00394296 -0.04086966  0.02422548
  -0.04910966  0.06824625  0.05325129  0.06411104  0.14781992  0.05546264
   0.04132871  0.03081122 -0.04878754  0.19220304 -0.02534102  0.00048104
  -0.02233582 -0.06830655  0.05681516 -0.07288945  0.0370431   0.01192209
   0.14528313 -0.01643766]]
[[ 0.083028   -0.00643593  0.03986851 -0.06546767  0.06474595  0.08653887
  -0.06146334 -0.03062564  0.05588549  0.02913167 -0.15139422  0.08006845
   0.03948258 -0.09307246  0.03139555 -0.00590482  0.04003503  0.05341145
   0.07297134  0.14684    -0.10668621 -0.03871644 -0.02067853 -0.05267174
  -0.0534812  -0.07330651  0.06690775  0.19600134 -0.0734334  -0.0451616
  -0.06823529  0.05454556  0.06330818 -0.03973017  0.06383987 -0.05078616
   0.04614464 -0.11173449 -0.03759206 -0.08026111  0.09618404 -0.07533593
  -0.02663909  0.16996557  0.08438189  0.23185554 -0.00405982 -0.09732759
   0.03440833 -0.09588427 -0.16435951 -0.04975112 -0.11845805 -0.00565291
   0.13621591  0.12329935 -0.14352618 -0.02789816  0.10288803 -0.06280009
   0.11559442 -0.02755494 -0.0972179  -0.12004575 -0.04942179 -0.10907476
   0.15690084  0.01178771 -0.05931919 -0.0071063  -0.04207609 -0.06783747
  -0.07579371 -0.10076308  0.22203404  0.06994148 -0.07541056  0.00959511
  -0.06000556 -0.06534798  0.02861287 -0.03176355 -0.130389    0.1099744
  -0.11575758 -0.07606123 -0.00865644 -0.02037488 -0.06193616 -0.07604975
  -0.06524771 -0.09905342  0.2503402   0.11954779  0.05131782 -0.03439144
  -0.07495678 -0.11480257 -0.01958226 -0.0393527   0.03805056 -0.05449577
  -0.08014028 -0.07321462 -0.07970727 -0.02858634  0.01387315 -0.19325337
  -0.0787542   0.04779115 -0.07576994 -0.06441021 -0.02539684 -0.02951538
   0.08652358 -0.14036521  0.17455068 -0.08076797 -0.06365293 -0.11168801
  -0.12174249 -0.02818337  0.03238178  0.08101702 -0.06499861  0.0039908
  -0.02077971 -0.0589017 ]
 [-0.03039498 -0.0681483  -0.06066977 -0.04879326 -0.05311316 -0.00698283
   0.00237942 -0.03362059  0.04666612  0.00191902 -0.06477399 -0.0552901
   0.09072112  0.06475253 -0.07120889  0.00643711 -0.01312029  0.05125773
   0.04249172  0.0790751   0.20469363  0.08855391 -0.08179275  0.1193364
   0.0408562  -0.05520623  0.17654984  0.00467535  0.08143985 -0.05611897
  -0.07376174  0.1110163   0.06135835 -0.03614034 -0.01687871  0.01357069
   0.13339594 -0.06858355  0.285723   -0.0932886  -0.0801155  -0.01446927
  -0.02393291  0.04839811  0.12000301 -0.06641092  0.00966949 -0.03703462
  -0.014079   -0.02927339 -0.10178175  0.23031677  0.16855165 -0.0781416
   0.03918067  0.20107931 -0.07819343 -0.12415675  0.08404777 -0.08060703
   0.10867026  0.15719117  0.14959922 -0.07231905 -0.06735364  0.14129972
  -0.00601991 -0.02704598 -0.0290845   0.24001956  0.03567922 -0.07120781
   0.07361233 -0.08473261  0.07911082 -0.07616968  0.11579318 -0.05354252
  -0.01342695 -0.10332029  0.05530062 -0.07776007 -0.08336372  0.1206186
   0.07286882 -0.13251731  0.07596426  0.09965491 -0.01096682 -0.02432583
  -0.09350877  0.15570153  0.03172322 -0.07826024  0.04046311  0.05592
   0.15620393 -0.0509421  -0.02303247  0.04843341 -0.05576107 -0.0620309
  -0.00871299 -0.0468198  -0.08882702 -0.00394296 -0.04086966  0.02422548
  -0.04910966  0.06824625  0.05325129  0.06411104  0.14781992  0.05546264
   0.04132871  0.03081122 -0.04878754  0.19220304 -0.02534102  0.00048104
  -0.02233582 -0.06830655  0.05681516 -0.07288945  0.0370431   0.01192209
   0.14528313 -0.01643766]]
