[[ 9.94445384e-02 -3.98216099e-02  2.30015703e-02 -7.14386255e-02
   7.56270587e-02  1.16114795e-01 -5.09824157e-02 -4.60364670e-02
   1.33695275e-01  2.25775838e-02 -1.57324016e-01  7.72793889e-02
   2.39311419e-02 -8.88494775e-02  3.44029777e-02 -2.09568609e-02
   6.89759478e-02  2.09289789e-02  5.96654303e-02  1.15422599e-01
  -1.07607134e-01 -6.80372640e-02 -2.52001807e-02 -6.83862492e-02
  -2.57839542e-02 -7.96445906e-02  7.68384412e-02  2.36170754e-01
  -6.27314523e-02 -3.86767797e-02 -8.21430311e-02  6.30649254e-02
   4.23324592e-02 -3.31669673e-02  9.14945230e-02 -3.98337655e-02
   6.48992956e-02 -1.24694109e-01 -3.88291627e-02 -8.82283077e-02
   1.05369374e-01 -5.18312454e-02  1.23461243e-02  1.66562185e-01
   1.06355466e-01  2.36881599e-01  1.04534593e-04 -9.93853509e-02
  -2.94994446e-03 -9.22931433e-02 -1.56621248e-01 -6.39961064e-02
  -1.12920187e-01 -3.20684016e-02  1.45283550e-01  6.14611842e-02
  -1.48010641e-01 -2.89946925e-02  5.59976585e-02 -6.61028102e-02
   9.63068604e-02 -5.75486720e-02 -9.16935280e-02 -1.15808725e-01
  -3.79396714e-02 -1.22933067e-01  1.47676989e-01  4.54584369e-03
  -5.03145009e-02 -1.53139513e-02 -5.31541854e-02 -3.81628238e-02
  -6.63704053e-02 -8.60885307e-02  2.09233597e-01  6.42875209e-02
  -7.67685995e-02  8.37808754e-03 -6.18165769e-02 -6.03355244e-02
   2.52557192e-02 -5.48796877e-02 -1.28559053e-01  1.22381009e-01
  -1.05096005e-01 -6.60042986e-02 -3.40147801e-02 -1.88059313e-03
  -4.35194261e-02 -9.87889022e-02 -6.01801202e-02 -1.01561546e-01
   2.50675231e-01  1.33804128e-01  6.12040088e-02 -2.31009275e-02
  -7.26909637e-02 -1.08064592e-01 -1.76839419e-02 -4.84292470e-02
   5.98873794e-02 -5.50952442e-02 -9.57268327e-02 -3.54388021e-02
  -4.73451726e-02 -2.93826554e-02  1.66359404e-03 -1.97561279e-01
  -9.19920951e-02  6.05837740e-02 -6.62779585e-02 -7.17406720e-02
  -4.11832444e-02 -4.24856460e-03  6.71985894e-02 -1.43979535e-01
   1.06204323e-01 -6.71607852e-02 -5.49888387e-02 -1.14913955e-01
  -1.30838677e-01 -3.78715596e-03  3.79998572e-02  5.38221374e-02
  -5.65839335e-02 -1.76115651e-02 -5.65715320e-02 -3.76952589e-02]
 [-4.01757620e-02 -6.30883873e-02 -5.26480302e-02 -3.69417779e-02
  -6.22544624e-02 -1.71301644e-02 -1.47353541e-02 -2.86619309e-02
   5.12186810e-02  5.95378550e-03 -6.28876910e-02 -5.38407899e-02
   8.20987299e-02  6.20123297e-02 -7.41347373e-02  8.76182597e-03
  -1.32764401e-02  7.72231817e-02  2.82150377e-02  8.00198540e-02
   2.15040818e-01  6.05137832e-02 -8.76699984e-02  1.26107097e-01
   5.53301051e-02 -5.49690202e-02  2.02234954e-01  1.33639271e-03
   7.79715404e-02 -4.95617613e-02 -7.67510906e-02  1.13417372e-01
   6.17278032e-02 -3.76301333e-02 -3.27450149e-02  1.35581754e-03
   1.34652525e-01 -6.65780157e-02  2.84584820e-01 -9.38584730e-02
  -7.99117237e-02 -9.37135797e-03 -9.64007713e-03  3.24972533e-02
   1.23491511e-01 -7.12155327e-02  3.08466307e-03 -4.45511751e-02
  -1.83542296e-02 -1.78983323e-02 -1.01192713e-01  2.24489182e-01
   1.72310755e-01 -7.71863610e-02  4.38415930e-02  1.85630366e-01
  -7.19277710e-02 -1.33408025e-01  7.75324553e-02 -7.90911317e-02
   1.07243069e-01  1.46811187e-01  1.61903724e-01 -7.31792897e-02
  -6.71117827e-02  1.63447231e-01 -8.41127988e-03 -1.85912289e-02
  -3.90949473e-02  2.23758131e-01  2.41904501e-02 -7.20020160e-02
   5.65096699e-02 -8.79411176e-02  7.74540454e-02 -8.38263109e-02
   1.15780272e-01 -4.48605977e-02 -2.43249219e-02 -1.08551256e-01
   6.22089989e-02 -6.65826797e-02 -8.44246224e-02  1.25291809e-01
   4.72787768e-02 -1.33737981e-01  6.54702112e-02  8.64846930e-02
  -1.78295299e-02  8.10556486e-03 -9.75070521e-02  1.49264336e-01
   2.23208535e-02 -7.92421252e-02  3.84850353e-02  5.81013188e-02
   1.37688160e-01 -5.07256202e-02 -1.62301734e-02  4.31207642e-02
  -5.78703247e-02 -7.31895268e-02 -1.98704191e-02 -6.23049587e-02
  -8.97055641e-02 -3.15183168e-03 -4.11284342e-02  1.98070258e-02
  -4.08774242e-02  5.56016900e-02  5.82027622e-02  8.06405768e-02
   1.47115216e-01  5.21810651e-02  6.68381080e-02  2.77333017e-02
  -5.09291366e-02  2.08967313e-01 -3.08121983e-02  4.30269279e-02
  -4.10958286e-03 -6.24849312e-02  3.80906276e-02 -7.21632913e-02
   3.62451673e-02  2.32035499e-02  1.27466425e-01  1.25961704e-02]]
[[ 9.94445384e-02 -3.98216099e-02  2.30015703e-02 -7.14386255e-02
   7.56270587e-02  1.16114795e-01 -5.09824157e-02 -4.60364670e-02
   1.33695275e-01  2.25775838e-02 -1.57324016e-01  7.72793889e-02
   2.39311419e-02 -8.88494775e-02  3.44029777e-02 -2.09568609e-02
   6.89759478e-02  2.09289789e-02  5.96654303e-02  1.15422599e-01
  -1.07607134e-01 -6.80372640e-02 -2.52001807e-02 -6.83862492e-02
  -2.57839542e-02 -7.96445906e-02  7.68384412e-02  2.36170754e-01
  -6.27314523e-02 -3.86767797e-02 -8.21430311e-02  6.30649254e-02
   4.23324592e-02 -3.31669673e-02  9.14945230e-02 -3.98337655e-02
   6.48992956e-02 -1.24694109e-01 -3.88291627e-02 -8.82283077e-02
   1.05369374e-01 -5.18312454e-02  1.23461243e-02  1.66562185e-01
   1.06355466e-01  2.36881599e-01  1.04534593e-04 -9.93853509e-02
  -2.94994446e-03 -9.22931433e-02 -1.56621248e-01 -6.39961064e-02
  -1.12920187e-01 -3.20684016e-02  1.45283550e-01  6.14611842e-02
  -1.48010641e-01 -2.89946925e-02  5.59976585e-02 -6.61028102e-02
   9.63068604e-02 -5.75486720e-02 -9.16935280e-02 -1.15808725e-01
  -3.79396714e-02 -1.22933067e-01  1.47676989e-01  4.54584369e-03
  -5.03145009e-02 -1.53139513e-02 -5.31541854e-02 -3.81628238e-02
  -6.63704053e-02 -8.60885307e-02  2.09233597e-01  6.42875209e-02
  -7.67685995e-02  8.37808754e-03 -6.18165769e-02 -6.03355244e-02
   2.52557192e-02 -5.48796877e-02 -1.28559053e-01  1.22381009e-01
  -1.05096005e-01 -6.60042986e-02 -3.40147801e-02 -1.88059313e-03
  -4.35194261e-02 -9.87889022e-02 -6.01801202e-02 -1.01561546e-01
   2.50675231e-01  1.33804128e-01  6.12040088e-02 -2.31009275e-02
  -7.26909637e-02 -1.08064592e-01 -1.76839419e-02 -4.84292470e-02
   5.98873794e-02 -5.50952442e-02 -9.57268327e-02 -3.54388021e-02
  -4.73451726e-02 -2.93826554e-02  1.66359404e-03 -1.97561279e-01
  -9.19920951e-02  6.05837740e-02 -6.62779585e-02 -7.17406720e-02
  -4.11832444e-02 -4.24856460e-03  6.71985894e-02 -1.43979535e-01
   1.06204323e-01 -6.71607852e-02 -5.49888387e-02 -1.14913955e-01
  -1.30838677e-01 -3.78715596e-03  3.79998572e-02  5.38221374e-02
  -5.65839335e-02 -1.76115651e-02 -5.65715320e-02 -3.76952589e-02]
 [-4.01757620e-02 -6.30883873e-02 -5.26480302e-02 -3.69417779e-02
  -6.22544624e-02 -1.71301644e-02 -1.47353541e-02 -2.86619309e-02
   5.12186810e-02  5.95378550e-03 -6.28876910e-02 -5.38407899e-02
   8.20987299e-02  6.20123297e-02 -7.41347373e-02  8.76182597e-03
  -1.32764401e-02  7.72231817e-02  2.82150377e-02  8.00198540e-02
   2.15040818e-01  6.05137832e-02 -8.76699984e-02  1.26107097e-01
   5.53301051e-02 -5.49690202e-02  2.02234954e-01  1.33639271e-03
   7.79715404e-02 -4.95617613e-02 -7.67510906e-02  1.13417372e-01
   6.17278032e-02 -3.76301333e-02 -3.27450149e-02  1.35581754e-03
   1.34652525e-01 -6.65780157e-02  2.84584820e-01 -9.38584730e-02
  -7.99117237e-02 -9.37135797e-03 -9.64007713e-03  3.24972533e-02
   1.23491511e-01 -7.12155327e-02  3.08466307e-03 -4.45511751e-02
  -1.83542296e-02 -1.78983323e-02 -1.01192713e-01  2.24489182e-01
   1.72310755e-01 -7.71863610e-02  4.38415930e-02  1.85630366e-01
  -7.19277710e-02 -1.33408025e-01  7.75324553e-02 -7.90911317e-02
   1.07243069e-01  1.46811187e-01  1.61903724e-01 -7.31792897e-02
  -6.71117827e-02  1.63447231e-01 -8.41127988e-03 -1.85912289e-02
  -3.90949473e-02  2.23758131e-01  2.41904501e-02 -7.20020160e-02
   5.65096699e-02 -8.79411176e-02  7.74540454e-02 -8.38263109e-02
   1.15780272e-01 -4.48605977e-02 -2.43249219e-02 -1.08551256e-01
   6.22089989e-02 -6.65826797e-02 -8.44246224e-02  1.25291809e-01
   4.72787768e-02 -1.33737981e-01  6.54702112e-02  8.64846930e-02
  -1.78295299e-02  8.10556486e-03 -9.75070521e-02  1.49264336e-01
   2.23208535e-02 -7.92421252e-02  3.84850353e-02  5.81013188e-02
   1.37688160e-01 -5.07256202e-02 -1.62301734e-02  4.31207642e-02
  -5.78703247e-02 -7.31895268e-02 -1.98704191e-02 -6.23049587e-02
  -8.97055641e-02 -3.15183168e-03 -4.11284342e-02  1.98070258e-02
  -4.08774242e-02  5.56016900e-02  5.82027622e-02  8.06405768e-02
   1.47115216e-01  5.21810651e-02  6.68381080e-02  2.77333017e-02
  -5.09291366e-02  2.08967313e-01 -3.08121983e-02  4.30269279e-02
  -4.10958286e-03 -6.24849312e-02  3.80906276e-02 -7.21632913e-02
   3.62451673e-02  2.32035499e-02  1.27466425e-01  1.25961704e-02]]
[[ 9.94445384e-02 -3.98216099e-02  2.30015703e-02 -7.14386255e-02
   7.56270587e-02  1.16114795e-01 -5.09824157e-02 -4.60364670e-02
   1.33695275e-01  2.25775838e-02 -1.57324016e-01  7.72793889e-02
   2.39311419e-02 -8.88494775e-02  3.44029777e-02 -2.09568609e-02
   6.89759478e-02  2.09289789e-02  5.96654303e-02  1.15422599e-01
  -1.07607134e-01 -6.80372640e-02 -2.52001807e-02 -6.83862492e-02
  -2.57839542e-02 -7.96445906e-02  7.68384412e-02  2.36170754e-01
  -6.27314523e-02 -3.86767797e-02 -8.21430311e-02  6.30649254e-02
   4.23324592e-02 -3.31669673e-02  9.14945230e-02 -3.98337655e-02
   6.48992956e-02 -1.24694109e-01 -3.88291627e-02 -8.82283077e-02
   1.05369374e-01 -5.18312454e-02  1.23461243e-02  1.66562185e-01
   1.06355466e-01  2.36881599e-01  1.04534593e-04 -9.93853509e-02
  -2.94994446e-03 -9.22931433e-02 -1.56621248e-01 -6.39961064e-02
  -1.12920187e-01 -3.20684016e-02  1.45283550e-01  6.14611842e-02
  -1.48010641e-01 -2.89946925e-02  5.59976585e-02 -6.61028102e-02
   9.63068604e-02 -5.75486720e-02 -9.16935280e-02 -1.15808725e-01
  -3.79396714e-02 -1.22933067e-01  1.47676989e-01  4.54584369e-03
  -5.03145009e-02 -1.53139513e-02 -5.31541854e-02 -3.81628238e-02
  -6.63704053e-02 -8.60885307e-02  2.09233597e-01  6.42875209e-02
  -7.67685995e-02  8.37808754e-03 -6.18165769e-02 -6.03355244e-02
   2.52557192e-02 -5.48796877e-02 -1.28559053e-01  1.22381009e-01
  -1.05096005e-01 -6.60042986e-02 -3.40147801e-02 -1.88059313e-03
  -4.35194261e-02 -9.87889022e-02 -6.01801202e-02 -1.01561546e-01
   2.50675231e-01  1.33804128e-01  6.12040088e-02 -2.31009275e-02
  -7.26909637e-02 -1.08064592e-01 -1.76839419e-02 -4.84292470e-02
   5.98873794e-02 -5.50952442e-02 -9.57268327e-02 -3.54388021e-02
  -4.73451726e-02 -2.93826554e-02  1.66359404e-03 -1.97561279e-01
  -9.19920951e-02  6.05837740e-02 -6.62779585e-02 -7.17406720e-02
  -4.11832444e-02 -4.24856460e-03  6.71985894e-02 -1.43979535e-01
   1.06204323e-01 -6.71607852e-02 -5.49888387e-02 -1.14913955e-01
  -1.30838677e-01 -3.78715596e-03  3.79998572e-02  5.38221374e-02
  -5.65839335e-02 -1.76115651e-02 -5.65715320e-02 -3.76952589e-02]
 [-4.01757620e-02 -6.30883873e-02 -5.26480302e-02 -3.69417779e-02
  -6.22544624e-02 -1.71301644e-02 -1.47353541e-02 -2.86619309e-02
   5.12186810e-02  5.95378550e-03 -6.28876910e-02 -5.38407899e-02
   8.20987299e-02  6.20123297e-02 -7.41347373e-02  8.76182597e-03
  -1.32764401e-02  7.72231817e-02  2.82150377e-02  8.00198540e-02
   2.15040818e-01  6.05137832e-02 -8.76699984e-02  1.26107097e-01
   5.53301051e-02 -5.49690202e-02  2.02234954e-01  1.33639271e-03
   7.79715404e-02 -4.95617613e-02 -7.67510906e-02  1.13417372e-01
   6.17278032e-02 -3.76301333e-02 -3.27450149e-02  1.35581754e-03
   1.34652525e-01 -6.65780157e-02  2.84584820e-01 -9.38584730e-02
  -7.99117237e-02 -9.37135797e-03 -9.64007713e-03  3.24972533e-02
   1.23491511e-01 -7.12155327e-02  3.08466307e-03 -4.45511751e-02
  -1.83542296e-02 -1.78983323e-02 -1.01192713e-01  2.24489182e-01
   1.72310755e-01 -7.71863610e-02  4.38415930e-02  1.85630366e-01
  -7.19277710e-02 -1.33408025e-01  7.75324553e-02 -7.90911317e-02
   1.07243069e-01  1.46811187e-01  1.61903724e-01 -7.31792897e-02
  -6.71117827e-02  1.63447231e-01 -8.41127988e-03 -1.85912289e-02
  -3.90949473e-02  2.23758131e-01  2.41904501e-02 -7.20020160e-02
   5.65096699e-02 -8.79411176e-02  7.74540454e-02 -8.38263109e-02
   1.15780272e-01 -4.48605977e-02 -2.43249219e-02 -1.08551256e-01
   6.22089989e-02 -6.65826797e-02 -8.44246224e-02  1.25291809e-01
   4.72787768e-02 -1.33737981e-01  6.54702112e-02  8.64846930e-02
  -1.78295299e-02  8.10556486e-03 -9.75070521e-02  1.49264336e-01
   2.23208535e-02 -7.92421252e-02  3.84850353e-02  5.81013188e-02
   1.37688160e-01 -5.07256202e-02 -1.62301734e-02  4.31207642e-02
  -5.78703247e-02 -7.31895268e-02 -1.98704191e-02 -6.23049587e-02
  -8.97055641e-02 -3.15183168e-03 -4.11284342e-02  1.98070258e-02
  -4.08774242e-02  5.56016900e-02  5.82027622e-02  8.06405768e-02
   1.47115216e-01  5.21810651e-02  6.68381080e-02  2.77333017e-02
  -5.09291366e-02  2.08967313e-01 -3.08121983e-02  4.30269279e-02
  -4.10958286e-03 -6.24849312e-02  3.80906276e-02 -7.21632913e-02
   3.62451673e-02  2.32035499e-02  1.27466425e-01  1.25961704e-02]]
