[[ 0.08494274 -0.05459774  0.01975845 -0.06979326  0.05573389  0.09839258
  -0.0540678  -0.02181998  0.07463814  0.04656325 -0.1461743   0.06303415
   0.0307321  -0.07733108 -0.0010319  -0.03971307  0.06148926  0.05573147
   0.06690728  0.10562218 -0.10150243 -0.00314021  0.01310811 -0.06666128
  -0.04606074 -0.06560638  0.05033442  0.22246882 -0.06910086 -0.05739884
  -0.0581564   0.06290495  0.0561127  -0.02638618  0.06988366 -0.06092947
   0.04033455 -0.12264864 -0.05241866 -0.06938858  0.09906361 -0.07816917
  -0.05313507  0.15547308  0.0684142   0.21126728  0.03092244 -0.10294557
   0.03283352 -0.08945386 -0.1648401  -0.07323144 -0.10394568  0.02738266
   0.15032588  0.10923899 -0.14793134 -0.01128769  0.11234084 -0.06234041
   0.11981954 -0.03612096 -0.08881496 -0.12594347 -0.03246226 -0.09449102
   0.13961865 -0.02562696 -0.04031956  0.01875378 -0.0404085  -0.06390126
  -0.09868719 -0.09336071  0.22589608  0.12470514 -0.08890663  0.03378024
  -0.06847697 -0.09348931  0.03308922 -0.04891495 -0.1297784   0.09738631
  -0.11275122 -0.07646387  0.02327012 -0.00638187 -0.02901757 -0.09995517
  -0.04818621 -0.10148063  0.2934398   0.10362469  0.02672732 -0.02912373
  -0.06205868 -0.1093946  -0.03135477 -0.01901456  0.0528363  -0.04525859
  -0.06941431 -0.061731   -0.07100862 -0.02725856  0.04082564 -0.19004267
  -0.09878226  0.04607067 -0.0807178  -0.07635852 -0.02399403 -0.01312889
   0.04690211 -0.13972378  0.14356066 -0.07236511 -0.05098822 -0.12012012
  -0.12317259 -0.03322562  0.0055842   0.07056151 -0.06755913  0.0054511
  -0.02469551 -0.05440291]
 [-0.012136   -0.06793874 -0.06574461 -0.05657054 -0.05415832 -0.00426962
   0.01900377 -0.03261995  0.04768749  0.0130475  -0.06590358 -0.05375456
   0.09923675  0.07189918 -0.07014887  0.00639194 -0.00410889  0.06491524
   0.03454632  0.07333826  0.20275722  0.11797332 -0.07650751  0.13487539
   0.0474759  -0.04968185  0.16938093  0.01915292  0.07026868 -0.05756909
  -0.07393738  0.11528472  0.06978913 -0.04576072 -0.00159454  0.02064594
   0.12906046 -0.06577557  0.27838552 -0.09146861 -0.0794202  -0.01915527
  -0.03902562  0.05374064  0.13207732 -0.06542035  0.01742511 -0.03670566
  -0.01812104 -0.03613584 -0.10282523  0.21426976  0.17153057 -0.07657903
   0.04279658  0.21121201 -0.07826713 -0.1234116   0.09018038 -0.0800532
   0.10598914  0.15657312  0.16308853 -0.06483106 -0.06569524  0.12950304
  -0.00154768 -0.03295615 -0.02125335  0.24473546  0.04658612 -0.06641036
   0.06807944 -0.07660772  0.07759911 -0.0702064   0.1054076  -0.05692907
  -0.01829555 -0.09748421  0.05662859 -0.08110024 -0.08206756  0.12526761
   0.07799415 -0.12544756  0.0887145   0.0931077  -0.00050737 -0.04105996
  -0.08893005  0.15880044  0.03077162 -0.07693068  0.03716829  0.05406097
   0.16335781 -0.05217634 -0.03950336  0.05213457 -0.06034347 -0.0516676
  -0.00441754 -0.02881305 -0.08163508 -0.0086888  -0.03093327  0.02817121
  -0.05250746  0.0725848   0.02962377  0.05468151  0.1537174   0.05060042
   0.02282447  0.02486894 -0.0484552   0.17267498 -0.01002533 -0.00904512
  -0.02823757 -0.07040341  0.05978026 -0.07412094  0.04683856  0.00197315
   0.15022105 -0.01514929]]
[[ 0.08494274 -0.05459774  0.01975845 -0.06979326  0.05573389  0.09839258
  -0.0540678  -0.02181998  0.07463814  0.04656325 -0.1461743   0.06303415
   0.0307321  -0.07733108 -0.0010319  -0.03971307  0.06148926  0.05573147
   0.06690728  0.10562218 -0.10150243 -0.00314021  0.01310811 -0.06666128
  -0.04606074 -0.06560638  0.05033442  0.22246882 -0.06910086 -0.05739884
  -0.0581564   0.06290495  0.0561127  -0.02638618  0.06988366 -0.06092947
   0.04033455 -0.12264864 -0.05241866 -0.06938858  0.09906361 -0.07816917
  -0.05313507  0.15547308  0.0684142   0.21126728  0.03092244 -0.10294557
   0.03283352 -0.08945386 -0.1648401  -0.07323144 -0.10394568  0.02738266
   0.15032588  0.10923899 -0.14793134 -0.01128769  0.11234084 -0.06234041
   0.11981954 -0.03612096 -0.08881496 -0.12594347 -0.03246226 -0.09449102
   0.13961865 -0.02562696 -0.04031956  0.01875378 -0.0404085  -0.06390126
  -0.09868719 -0.09336071  0.22589608  0.12470514 -0.08890663  0.03378024
  -0.06847697 -0.09348931  0.03308922 -0.04891495 -0.1297784   0.09738631
  -0.11275122 -0.07646387  0.02327012 -0.00638187 -0.02901757 -0.09995517
  -0.04818621 -0.10148063  0.2934398   0.10362469  0.02672732 -0.02912373
  -0.06205868 -0.1093946  -0.03135477 -0.01901456  0.0528363  -0.04525859
  -0.06941431 -0.061731   -0.07100862 -0.02725856  0.04082564 -0.19004267
  -0.09878226  0.04607067 -0.0807178  -0.07635852 -0.02399403 -0.01312889
   0.04690211 -0.13972378  0.14356066 -0.07236511 -0.05098822 -0.12012012
  -0.12317259 -0.03322562  0.0055842   0.07056151 -0.06755913  0.0054511
  -0.02469551 -0.05440291]
 [-0.012136   -0.06793874 -0.06574461 -0.05657054 -0.05415832 -0.00426962
   0.01900377 -0.03261995  0.04768749  0.0130475  -0.06590358 -0.05375456
   0.09923675  0.07189918 -0.07014887  0.00639194 -0.00410889  0.06491524
   0.03454632  0.07333826  0.20275722  0.11797332 -0.07650751  0.13487539
   0.0474759  -0.04968185  0.16938093  0.01915292  0.07026868 -0.05756909
  -0.07393738  0.11528472  0.06978913 -0.04576072 -0.00159454  0.02064594
   0.12906046 -0.06577557  0.27838552 -0.09146861 -0.0794202  -0.01915527
  -0.03902562  0.05374064  0.13207732 -0.06542035  0.01742511 -0.03670566
  -0.01812104 -0.03613584 -0.10282523  0.21426976  0.17153057 -0.07657903
   0.04279658  0.21121201 -0.07826713 -0.1234116   0.09018038 -0.0800532
   0.10598914  0.15657312  0.16308853 -0.06483106 -0.06569524  0.12950304
  -0.00154768 -0.03295615 -0.02125335  0.24473546  0.04658612 -0.06641036
   0.06807944 -0.07660772  0.07759911 -0.0702064   0.1054076  -0.05692907
  -0.01829555 -0.09748421  0.05662859 -0.08110024 -0.08206756  0.12526761
   0.07799415 -0.12544756  0.0887145   0.0931077  -0.00050737 -0.04105996
  -0.08893005  0.15880044  0.03077162 -0.07693068  0.03716829  0.05406097
   0.16335781 -0.05217634 -0.03950336  0.05213457 -0.06034347 -0.0516676
  -0.00441754 -0.02881305 -0.08163508 -0.0086888  -0.03093327  0.02817121
  -0.05250746  0.0725848   0.02962377  0.05468151  0.1537174   0.05060042
   0.02282447  0.02486894 -0.0484552   0.17267498 -0.01002533 -0.00904512
  -0.02823757 -0.07040341  0.05978026 -0.07412094  0.04683856  0.00197315
   0.15022105 -0.01514929]]
[[ 0.08494274 -0.05459774  0.01975845 -0.06979326  0.05573389  0.09839258
  -0.0540678  -0.02181998  0.07463814  0.04656325 -0.1461743   0.06303415
   0.0307321  -0.07733108 -0.0010319  -0.03971307  0.06148926  0.05573147
   0.06690728  0.10562218 -0.10150243 -0.00314021  0.01310811 -0.06666128
  -0.04606074 -0.06560638  0.05033442  0.22246882 -0.06910086 -0.05739884
  -0.0581564   0.06290495  0.0561127  -0.02638618  0.06988366 -0.06092947
   0.04033455 -0.12264864 -0.05241866 -0.06938858  0.09906361 -0.07816917
  -0.05313507  0.15547308  0.0684142   0.21126728  0.03092244 -0.10294557
   0.03283352 -0.08945386 -0.1648401  -0.07323144 -0.10394568  0.02738266
   0.15032588  0.10923899 -0.14793134 -0.01128769  0.11234084 -0.06234041
   0.11981954 -0.03612096 -0.08881496 -0.12594347 -0.03246226 -0.09449102
   0.13961865 -0.02562696 -0.04031956  0.01875378 -0.0404085  -0.06390126
  -0.09868719 -0.09336071  0.22589608  0.12470514 -0.08890663  0.03378024
  -0.06847697 -0.09348931  0.03308922 -0.04891495 -0.1297784   0.09738631
  -0.11275122 -0.07646387  0.02327012 -0.00638187 -0.02901757 -0.09995517
  -0.04818621 -0.10148063  0.2934398   0.10362469  0.02672732 -0.02912373
  -0.06205868 -0.1093946  -0.03135477 -0.01901456  0.0528363  -0.04525859
  -0.06941431 -0.061731   -0.07100862 -0.02725856  0.04082564 -0.19004267
  -0.09878226  0.04607067 -0.0807178  -0.07635852 -0.02399403 -0.01312889
   0.04690211 -0.13972378  0.14356066 -0.07236511 -0.05098822 -0.12012012
  -0.12317259 -0.03322562  0.0055842   0.07056151 -0.06755913  0.0054511
  -0.02469551 -0.05440291]
 [-0.012136   -0.06793874 -0.06574461 -0.05657054 -0.05415832 -0.00426962
   0.01900377 -0.03261995  0.04768749  0.0130475  -0.06590358 -0.05375456
   0.09923675  0.07189918 -0.07014887  0.00639194 -0.00410889  0.06491524
   0.03454632  0.07333826  0.20275722  0.11797332 -0.07650751  0.13487539
   0.0474759  -0.04968185  0.16938093  0.01915292  0.07026868 -0.05756909
  -0.07393738  0.11528472  0.06978913 -0.04576072 -0.00159454  0.02064594
   0.12906046 -0.06577557  0.27838552 -0.09146861 -0.0794202  -0.01915527
  -0.03902562  0.05374064  0.13207732 -0.06542035  0.01742511 -0.03670566
  -0.01812104 -0.03613584 -0.10282523  0.21426976  0.17153057 -0.07657903
   0.04279658  0.21121201 -0.07826713 -0.1234116   0.09018038 -0.0800532
   0.10598914  0.15657312  0.16308853 -0.06483106 -0.06569524  0.12950304
  -0.00154768 -0.03295615 -0.02125335  0.24473546  0.04658612 -0.06641036
   0.06807944 -0.07660772  0.07759911 -0.0702064   0.1054076  -0.05692907
  -0.01829555 -0.09748421  0.05662859 -0.08110024 -0.08206756  0.12526761
   0.07799415 -0.12544756  0.0887145   0.0931077  -0.00050737 -0.04105996
  -0.08893005  0.15880044  0.03077162 -0.07693068  0.03716829  0.05406097
   0.16335781 -0.05217634 -0.03950336  0.05213457 -0.06034347 -0.0516676
  -0.00441754 -0.02881305 -0.08163508 -0.0086888  -0.03093327  0.02817121
  -0.05250746  0.0725848   0.02962377  0.05468151  0.1537174   0.05060042
   0.02282447  0.02486894 -0.0484552   0.17267498 -0.01002533 -0.00904512
  -0.02823757 -0.07040341  0.05978026 -0.07412094  0.04683856  0.00197315
   0.15022105 -0.01514929]]
