[[ 0.12681898 -0.0961225  -0.07622009 -0.08692437  0.04238097  0.04545725
  -0.06936603  0.01363858  0.06919749  0.07139412 -0.14497666  0.0668223
   0.01576987 -0.07376114 -0.0100498  -0.07355351  0.13203955  0.07277086
   0.04361117  0.05611386 -0.06860492  0.03114753  0.03294379 -0.00608673
  -0.02505748 -0.0681095   0.04643403  0.22894447 -0.0736497  -0.06758383
  -0.04546887  0.07053614  0.04294301 -0.04109272  0.06365474 -0.06126691
   0.08015512 -0.12103026 -0.03596264 -0.09581216  0.08403649 -0.06179489
  -0.00958404  0.05190961  0.1146144   0.18167287  0.12443192 -0.11901267
   0.0325807  -0.04042567 -0.15776365 -0.09245862 -0.09031615  0.05873444
   0.19903702  0.13716422 -0.16731696  0.00047815  0.13438235 -0.03973624
   0.13349693  0.01627778 -0.02952767 -0.14647122  0.03797864 -0.05209056
   0.04088126 -0.00617887  0.00501281  0.13357925 -0.04084561 -0.05041119
  -0.10595984 -0.07196644  0.15560326  0.14297134 -0.05682707  0.01221699
  -0.08522321 -0.1232296   0.11231513 -0.01255404 -0.12623152  0.13282435
  -0.09393901 -0.0621623   0.0849112   0.00500678  0.02552706 -0.09935448
  -0.04724838 -0.07839881  0.270009    0.0060254   0.05909959 -0.04556851
  -0.06344916 -0.05692873 -0.0783188  -0.00158412  0.01300549 -0.03290661
  -0.05407719 -0.0795036  -0.05682179 -0.00055877  0.04718182 -0.18734819
  -0.09374637  0.07429231 -0.11231461 -0.07024018 -0.02758489  0.03020442
   0.06204692 -0.13920708  0.166712   -0.01308682 -0.05938237 -0.10814069
  -0.13214953 -0.00782432  0.02046041  0.02901787 -0.04333772 -0.01138384
   0.037124   -0.05282136]
 [ 0.03962908 -0.08635748 -0.10357439 -0.08292897 -0.03834323  0.04192316
  -0.02043553 -0.06420039  0.09495404  0.04479633 -0.06701663 -0.03553663
   0.07996356  0.09904113 -0.0456195   0.00924258  0.02252366  0.05226335
   0.04042878  0.07395622  0.18115994  0.13579649 -0.07336722  0.11950364
   0.0541792  -0.06159176  0.15494215  0.0115044   0.09273215 -0.04533883
  -0.06741618  0.05744513  0.10214882 -0.0379562   0.01598239  0.05010001
   0.12363762 -0.06555174  0.30114937 -0.07434952 -0.07676928 -0.03449484
   0.00211399  0.07968235  0.13601297 -0.04147659  0.06542964 -0.05091683
  -0.03006608 -0.01809502 -0.09967029  0.08553634  0.25773832 -0.07037398
   0.12871136  0.21551247 -0.09040461 -0.09028177  0.08171769 -0.08266395
   0.06720252  0.11878611  0.1805589  -0.05935351 -0.06739757  0.0980102
  -0.02311382 -0.03900009 -0.01627368  0.25136164  0.02206349 -0.05414364
   0.04905728 -0.09021815  0.06493928 -0.04566567  0.09194492 -0.05415297
  -0.01586796 -0.05985136  0.10363813 -0.07937436 -0.08177655  0.12823446
   0.11445084 -0.09648552  0.04433657  0.09430809  0.03920026 -0.043199
  -0.06092598  0.14344217  0.08903803 -0.0670341   0.04657666  0.07669876
   0.16896929 -0.04804039 -0.0607588   0.04172138 -0.07834281 -0.06265429
  -0.0027019  -0.0042354  -0.02977248 -0.00633792  0.027023   -0.02198256
  -0.04889041  0.09223191 -0.00395709 -0.01946473  0.1105039   0.04573225
  -0.02735893  0.0239762  -0.04349192  0.18582134 -0.01663287  0.02004552
  -0.04559955 -0.04678421  0.08295958 -0.07249898  0.0695012  -0.05441512
   0.13293038 -0.01537919]]
[[ 0.12681898 -0.0961225  -0.07622009 -0.08692437  0.04238097  0.04545725
  -0.06936603  0.01363858  0.06919749  0.07139412 -0.14497666  0.0668223
   0.01576987 -0.07376114 -0.0100498  -0.07355351  0.13203955  0.07277086
   0.04361117  0.05611386 -0.06860492  0.03114753  0.03294379 -0.00608673
  -0.02505748 -0.0681095   0.04643403  0.22894447 -0.0736497  -0.06758383
  -0.04546887  0.07053614  0.04294301 -0.04109272  0.06365474 -0.06126691
   0.08015512 -0.12103026 -0.03596264 -0.09581216  0.08403649 -0.06179489
  -0.00958404  0.05190961  0.1146144   0.18167287  0.12443192 -0.11901267
   0.0325807  -0.04042567 -0.15776365 -0.09245862 -0.09031615  0.05873444
   0.19903702  0.13716422 -0.16731696  0.00047815  0.13438235 -0.03973624
   0.13349693  0.01627778 -0.02952767 -0.14647122  0.03797864 -0.05209056
   0.04088126 -0.00617887  0.00501281  0.13357925 -0.04084561 -0.05041119
  -0.10595984 -0.07196644  0.15560326  0.14297134 -0.05682707  0.01221699
  -0.08522321 -0.1232296   0.11231513 -0.01255404 -0.12623152  0.13282435
  -0.09393901 -0.0621623   0.0849112   0.00500678  0.02552706 -0.09935448
  -0.04724838 -0.07839881  0.270009    0.0060254   0.05909959 -0.04556851
  -0.06344916 -0.05692873 -0.0783188  -0.00158412  0.01300549 -0.03290661
  -0.05407719 -0.0795036  -0.05682179 -0.00055877  0.04718182 -0.18734819
  -0.09374637  0.07429231 -0.11231461 -0.07024018 -0.02758489  0.03020442
   0.06204692 -0.13920708  0.166712   -0.01308682 -0.05938237 -0.10814069
  -0.13214953 -0.00782432  0.02046041  0.02901787 -0.04333772 -0.01138384
   0.037124   -0.05282136]
 [ 0.03962908 -0.08635748 -0.10357439 -0.08292897 -0.03834323  0.04192316
  -0.02043553 -0.06420039  0.09495404  0.04479633 -0.06701663 -0.03553663
   0.07996356  0.09904113 -0.0456195   0.00924258  0.02252366  0.05226335
   0.04042878  0.07395622  0.18115994  0.13579649 -0.07336722  0.11950364
   0.0541792  -0.06159176  0.15494215  0.0115044   0.09273215 -0.04533883
  -0.06741618  0.05744513  0.10214882 -0.0379562   0.01598239  0.05010001
   0.12363762 -0.06555174  0.30114937 -0.07434952 -0.07676928 -0.03449484
   0.00211399  0.07968235  0.13601297 -0.04147659  0.06542964 -0.05091683
  -0.03006608 -0.01809502 -0.09967029  0.08553634  0.25773832 -0.07037398
   0.12871136  0.21551247 -0.09040461 -0.09028177  0.08171769 -0.08266395
   0.06720252  0.11878611  0.1805589  -0.05935351 -0.06739757  0.0980102
  -0.02311382 -0.03900009 -0.01627368  0.25136164  0.02206349 -0.05414364
   0.04905728 -0.09021815  0.06493928 -0.04566567  0.09194492 -0.05415297
  -0.01586796 -0.05985136  0.10363813 -0.07937436 -0.08177655  0.12823446
   0.11445084 -0.09648552  0.04433657  0.09430809  0.03920026 -0.043199
  -0.06092598  0.14344217  0.08903803 -0.0670341   0.04657666  0.07669876
   0.16896929 -0.04804039 -0.0607588   0.04172138 -0.07834281 -0.06265429
  -0.0027019  -0.0042354  -0.02977248 -0.00633792  0.027023   -0.02198256
  -0.04889041  0.09223191 -0.00395709 -0.01946473  0.1105039   0.04573225
  -0.02735893  0.0239762  -0.04349192  0.18582134 -0.01663287  0.02004552
  -0.04559955 -0.04678421  0.08295958 -0.07249898  0.0695012  -0.05441512
   0.13293038 -0.01537919]]
[[ 0.12681898 -0.0961225  -0.07622009 -0.08692437  0.04238097  0.04545725
  -0.06936603  0.01363858  0.06919749  0.07139412 -0.14497666  0.0668223
   0.01576987 -0.07376114 -0.0100498  -0.07355351  0.13203955  0.07277086
   0.04361117  0.05611386 -0.06860492  0.03114753  0.03294379 -0.00608673
  -0.02505748 -0.0681095   0.04643403  0.22894447 -0.0736497  -0.06758383
  -0.04546887  0.07053614  0.04294301 -0.04109272  0.06365474 -0.06126691
   0.08015512 -0.12103026 -0.03596264 -0.09581216  0.08403649 -0.06179489
  -0.00958404  0.05190961  0.1146144   0.18167287  0.12443192 -0.11901267
   0.0325807  -0.04042567 -0.15776365 -0.09245862 -0.09031615  0.05873444
   0.19903702  0.13716422 -0.16731696  0.00047815  0.13438235 -0.03973624
   0.13349693  0.01627778 -0.02952767 -0.14647122  0.03797864 -0.05209056
   0.04088126 -0.00617887  0.00501281  0.13357925 -0.04084561 -0.05041119
  -0.10595984 -0.07196644  0.15560326  0.14297134 -0.05682707  0.01221699
  -0.08522321 -0.1232296   0.11231513 -0.01255404 -0.12623152  0.13282435
  -0.09393901 -0.0621623   0.0849112   0.00500678  0.02552706 -0.09935448
  -0.04724838 -0.07839881  0.270009    0.0060254   0.05909959 -0.04556851
  -0.06344916 -0.05692873 -0.0783188  -0.00158412  0.01300549 -0.03290661
  -0.05407719 -0.0795036  -0.05682179 -0.00055877  0.04718182 -0.18734819
  -0.09374637  0.07429231 -0.11231461 -0.07024018 -0.02758489  0.03020442
   0.06204692 -0.13920708  0.166712   -0.01308682 -0.05938237 -0.10814069
  -0.13214953 -0.00782432  0.02046041  0.02901787 -0.04333772 -0.01138384
   0.037124   -0.05282136]
 [ 0.03962908 -0.08635748 -0.10357439 -0.08292897 -0.03834323  0.04192316
  -0.02043553 -0.06420039  0.09495404  0.04479633 -0.06701663 -0.03553663
   0.07996356  0.09904113 -0.0456195   0.00924258  0.02252366  0.05226335
   0.04042878  0.07395622  0.18115994  0.13579649 -0.07336722  0.11950364
   0.0541792  -0.06159176  0.15494215  0.0115044   0.09273215 -0.04533883
  -0.06741618  0.05744513  0.10214882 -0.0379562   0.01598239  0.05010001
   0.12363762 -0.06555174  0.30114937 -0.07434952 -0.07676928 -0.03449484
   0.00211399  0.07968235  0.13601297 -0.04147659  0.06542964 -0.05091683
  -0.03006608 -0.01809502 -0.09967029  0.08553634  0.25773832 -0.07037398
   0.12871136  0.21551247 -0.09040461 -0.09028177  0.08171769 -0.08266395
   0.06720252  0.11878611  0.1805589  -0.05935351 -0.06739757  0.0980102
  -0.02311382 -0.03900009 -0.01627368  0.25136164  0.02206349 -0.05414364
   0.04905728 -0.09021815  0.06493928 -0.04566567  0.09194492 -0.05415297
  -0.01586796 -0.05985136  0.10363813 -0.07937436 -0.08177655  0.12823446
   0.11445084 -0.09648552  0.04433657  0.09430809  0.03920026 -0.043199
  -0.06092598  0.14344217  0.08903803 -0.0670341   0.04657666  0.07669876
   0.16896929 -0.04804039 -0.0607588   0.04172138 -0.07834281 -0.06265429
  -0.0027019  -0.0042354  -0.02977248 -0.00633792  0.027023   -0.02198256
  -0.04889041  0.09223191 -0.00395709 -0.01946473  0.1105039   0.04573225
  -0.02735893  0.0239762  -0.04349192  0.18582134 -0.01663287  0.02004552
  -0.04559955 -0.04678421  0.08295958 -0.07249898  0.0695012  -0.05441512
   0.13293038 -0.01537919]]
