[[ 1.27358153e-01 -1.15225084e-01 -6.54121190e-02 -1.33365124e-01
   1.03547424e-01  6.00536652e-02  5.59578091e-02 -2.72067655e-02
   1.60911009e-01  1.13473326e-01 -1.50382996e-01  3.67642678e-02
   6.46396950e-02 -7.24502280e-02  3.34726721e-02 -8.53119269e-02
   1.64640710e-01  7.18975365e-02 -1.55070880e-02 -7.24412948e-02
  -8.81087855e-02 -1.05601907e-01  1.93543918e-02 -7.51370490e-02
  -3.38619947e-02 -8.40809941e-02  4.63290736e-02  2.49661982e-01
  -5.99298626e-02 -3.25455219e-02 -6.72559068e-02  1.53820157e-01
   8.75203833e-02 -3.22164968e-02  1.02037303e-01 -7.16710538e-02
   1.37626261e-01 -1.40310630e-01 -6.48250338e-03 -2.60741785e-02
   9.64144096e-02  5.74560054e-02  2.96964236e-02  1.26369625e-01
   1.14295669e-01  2.39192545e-01  4.12658006e-02 -1.10328950e-01
  -6.44910261e-02 -5.64702749e-02 -1.08184442e-01 -7.71711245e-02
  -7.50688538e-02 -9.21090133e-03  4.00901847e-02  3.45197320e-02
  -1.60850659e-01  1.06250849e-02  9.98186413e-03 -9.04618055e-02
   1.08786076e-01 -1.48563166e-04 -5.36550097e-02 -1.28896385e-01
  -5.22547662e-02 -9.33269858e-02  4.36762720e-02 -2.87634246e-02
  -2.24649031e-02  3.89565602e-02 -7.30882436e-02 -4.00341824e-02
  -7.76382983e-02 -6.33651242e-02  1.92735970e-01  1.62048534e-01
  -9.54389051e-02 -1.26941781e-02 -1.41092157e-02 -9.21233520e-02
   8.86455104e-02 -3.36733609e-02 -1.22501701e-01  1.49282560e-01
  -6.82940930e-02 -9.22984779e-02 -2.20922977e-02  4.29690517e-02
  -4.31274772e-02 -1.21432915e-01 -2.66612731e-02 -1.00501150e-01
   2.09393889e-01 -2.79800501e-02 -1.17277065e-02 -1.35656428e-02
  -8.52846503e-02 -9.55698919e-03 -1.37133468e-02 -2.97647491e-02
   9.31909010e-02  6.52914681e-03 -1.08730704e-01  5.84104005e-03
   2.16437615e-02 -4.18845266e-02 -2.37923041e-02 -1.44618526e-01
  -1.18470900e-01  4.23062034e-02 -7.31456280e-02 -7.16606453e-02
   3.69655937e-02  5.26275560e-02  5.14777824e-02 -1.28793731e-01
  -6.77055344e-02 -1.24003934e-02 -4.60778475e-02 -1.26527876e-01
  -1.34590328e-01 -2.61884350e-02  1.79733355e-02 -3.25477123e-02
  -3.89564112e-02 -7.26640746e-02 -6.32564798e-02  1.23174451e-02]
 [-4.55548018e-02 -6.45173714e-02 -4.50421199e-02 -5.52778281e-02
  -5.62763736e-02 -1.90013535e-02 -2.55574100e-02 -4.80335578e-02
   2.69934461e-02 -7.21400511e-03 -6.68900162e-02 -6.59238175e-02
   7.85823390e-02  6.97365031e-02 -7.77748153e-02 -3.15097190e-04
  -2.12370213e-02  7.27906376e-02  3.13526839e-02  9.56783965e-02
   2.03395307e-01  6.17407337e-02 -8.00977647e-02  1.24072067e-01
   6.30020499e-02 -6.40848652e-02  2.00905308e-01 -2.53922981e-03
   6.27369955e-02 -5.48918284e-02 -7.67814294e-02  1.08579524e-01
   5.90635426e-02 -4.65200692e-02 -3.10648549e-02 -1.16270583e-03
   1.31566808e-01 -7.08129257e-02  2.95372546e-01 -9.35846195e-02
  -8.05682838e-02 -1.42073054e-02 -3.48211080e-02  4.04773280e-02
   1.00568727e-01 -7.58522302e-02  9.29912739e-03 -5.29359579e-02
  -1.04218926e-02 -8.80566239e-03 -1.03896469e-01  2.17220366e-01
   1.79410100e-01 -7.56597817e-02  5.30347712e-02  1.82755530e-01
  -7.38516599e-02 -1.26226112e-01  7.29397982e-02 -7.94293955e-02
   9.76698324e-02  1.33919865e-01  1.58220932e-01 -7.26413652e-02
  -6.66482672e-02  1.55874372e-01 -1.23625156e-02 -2.28482336e-02
  -4.02232334e-02  2.15343252e-01  7.08575780e-03 -6.95995614e-02
   5.71168140e-02 -9.26165730e-02  8.10172260e-02 -8.67791921e-02
   9.68730897e-02 -4.32934575e-02 -2.96016745e-02 -1.08132586e-01
   4.92965542e-02 -7.44709969e-02 -8.48897174e-02  1.27081364e-01
   4.42253761e-02 -1.37841642e-01  5.84987625e-02  1.02915518e-01
  -2.76849624e-02  7.66828982e-03 -9.63586643e-02  1.65794089e-01
   1.77608244e-02 -8.06284398e-02  6.96206465e-02  5.83568960e-02
   1.45736217e-01 -5.05885892e-02 -2.87081897e-02  3.40523198e-02
  -5.25531135e-02 -7.73429200e-02 -2.34770495e-02 -6.76668212e-02
  -9.34624597e-02 -2.62765437e-02 -3.66274901e-02  2.59049647e-02
  -5.06236367e-02  6.67128488e-02  6.35892227e-02  7.80781284e-02
   1.50785074e-01  3.69571522e-02  7.45994821e-02  3.15983184e-02
  -5.36652319e-02  1.93658426e-01 -3.70305702e-02  5.33022583e-02
  -6.27216930e-03 -6.53448924e-02  4.74680439e-02 -7.52278343e-02
   4.44360375e-02  6.38161367e-03  1.20118812e-01  1.48851401e-03]]
[[ 1.27358153e-01 -1.15225084e-01 -6.54121190e-02 -1.33365124e-01
   1.03547424e-01  6.00536652e-02  5.59578091e-02 -2.72067655e-02
   1.60911009e-01  1.13473326e-01 -1.50382996e-01  3.67642678e-02
   6.46396950e-02 -7.24502280e-02  3.34726721e-02 -8.53119269e-02
   1.64640710e-01  7.18975365e-02 -1.55070880e-02 -7.24412948e-02
  -8.81087855e-02 -1.05601907e-01  1.93543918e-02 -7.51370490e-02
  -3.38619947e-02 -8.40809941e-02  4.63290736e-02  2.49661982e-01
  -5.99298626e-02 -3.25455219e-02 -6.72559068e-02  1.53820157e-01
   8.75203833e-02 -3.22164968e-02  1.02037303e-01 -7.16710538e-02
   1.37626261e-01 -1.40310630e-01 -6.48250338e-03 -2.60741785e-02
   9.64144096e-02  5.74560054e-02  2.96964236e-02  1.26369625e-01
   1.14295669e-01  2.39192545e-01  4.12658006e-02 -1.10328950e-01
  -6.44910261e-02 -5.64702749e-02 -1.08184442e-01 -7.71711245e-02
  -7.50688538e-02 -9.21090133e-03  4.00901847e-02  3.45197320e-02
  -1.60850659e-01  1.06250849e-02  9.98186413e-03 -9.04618055e-02
   1.08786076e-01 -1.48563166e-04 -5.36550097e-02 -1.28896385e-01
  -5.22547662e-02 -9.33269858e-02  4.36762720e-02 -2.87634246e-02
  -2.24649031e-02  3.89565602e-02 -7.30882436e-02 -4.00341824e-02
  -7.76382983e-02 -6.33651242e-02  1.92735970e-01  1.62048534e-01
  -9.54389051e-02 -1.26941781e-02 -1.41092157e-02 -9.21233520e-02
   8.86455104e-02 -3.36733609e-02 -1.22501701e-01  1.49282560e-01
  -6.82940930e-02 -9.22984779e-02 -2.20922977e-02  4.29690517e-02
  -4.31274772e-02 -1.21432915e-01 -2.66612731e-02 -1.00501150e-01
   2.09393889e-01 -2.79800501e-02 -1.17277065e-02 -1.35656428e-02
  -8.52846503e-02 -9.55698919e-03 -1.37133468e-02 -2.97647491e-02
   9.31909010e-02  6.52914681e-03 -1.08730704e-01  5.84104005e-03
   2.16437615e-02 -4.18845266e-02 -2.37923041e-02 -1.44618526e-01
  -1.18470900e-01  4.23062034e-02 -7.31456280e-02 -7.16606453e-02
   3.69655937e-02  5.26275560e-02  5.14777824e-02 -1.28793731e-01
  -6.77055344e-02 -1.24003934e-02 -4.60778475e-02 -1.26527876e-01
  -1.34590328e-01 -2.61884350e-02  1.79733355e-02 -3.25477123e-02
  -3.89564112e-02 -7.26640746e-02 -6.32564798e-02  1.23174451e-02]
 [-4.55548018e-02 -6.45173714e-02 -4.50421199e-02 -5.52778281e-02
  -5.62763736e-02 -1.90013535e-02 -2.55574100e-02 -4.80335578e-02
   2.69934461e-02 -7.21400511e-03 -6.68900162e-02 -6.59238175e-02
   7.85823390e-02  6.97365031e-02 -7.77748153e-02 -3.15097190e-04
  -2.12370213e-02  7.27906376e-02  3.13526839e-02  9.56783965e-02
   2.03395307e-01  6.17407337e-02 -8.00977647e-02  1.24072067e-01
   6.30020499e-02 -6.40848652e-02  2.00905308e-01 -2.53922981e-03
   6.27369955e-02 -5.48918284e-02 -7.67814294e-02  1.08579524e-01
   5.90635426e-02 -4.65200692e-02 -3.10648549e-02 -1.16270583e-03
   1.31566808e-01 -7.08129257e-02  2.95372546e-01 -9.35846195e-02
  -8.05682838e-02 -1.42073054e-02 -3.48211080e-02  4.04773280e-02
   1.00568727e-01 -7.58522302e-02  9.29912739e-03 -5.29359579e-02
  -1.04218926e-02 -8.80566239e-03 -1.03896469e-01  2.17220366e-01
   1.79410100e-01 -7.56597817e-02  5.30347712e-02  1.82755530e-01
  -7.38516599e-02 -1.26226112e-01  7.29397982e-02 -7.94293955e-02
   9.76698324e-02  1.33919865e-01  1.58220932e-01 -7.26413652e-02
  -6.66482672e-02  1.55874372e-01 -1.23625156e-02 -2.28482336e-02
  -4.02232334e-02  2.15343252e-01  7.08575780e-03 -6.95995614e-02
   5.71168140e-02 -9.26165730e-02  8.10172260e-02 -8.67791921e-02
   9.68730897e-02 -4.32934575e-02 -2.96016745e-02 -1.08132586e-01
   4.92965542e-02 -7.44709969e-02 -8.48897174e-02  1.27081364e-01
   4.42253761e-02 -1.37841642e-01  5.84987625e-02  1.02915518e-01
  -2.76849624e-02  7.66828982e-03 -9.63586643e-02  1.65794089e-01
   1.77608244e-02 -8.06284398e-02  6.96206465e-02  5.83568960e-02
   1.45736217e-01 -5.05885892e-02 -2.87081897e-02  3.40523198e-02
  -5.25531135e-02 -7.73429200e-02 -2.34770495e-02 -6.76668212e-02
  -9.34624597e-02 -2.62765437e-02 -3.66274901e-02  2.59049647e-02
  -5.06236367e-02  6.67128488e-02  6.35892227e-02  7.80781284e-02
   1.50785074e-01  3.69571522e-02  7.45994821e-02  3.15983184e-02
  -5.36652319e-02  1.93658426e-01 -3.70305702e-02  5.33022583e-02
  -6.27216930e-03 -6.53448924e-02  4.74680439e-02 -7.52278343e-02
   4.44360375e-02  6.38161367e-03  1.20118812e-01  1.48851401e-03]]
[[ 1.27358153e-01 -1.15225084e-01 -6.54121190e-02 -1.33365124e-01
   1.03547424e-01  6.00536652e-02  5.59578091e-02 -2.72067655e-02
   1.60911009e-01  1.13473326e-01 -1.50382996e-01  3.67642678e-02
   6.46396950e-02 -7.24502280e-02  3.34726721e-02 -8.53119269e-02
   1.64640710e-01  7.18975365e-02 -1.55070880e-02 -7.24412948e-02
  -8.81087855e-02 -1.05601907e-01  1.93543918e-02 -7.51370490e-02
  -3.38619947e-02 -8.40809941e-02  4.63290736e-02  2.49661982e-01
  -5.99298626e-02 -3.25455219e-02 -6.72559068e-02  1.53820157e-01
   8.75203833e-02 -3.22164968e-02  1.02037303e-01 -7.16710538e-02
   1.37626261e-01 -1.40310630e-01 -6.48250338e-03 -2.60741785e-02
   9.64144096e-02  5.74560054e-02  2.96964236e-02  1.26369625e-01
   1.14295669e-01  2.39192545e-01  4.12658006e-02 -1.10328950e-01
  -6.44910261e-02 -5.64702749e-02 -1.08184442e-01 -7.71711245e-02
  -7.50688538e-02 -9.21090133e-03  4.00901847e-02  3.45197320e-02
  -1.60850659e-01  1.06250849e-02  9.98186413e-03 -9.04618055e-02
   1.08786076e-01 -1.48563166e-04 -5.36550097e-02 -1.28896385e-01
  -5.22547662e-02 -9.33269858e-02  4.36762720e-02 -2.87634246e-02
  -2.24649031e-02  3.89565602e-02 -7.30882436e-02 -4.00341824e-02
  -7.76382983e-02 -6.33651242e-02  1.92735970e-01  1.62048534e-01
  -9.54389051e-02 -1.26941781e-02 -1.41092157e-02 -9.21233520e-02
   8.86455104e-02 -3.36733609e-02 -1.22501701e-01  1.49282560e-01
  -6.82940930e-02 -9.22984779e-02 -2.20922977e-02  4.29690517e-02
  -4.31274772e-02 -1.21432915e-01 -2.66612731e-02 -1.00501150e-01
   2.09393889e-01 -2.79800501e-02 -1.17277065e-02 -1.35656428e-02
  -8.52846503e-02 -9.55698919e-03 -1.37133468e-02 -2.97647491e-02
   9.31909010e-02  6.52914681e-03 -1.08730704e-01  5.84104005e-03
   2.16437615e-02 -4.18845266e-02 -2.37923041e-02 -1.44618526e-01
  -1.18470900e-01  4.23062034e-02 -7.31456280e-02 -7.16606453e-02
   3.69655937e-02  5.26275560e-02  5.14777824e-02 -1.28793731e-01
  -6.77055344e-02 -1.24003934e-02 -4.60778475e-02 -1.26527876e-01
  -1.34590328e-01 -2.61884350e-02  1.79733355e-02 -3.25477123e-02
  -3.89564112e-02 -7.26640746e-02 -6.32564798e-02  1.23174451e-02]
 [-4.55548018e-02 -6.45173714e-02 -4.50421199e-02 -5.52778281e-02
  -5.62763736e-02 -1.90013535e-02 -2.55574100e-02 -4.80335578e-02
   2.69934461e-02 -7.21400511e-03 -6.68900162e-02 -6.59238175e-02
   7.85823390e-02  6.97365031e-02 -7.77748153e-02 -3.15097190e-04
  -2.12370213e-02  7.27906376e-02  3.13526839e-02  9.56783965e-02
   2.03395307e-01  6.17407337e-02 -8.00977647e-02  1.24072067e-01
   6.30020499e-02 -6.40848652e-02  2.00905308e-01 -2.53922981e-03
   6.27369955e-02 -5.48918284e-02 -7.67814294e-02  1.08579524e-01
   5.90635426e-02 -4.65200692e-02 -3.10648549e-02 -1.16270583e-03
   1.31566808e-01 -7.08129257e-02  2.95372546e-01 -9.35846195e-02
  -8.05682838e-02 -1.42073054e-02 -3.48211080e-02  4.04773280e-02
   1.00568727e-01 -7.58522302e-02  9.29912739e-03 -5.29359579e-02
  -1.04218926e-02 -8.80566239e-03 -1.03896469e-01  2.17220366e-01
   1.79410100e-01 -7.56597817e-02  5.30347712e-02  1.82755530e-01
  -7.38516599e-02 -1.26226112e-01  7.29397982e-02 -7.94293955e-02
   9.76698324e-02  1.33919865e-01  1.58220932e-01 -7.26413652e-02
  -6.66482672e-02  1.55874372e-01 -1.23625156e-02 -2.28482336e-02
  -4.02232334e-02  2.15343252e-01  7.08575780e-03 -6.95995614e-02
   5.71168140e-02 -9.26165730e-02  8.10172260e-02 -8.67791921e-02
   9.68730897e-02 -4.32934575e-02 -2.96016745e-02 -1.08132586e-01
   4.92965542e-02 -7.44709969e-02 -8.48897174e-02  1.27081364e-01
   4.42253761e-02 -1.37841642e-01  5.84987625e-02  1.02915518e-01
  -2.76849624e-02  7.66828982e-03 -9.63586643e-02  1.65794089e-01
   1.77608244e-02 -8.06284398e-02  6.96206465e-02  5.83568960e-02
   1.45736217e-01 -5.05885892e-02 -2.87081897e-02  3.40523198e-02
  -5.25531135e-02 -7.73429200e-02 -2.34770495e-02 -6.76668212e-02
  -9.34624597e-02 -2.62765437e-02 -3.66274901e-02  2.59049647e-02
  -5.06236367e-02  6.67128488e-02  6.35892227e-02  7.80781284e-02
   1.50785074e-01  3.69571522e-02  7.45994821e-02  3.15983184e-02
  -5.36652319e-02  1.93658426e-01 -3.70305702e-02  5.33022583e-02
  -6.27216930e-03 -6.53448924e-02  4.74680439e-02 -7.52278343e-02
   4.44360375e-02  6.38161367e-03  1.20118812e-01  1.48851401e-03]]
