[[ 0.11818224 -0.10589914 -0.07804926 -0.09138963  0.04062489  0.05150906
  -0.07093826 -0.00098354  0.07885456  0.07930727 -0.14322084  0.06373601
   0.02834923 -0.07624049 -0.01874165 -0.0801405   0.12967543  0.06922816
   0.05298885  0.03035172 -0.06990062  0.03078959  0.0366632  -0.02524034
  -0.01974066 -0.06754886  0.03782513  0.23184483 -0.06829339 -0.06758256
  -0.04592576  0.08423672  0.05509296 -0.02711639  0.05967723 -0.07719365
   0.06814005 -0.12506291 -0.03472035 -0.08065613  0.09907008 -0.05324631
  -0.00751089  0.04361321  0.10895728  0.19051503  0.1269079  -0.1138388
   0.0179833  -0.04526198 -0.15864584 -0.08931495 -0.08903437  0.05338552
   0.19574898  0.1275639  -0.16493228  0.01146364  0.13224025 -0.04590834
   0.13213937  0.00597647 -0.03671632 -0.14907525  0.02365343 -0.04556865
   0.04742916 -0.02001219  0.00246413  0.1453974  -0.03388751 -0.04341438
  -0.10011547 -0.07426234  0.1534623   0.15928799 -0.05902308 -0.00187924
  -0.08291245 -0.12408561  0.12351546 -0.01820002 -0.12762165  0.12115225
  -0.09545301 -0.07398762  0.09654507  0.00181477  0.02985448 -0.10406488
  -0.04060832 -0.08489191  0.26829547 -0.00127543  0.03862201 -0.03054991
  -0.05945918 -0.05690069 -0.06805036  0.00315595  0.02200591 -0.03235291
  -0.05020805 -0.08082168 -0.04712908  0.0081652   0.04120635 -0.17998278
  -0.10055041  0.08467524 -0.10611948 -0.07576954 -0.02107411  0.04191393
   0.04827489 -0.1378608   0.15414254 -0.00267741 -0.05497862 -0.11154734
  -0.13083543 -0.00853972  0.0304787   0.0339025  -0.04670286 -0.01161845
   0.04573628 -0.05091282]
 [ 0.02825807 -0.08705707 -0.1000521  -0.07594769 -0.03816156  0.05217885
  -0.02823156 -0.06238195  0.09544168  0.04600924 -0.06213385 -0.04584643
   0.08128172  0.08554124 -0.0530389   0.00973152  0.03053392  0.03712023
   0.03219311  0.07527992  0.19903903  0.11542992 -0.0796349   0.1248848
   0.04761586 -0.06010836  0.16125555  0.01845565  0.09985826 -0.04561105
  -0.06714522  0.08224645  0.0833068  -0.02625708  0.00329125  0.05567065
   0.13739416 -0.06577332  0.30973116 -0.08350052 -0.07788034 -0.03123747
  -0.00162066  0.06291276  0.13391039 -0.05709257  0.05581742 -0.04632251
  -0.02345445 -0.0203834  -0.09850807  0.11856052  0.23746657 -0.07282226
   0.10413703  0.21751589 -0.08547553 -0.09019747  0.08043184 -0.08053893
   0.07520682  0.11687007  0.1760114  -0.05953953 -0.06841124  0.10452809
  -0.02455653 -0.04654293 -0.02555285  0.2555569   0.02073765 -0.05623927
   0.05055746 -0.08721195  0.06716622 -0.05015191  0.09481417 -0.05421207
  -0.01019435 -0.07891905  0.09472436 -0.07791278 -0.08198105  0.11872982
   0.10257281 -0.10401306  0.03205917  0.09936295  0.04137615 -0.03994028
  -0.06396068  0.16161378  0.07703    -0.0712372   0.04082149  0.06141177
   0.16385771 -0.05071265 -0.05731851  0.03886741 -0.07258991 -0.06542668
  -0.01688218 -0.00341922 -0.04435224 -0.00658043 -0.00345698 -0.0097755
  -0.04268794  0.07955405  0.00058773 -0.0069261   0.10812458  0.04891673
  -0.02715766  0.03273568 -0.04590221  0.1972988  -0.02315825  0.01409185
  -0.02975505 -0.05708528  0.07585543 -0.0709528   0.07066711 -0.0445705
   0.12991332 -0.01092824]]
[[ 0.11818224 -0.10589914 -0.07804926 -0.09138963  0.04062489  0.05150906
  -0.07093826 -0.00098354  0.07885456  0.07930727 -0.14322084  0.06373601
   0.02834923 -0.07624049 -0.01874165 -0.0801405   0.12967543  0.06922816
   0.05298885  0.03035172 -0.06990062  0.03078959  0.0366632  -0.02524034
  -0.01974066 -0.06754886  0.03782513  0.23184483 -0.06829339 -0.06758256
  -0.04592576  0.08423672  0.05509296 -0.02711639  0.05967723 -0.07719365
   0.06814005 -0.12506291 -0.03472035 -0.08065613  0.09907008 -0.05324631
  -0.00751089  0.04361321  0.10895728  0.19051503  0.1269079  -0.1138388
   0.0179833  -0.04526198 -0.15864584 -0.08931495 -0.08903437  0.05338552
   0.19574898  0.1275639  -0.16493228  0.01146364  0.13224025 -0.04590834
   0.13213937  0.00597647 -0.03671632 -0.14907525  0.02365343 -0.04556865
   0.04742916 -0.02001219  0.00246413  0.1453974  -0.03388751 -0.04341438
  -0.10011547 -0.07426234  0.1534623   0.15928799 -0.05902308 -0.00187924
  -0.08291245 -0.12408561  0.12351546 -0.01820002 -0.12762165  0.12115225
  -0.09545301 -0.07398762  0.09654507  0.00181477  0.02985448 -0.10406488
  -0.04060832 -0.08489191  0.26829547 -0.00127543  0.03862201 -0.03054991
  -0.05945918 -0.05690069 -0.06805036  0.00315595  0.02200591 -0.03235291
  -0.05020805 -0.08082168 -0.04712908  0.0081652   0.04120635 -0.17998278
  -0.10055041  0.08467524 -0.10611948 -0.07576954 -0.02107411  0.04191393
   0.04827489 -0.1378608   0.15414254 -0.00267741 -0.05497862 -0.11154734
  -0.13083543 -0.00853972  0.0304787   0.0339025  -0.04670286 -0.01161845
   0.04573628 -0.05091282]
 [ 0.02825807 -0.08705707 -0.1000521  -0.07594769 -0.03816156  0.05217885
  -0.02823156 -0.06238195  0.09544168  0.04600924 -0.06213385 -0.04584643
   0.08128172  0.08554124 -0.0530389   0.00973152  0.03053392  0.03712023
   0.03219311  0.07527992  0.19903903  0.11542992 -0.0796349   0.1248848
   0.04761586 -0.06010836  0.16125555  0.01845565  0.09985826 -0.04561105
  -0.06714522  0.08224645  0.0833068  -0.02625708  0.00329125  0.05567065
   0.13739416 -0.06577332  0.30973116 -0.08350052 -0.07788034 -0.03123747
  -0.00162066  0.06291276  0.13391039 -0.05709257  0.05581742 -0.04632251
  -0.02345445 -0.0203834  -0.09850807  0.11856052  0.23746657 -0.07282226
   0.10413703  0.21751589 -0.08547553 -0.09019747  0.08043184 -0.08053893
   0.07520682  0.11687007  0.1760114  -0.05953953 -0.06841124  0.10452809
  -0.02455653 -0.04654293 -0.02555285  0.2555569   0.02073765 -0.05623927
   0.05055746 -0.08721195  0.06716622 -0.05015191  0.09481417 -0.05421207
  -0.01019435 -0.07891905  0.09472436 -0.07791278 -0.08198105  0.11872982
   0.10257281 -0.10401306  0.03205917  0.09936295  0.04137615 -0.03994028
  -0.06396068  0.16161378  0.07703    -0.0712372   0.04082149  0.06141177
   0.16385771 -0.05071265 -0.05731851  0.03886741 -0.07258991 -0.06542668
  -0.01688218 -0.00341922 -0.04435224 -0.00658043 -0.00345698 -0.0097755
  -0.04268794  0.07955405  0.00058773 -0.0069261   0.10812458  0.04891673
  -0.02715766  0.03273568 -0.04590221  0.1972988  -0.02315825  0.01409185
  -0.02975505 -0.05708528  0.07585543 -0.0709528   0.07066711 -0.0445705
   0.12991332 -0.01092824]]
[[ 0.11818224 -0.10589914 -0.07804926 -0.09138963  0.04062489  0.05150906
  -0.07093826 -0.00098354  0.07885456  0.07930727 -0.14322084  0.06373601
   0.02834923 -0.07624049 -0.01874165 -0.0801405   0.12967543  0.06922816
   0.05298885  0.03035172 -0.06990062  0.03078959  0.0366632  -0.02524034
  -0.01974066 -0.06754886  0.03782513  0.23184483 -0.06829339 -0.06758256
  -0.04592576  0.08423672  0.05509296 -0.02711639  0.05967723 -0.07719365
   0.06814005 -0.12506291 -0.03472035 -0.08065613  0.09907008 -0.05324631
  -0.00751089  0.04361321  0.10895728  0.19051503  0.1269079  -0.1138388
   0.0179833  -0.04526198 -0.15864584 -0.08931495 -0.08903437  0.05338552
   0.19574898  0.1275639  -0.16493228  0.01146364  0.13224025 -0.04590834
   0.13213937  0.00597647 -0.03671632 -0.14907525  0.02365343 -0.04556865
   0.04742916 -0.02001219  0.00246413  0.1453974  -0.03388751 -0.04341438
  -0.10011547 -0.07426234  0.1534623   0.15928799 -0.05902308 -0.00187924
  -0.08291245 -0.12408561  0.12351546 -0.01820002 -0.12762165  0.12115225
  -0.09545301 -0.07398762  0.09654507  0.00181477  0.02985448 -0.10406488
  -0.04060832 -0.08489191  0.26829547 -0.00127543  0.03862201 -0.03054991
  -0.05945918 -0.05690069 -0.06805036  0.00315595  0.02200591 -0.03235291
  -0.05020805 -0.08082168 -0.04712908  0.0081652   0.04120635 -0.17998278
  -0.10055041  0.08467524 -0.10611948 -0.07576954 -0.02107411  0.04191393
   0.04827489 -0.1378608   0.15414254 -0.00267741 -0.05497862 -0.11154734
  -0.13083543 -0.00853972  0.0304787   0.0339025  -0.04670286 -0.01161845
   0.04573628 -0.05091282]
 [ 0.02825807 -0.08705707 -0.1000521  -0.07594769 -0.03816156  0.05217885
  -0.02823156 -0.06238195  0.09544168  0.04600924 -0.06213385 -0.04584643
   0.08128172  0.08554124 -0.0530389   0.00973152  0.03053392  0.03712023
   0.03219311  0.07527992  0.19903903  0.11542992 -0.0796349   0.1248848
   0.04761586 -0.06010836  0.16125555  0.01845565  0.09985826 -0.04561105
  -0.06714522  0.08224645  0.0833068  -0.02625708  0.00329125  0.05567065
   0.13739416 -0.06577332  0.30973116 -0.08350052 -0.07788034 -0.03123747
  -0.00162066  0.06291276  0.13391039 -0.05709257  0.05581742 -0.04632251
  -0.02345445 -0.0203834  -0.09850807  0.11856052  0.23746657 -0.07282226
   0.10413703  0.21751589 -0.08547553 -0.09019747  0.08043184 -0.08053893
   0.07520682  0.11687007  0.1760114  -0.05953953 -0.06841124  0.10452809
  -0.02455653 -0.04654293 -0.02555285  0.2555569   0.02073765 -0.05623927
   0.05055746 -0.08721195  0.06716622 -0.05015191  0.09481417 -0.05421207
  -0.01019435 -0.07891905  0.09472436 -0.07791278 -0.08198105  0.11872982
   0.10257281 -0.10401306  0.03205917  0.09936295  0.04137615 -0.03994028
  -0.06396068  0.16161378  0.07703    -0.0712372   0.04082149  0.06141177
   0.16385771 -0.05071265 -0.05731851  0.03886741 -0.07258991 -0.06542668
  -0.01688218 -0.00341922 -0.04435224 -0.00658043 -0.00345698 -0.0097755
  -0.04268794  0.07955405  0.00058773 -0.0069261   0.10812458  0.04891673
  -0.02715766  0.03273568 -0.04590221  0.1972988  -0.02315825  0.01409185
  -0.02975505 -0.05708528  0.07585543 -0.0709528   0.07066711 -0.0445705
   0.12991332 -0.01092824]]
