[[ 0.08074487 -0.10161668 -0.02300287 -0.08348377  0.05382312  0.11050174
  -0.06342414 -0.02926214  0.09048766  0.05592575 -0.14270817  0.04971308
   0.02719569 -0.09202499 -0.05188606 -0.08265484  0.10605075  0.06419948
   0.04242332  0.02108496 -0.08613124  0.00166392  0.04184438 -0.05506381
  -0.00879073 -0.05540927  0.04612753  0.2290417  -0.07565978 -0.06766141
  -0.04427811  0.11307965  0.03286138 -0.02097465  0.06061152 -0.07777029
   0.06115481 -0.1340197  -0.04282321 -0.07161853  0.11103492 -0.05475849
  -0.05085085  0.07598329  0.0826781   0.17810944  0.10352276 -0.1142303
   0.02284595 -0.07189744 -0.16530937 -0.08917812 -0.09948088  0.06428593
   0.15537593  0.12031759 -0.14490387  0.00306953  0.11396572 -0.06359552
   0.13103245 -0.0162731  -0.07457846 -0.1432252  -0.01437294 -0.07308538
   0.10628966 -0.04183158  0.01185148  0.07448869 -0.02200412 -0.05322395
  -0.09987772 -0.07464243  0.18588978  0.15351778 -0.06381283  0.02801277
  -0.069875   -0.12724626  0.08909918 -0.02886823 -0.13075562  0.0997717
  -0.10976451 -0.10197467  0.08359031 -0.00103839  0.00814782 -0.10902429
  -0.02863298 -0.09653108  0.29333115  0.02674353  0.03668572 -0.02396577
  -0.05850417 -0.08272324 -0.0480711  -0.00953382  0.07867686 -0.05260137
  -0.06400368 -0.07154305 -0.04091941 -0.01989863  0.01326791 -0.1693193
  -0.10648919  0.07826835 -0.08679549 -0.08581583 -0.01032271  0.05258813
   0.04001805 -0.13632311  0.13823338 -0.03575128 -0.05670117 -0.13244748
  -0.12569074 -0.02652232  0.01088189  0.05141874 -0.0675194   0.00034832
   0.02080239 -0.05737688]
 [-0.00635953 -0.07765666 -0.08291813 -0.05910197 -0.05708655 -0.01224432
  -0.00070573 -0.05166698  0.05319974  0.02954037 -0.06712171 -0.03425071
   0.10833086  0.06483823 -0.05892769  0.00791372 -0.00317754  0.02374833
   0.06359058  0.08823011  0.20149003  0.09193361 -0.08888239  0.12656778
   0.03132715 -0.05531936  0.15223971  0.01474104  0.11514348 -0.05654981
  -0.07576483  0.11702616  0.07063979 -0.02248553 -0.01176053  0.02151904
   0.12133869 -0.07393789  0.2861369  -0.09411738 -0.0801557  -0.02957251
  -0.00773222  0.04375241  0.12605335 -0.0702649   0.03179816 -0.03072737
  -0.01744662 -0.03787223 -0.10583065  0.2093135   0.17692167 -0.08031787
   0.07228294  0.22306769 -0.06751396 -0.09723765  0.09281921 -0.07974487
   0.0976684   0.13989384  0.15377215 -0.06904744 -0.06692518  0.10973337
  -0.01374455 -0.03662411 -0.02639639  0.25992832  0.03687132 -0.07070382
   0.06123237 -0.0804546   0.0662585  -0.06591101  0.11389775 -0.06018275
  -0.0170762  -0.10342684  0.08751502 -0.06895271 -0.08354433  0.12415381
   0.09085482 -0.11758626  0.07046826  0.0896024   0.01004176 -0.0252612
  -0.08771457  0.13745253  0.03777497 -0.07499556  0.02005963  0.05399337
   0.16073167 -0.04942081 -0.0206901   0.06198284 -0.05876326 -0.04744122
  -0.00595013 -0.03347272 -0.07813361  0.002432   -0.03082969 -0.0031271
  -0.042471    0.05780561  0.0259244   0.04268129  0.13632639  0.04085261
   0.00852892  0.02695603 -0.04777306  0.23494048 -0.01043476 -0.00718946
  -0.03039354 -0.06119658  0.05483266 -0.07122339  0.04165444 -0.00769277
   0.14312656 -0.01517171]]
[[ 0.08074487 -0.10161668 -0.02300287 -0.08348377  0.05382312  0.11050174
  -0.06342414 -0.02926214  0.09048766  0.05592575 -0.14270817  0.04971308
   0.02719569 -0.09202499 -0.05188606 -0.08265484  0.10605075  0.06419948
   0.04242332  0.02108496 -0.08613124  0.00166392  0.04184438 -0.05506381
  -0.00879073 -0.05540927  0.04612753  0.2290417  -0.07565978 -0.06766141
  -0.04427811  0.11307965  0.03286138 -0.02097465  0.06061152 -0.07777029
   0.06115481 -0.1340197  -0.04282321 -0.07161853  0.11103492 -0.05475849
  -0.05085085  0.07598329  0.0826781   0.17810944  0.10352276 -0.1142303
   0.02284595 -0.07189744 -0.16530937 -0.08917812 -0.09948088  0.06428593
   0.15537593  0.12031759 -0.14490387  0.00306953  0.11396572 -0.06359552
   0.13103245 -0.0162731  -0.07457846 -0.1432252  -0.01437294 -0.07308538
   0.10628966 -0.04183158  0.01185148  0.07448869 -0.02200412 -0.05322395
  -0.09987772 -0.07464243  0.18588978  0.15351778 -0.06381283  0.02801277
  -0.069875   -0.12724626  0.08909918 -0.02886823 -0.13075562  0.0997717
  -0.10976451 -0.10197467  0.08359031 -0.00103839  0.00814782 -0.10902429
  -0.02863298 -0.09653108  0.29333115  0.02674353  0.03668572 -0.02396577
  -0.05850417 -0.08272324 -0.0480711  -0.00953382  0.07867686 -0.05260137
  -0.06400368 -0.07154305 -0.04091941 -0.01989863  0.01326791 -0.1693193
  -0.10648919  0.07826835 -0.08679549 -0.08581583 -0.01032271  0.05258813
   0.04001805 -0.13632311  0.13823338 -0.03575128 -0.05670117 -0.13244748
  -0.12569074 -0.02652232  0.01088189  0.05141874 -0.0675194   0.00034832
   0.02080239 -0.05737688]
 [-0.00635953 -0.07765666 -0.08291813 -0.05910197 -0.05708655 -0.01224432
  -0.00070573 -0.05166698  0.05319974  0.02954037 -0.06712171 -0.03425071
   0.10833086  0.06483823 -0.05892769  0.00791372 -0.00317754  0.02374833
   0.06359058  0.08823011  0.20149003  0.09193361 -0.08888239  0.12656778
   0.03132715 -0.05531936  0.15223971  0.01474104  0.11514348 -0.05654981
  -0.07576483  0.11702616  0.07063979 -0.02248553 -0.01176053  0.02151904
   0.12133869 -0.07393789  0.2861369  -0.09411738 -0.0801557  -0.02957251
  -0.00773222  0.04375241  0.12605335 -0.0702649   0.03179816 -0.03072737
  -0.01744662 -0.03787223 -0.10583065  0.2093135   0.17692167 -0.08031787
   0.07228294  0.22306769 -0.06751396 -0.09723765  0.09281921 -0.07974487
   0.0976684   0.13989384  0.15377215 -0.06904744 -0.06692518  0.10973337
  -0.01374455 -0.03662411 -0.02639639  0.25992832  0.03687132 -0.07070382
   0.06123237 -0.0804546   0.0662585  -0.06591101  0.11389775 -0.06018275
  -0.0170762  -0.10342684  0.08751502 -0.06895271 -0.08354433  0.12415381
   0.09085482 -0.11758626  0.07046826  0.0896024   0.01004176 -0.0252612
  -0.08771457  0.13745253  0.03777497 -0.07499556  0.02005963  0.05399337
   0.16073167 -0.04942081 -0.0206901   0.06198284 -0.05876326 -0.04744122
  -0.00595013 -0.03347272 -0.07813361  0.002432   -0.03082969 -0.0031271
  -0.042471    0.05780561  0.0259244   0.04268129  0.13632639  0.04085261
   0.00852892  0.02695603 -0.04777306  0.23494048 -0.01043476 -0.00718946
  -0.03039354 -0.06119658  0.05483266 -0.07122339  0.04165444 -0.00769277
   0.14312656 -0.01517171]]
[[ 0.08074487 -0.10161668 -0.02300287 -0.08348377  0.05382312  0.11050174
  -0.06342414 -0.02926214  0.09048766  0.05592575 -0.14270817  0.04971308
   0.02719569 -0.09202499 -0.05188606 -0.08265484  0.10605075  0.06419948
   0.04242332  0.02108496 -0.08613124  0.00166392  0.04184438 -0.05506381
  -0.00879073 -0.05540927  0.04612753  0.2290417  -0.07565978 -0.06766141
  -0.04427811  0.11307965  0.03286138 -0.02097465  0.06061152 -0.07777029
   0.06115481 -0.1340197  -0.04282321 -0.07161853  0.11103492 -0.05475849
  -0.05085085  0.07598329  0.0826781   0.17810944  0.10352276 -0.1142303
   0.02284595 -0.07189744 -0.16530937 -0.08917812 -0.09948088  0.06428593
   0.15537593  0.12031759 -0.14490387  0.00306953  0.11396572 -0.06359552
   0.13103245 -0.0162731  -0.07457846 -0.1432252  -0.01437294 -0.07308538
   0.10628966 -0.04183158  0.01185148  0.07448869 -0.02200412 -0.05322395
  -0.09987772 -0.07464243  0.18588978  0.15351778 -0.06381283  0.02801277
  -0.069875   -0.12724626  0.08909918 -0.02886823 -0.13075562  0.0997717
  -0.10976451 -0.10197467  0.08359031 -0.00103839  0.00814782 -0.10902429
  -0.02863298 -0.09653108  0.29333115  0.02674353  0.03668572 -0.02396577
  -0.05850417 -0.08272324 -0.0480711  -0.00953382  0.07867686 -0.05260137
  -0.06400368 -0.07154305 -0.04091941 -0.01989863  0.01326791 -0.1693193
  -0.10648919  0.07826835 -0.08679549 -0.08581583 -0.01032271  0.05258813
   0.04001805 -0.13632311  0.13823338 -0.03575128 -0.05670117 -0.13244748
  -0.12569074 -0.02652232  0.01088189  0.05141874 -0.0675194   0.00034832
   0.02080239 -0.05737688]
 [-0.00635953 -0.07765666 -0.08291813 -0.05910197 -0.05708655 -0.01224432
  -0.00070573 -0.05166698  0.05319974  0.02954037 -0.06712171 -0.03425071
   0.10833086  0.06483823 -0.05892769  0.00791372 -0.00317754  0.02374833
   0.06359058  0.08823011  0.20149003  0.09193361 -0.08888239  0.12656778
   0.03132715 -0.05531936  0.15223971  0.01474104  0.11514348 -0.05654981
  -0.07576483  0.11702616  0.07063979 -0.02248553 -0.01176053  0.02151904
   0.12133869 -0.07393789  0.2861369  -0.09411738 -0.0801557  -0.02957251
  -0.00773222  0.04375241  0.12605335 -0.0702649   0.03179816 -0.03072737
  -0.01744662 -0.03787223 -0.10583065  0.2093135   0.17692167 -0.08031787
   0.07228294  0.22306769 -0.06751396 -0.09723765  0.09281921 -0.07974487
   0.0976684   0.13989384  0.15377215 -0.06904744 -0.06692518  0.10973337
  -0.01374455 -0.03662411 -0.02639639  0.25992832  0.03687132 -0.07070382
   0.06123237 -0.0804546   0.0662585  -0.06591101  0.11389775 -0.06018275
  -0.0170762  -0.10342684  0.08751502 -0.06895271 -0.08354433  0.12415381
   0.09085482 -0.11758626  0.07046826  0.0896024   0.01004176 -0.0252612
  -0.08771457  0.13745253  0.03777497 -0.07499556  0.02005963  0.05399337
   0.16073167 -0.04942081 -0.0206901   0.06198284 -0.05876326 -0.04744122
  -0.00595013 -0.03347272 -0.07813361  0.002432   -0.03082969 -0.0031271
  -0.042471    0.05780561  0.0259244   0.04268129  0.13632639  0.04085261
   0.00852892  0.02695603 -0.04777306  0.23494048 -0.01043476 -0.00718946
  -0.03039354 -0.06119658  0.05483266 -0.07122339  0.04165444 -0.00769277
   0.14312656 -0.01517171]]
