[[ 0.12586665 -0.0809563  -0.06221968 -0.0885658   0.05024445  0.04671905
  -0.06773015  0.01780088  0.06346342  0.05556001 -0.14305003  0.06296703
   0.01319226 -0.07385799 -0.00934718 -0.07446396  0.12538113  0.08971593
   0.04212379  0.05978438 -0.06388422  0.04334032  0.03996504 -0.00657015
  -0.02251412 -0.06197951  0.04487721  0.22602506 -0.07096656 -0.06842936
  -0.03032372  0.06776062  0.03845868 -0.03721508  0.06043736 -0.05702043
   0.07297838 -0.11637174 -0.02959337 -0.09706777  0.07577333 -0.06480479
  -0.01691635  0.06021943  0.11679865  0.17819744  0.10907228 -0.11693762
   0.05541318 -0.03982993 -0.15910022 -0.09252048 -0.09062962  0.06961818
   0.19679579  0.14837249 -0.16488923 -0.00325666  0.14001545 -0.04248817
   0.14246173  0.02863617 -0.03335315 -0.14401323  0.03608532 -0.04647089
   0.05319407 -0.00386077  0.00550881  0.1327989  -0.04103593 -0.05613125
  -0.10009342 -0.08028671  0.15851523  0.1330237  -0.05548917  0.01545563
  -0.08611433 -0.12233265  0.11583658 -0.00948068 -0.12589045  0.12329745
  -0.09322915 -0.0646508   0.0835989   0.00902796  0.02615415 -0.09451655
  -0.04871876 -0.08037271  0.28164905 -0.00388575  0.06614143 -0.05152725
  -0.06449931 -0.06494726 -0.07506626  0.00210285  0.02008265 -0.02937389
  -0.05064754 -0.07839432 -0.06419849 -0.00513765  0.05061195 -0.17939082
  -0.08969     0.07243299 -0.10693806 -0.07174459 -0.02082969  0.02300501
   0.07107453 -0.13624856  0.18118957 -0.02548904 -0.065943   -0.10829239
  -0.12994595 -0.00869792  0.02519146  0.03466332 -0.04287408 -0.0097281
   0.04169627 -0.06272401]
 [ 0.04519049 -0.08420388 -0.10697194 -0.08969486 -0.0374184   0.03920739
  -0.01887316 -0.05447042  0.09485588  0.03651117 -0.06092063 -0.04147479
   0.07636399  0.0908158  -0.04659899 -0.00443221  0.03116403  0.06123979
   0.05236113  0.06791434  0.17190222  0.15489691 -0.05850754  0.1340124
   0.06025427 -0.06011992  0.14654869  0.01945617  0.09577277 -0.04328212
  -0.06710528  0.04905257  0.09520958 -0.043322    0.03547069  0.04959746
   0.1294545  -0.06745565  0.29188782 -0.0743721  -0.0755375  -0.03165085
  -0.00228167  0.07948271  0.14124548 -0.02555213  0.05755749 -0.04706687
  -0.02159094 -0.01183497 -0.09944372  0.09099004  0.24630782 -0.07244871
   0.12843022  0.21615674 -0.09954353 -0.09751549  0.07782754 -0.08386053
   0.07474176  0.1168372   0.1795788  -0.0591576  -0.06792989  0.10373875
  -0.03529711 -0.03888005 -0.01974369  0.25271598  0.02532077 -0.0565005
   0.0630051  -0.08812072  0.08029173 -0.04106085  0.09561403 -0.05531114
  -0.00840512 -0.06141445  0.11015695 -0.08025376 -0.08233809  0.12532191
   0.10639481 -0.09645898  0.05426673  0.10039596  0.02904173 -0.04775637
  -0.06487168  0.1451863   0.10010654 -0.06703396  0.04318102  0.07224773
   0.17488094 -0.05184002 -0.06497943  0.03241666 -0.07760412 -0.06273065
   0.00648494  0.00073066 -0.03675683  0.00113445  0.0291268  -0.01022294
  -0.04827361  0.0964576  -0.00153025 -0.00726953  0.11022869  0.06250562
  -0.01639304  0.02571909 -0.04091682  0.16334859 -0.02066419  0.01544727
  -0.04232144 -0.04800393  0.08214731 -0.07308038  0.06824409 -0.04315419
   0.13825892 -0.02337136]]
[[ 0.12586665 -0.0809563  -0.06221968 -0.0885658   0.05024445  0.04671905
  -0.06773015  0.01780088  0.06346342  0.05556001 -0.14305003  0.06296703
   0.01319226 -0.07385799 -0.00934718 -0.07446396  0.12538113  0.08971593
   0.04212379  0.05978438 -0.06388422  0.04334032  0.03996504 -0.00657015
  -0.02251412 -0.06197951  0.04487721  0.22602506 -0.07096656 -0.06842936
  -0.03032372  0.06776062  0.03845868 -0.03721508  0.06043736 -0.05702043
   0.07297838 -0.11637174 -0.02959337 -0.09706777  0.07577333 -0.06480479
  -0.01691635  0.06021943  0.11679865  0.17819744  0.10907228 -0.11693762
   0.05541318 -0.03982993 -0.15910022 -0.09252048 -0.09062962  0.06961818
   0.19679579  0.14837249 -0.16488923 -0.00325666  0.14001545 -0.04248817
   0.14246173  0.02863617 -0.03335315 -0.14401323  0.03608532 -0.04647089
   0.05319407 -0.00386077  0.00550881  0.1327989  -0.04103593 -0.05613125
  -0.10009342 -0.08028671  0.15851523  0.1330237  -0.05548917  0.01545563
  -0.08611433 -0.12233265  0.11583658 -0.00948068 -0.12589045  0.12329745
  -0.09322915 -0.0646508   0.0835989   0.00902796  0.02615415 -0.09451655
  -0.04871876 -0.08037271  0.28164905 -0.00388575  0.06614143 -0.05152725
  -0.06449931 -0.06494726 -0.07506626  0.00210285  0.02008265 -0.02937389
  -0.05064754 -0.07839432 -0.06419849 -0.00513765  0.05061195 -0.17939082
  -0.08969     0.07243299 -0.10693806 -0.07174459 -0.02082969  0.02300501
   0.07107453 -0.13624856  0.18118957 -0.02548904 -0.065943   -0.10829239
  -0.12994595 -0.00869792  0.02519146  0.03466332 -0.04287408 -0.0097281
   0.04169627 -0.06272401]
 [ 0.04519049 -0.08420388 -0.10697194 -0.08969486 -0.0374184   0.03920739
  -0.01887316 -0.05447042  0.09485588  0.03651117 -0.06092063 -0.04147479
   0.07636399  0.0908158  -0.04659899 -0.00443221  0.03116403  0.06123979
   0.05236113  0.06791434  0.17190222  0.15489691 -0.05850754  0.1340124
   0.06025427 -0.06011992  0.14654869  0.01945617  0.09577277 -0.04328212
  -0.06710528  0.04905257  0.09520958 -0.043322    0.03547069  0.04959746
   0.1294545  -0.06745565  0.29188782 -0.0743721  -0.0755375  -0.03165085
  -0.00228167  0.07948271  0.14124548 -0.02555213  0.05755749 -0.04706687
  -0.02159094 -0.01183497 -0.09944372  0.09099004  0.24630782 -0.07244871
   0.12843022  0.21615674 -0.09954353 -0.09751549  0.07782754 -0.08386053
   0.07474176  0.1168372   0.1795788  -0.0591576  -0.06792989  0.10373875
  -0.03529711 -0.03888005 -0.01974369  0.25271598  0.02532077 -0.0565005
   0.0630051  -0.08812072  0.08029173 -0.04106085  0.09561403 -0.05531114
  -0.00840512 -0.06141445  0.11015695 -0.08025376 -0.08233809  0.12532191
   0.10639481 -0.09645898  0.05426673  0.10039596  0.02904173 -0.04775637
  -0.06487168  0.1451863   0.10010654 -0.06703396  0.04318102  0.07224773
   0.17488094 -0.05184002 -0.06497943  0.03241666 -0.07760412 -0.06273065
   0.00648494  0.00073066 -0.03675683  0.00113445  0.0291268  -0.01022294
  -0.04827361  0.0964576  -0.00153025 -0.00726953  0.11022869  0.06250562
  -0.01639304  0.02571909 -0.04091682  0.16334859 -0.02066419  0.01544727
  -0.04232144 -0.04800393  0.08214731 -0.07308038  0.06824409 -0.04315419
   0.13825892 -0.02337136]]
[[ 0.12586665 -0.0809563  -0.06221968 -0.0885658   0.05024445  0.04671905
  -0.06773015  0.01780088  0.06346342  0.05556001 -0.14305003  0.06296703
   0.01319226 -0.07385799 -0.00934718 -0.07446396  0.12538113  0.08971593
   0.04212379  0.05978438 -0.06388422  0.04334032  0.03996504 -0.00657015
  -0.02251412 -0.06197951  0.04487721  0.22602506 -0.07096656 -0.06842936
  -0.03032372  0.06776062  0.03845868 -0.03721508  0.06043736 -0.05702043
   0.07297838 -0.11637174 -0.02959337 -0.09706777  0.07577333 -0.06480479
  -0.01691635  0.06021943  0.11679865  0.17819744  0.10907228 -0.11693762
   0.05541318 -0.03982993 -0.15910022 -0.09252048 -0.09062962  0.06961818
   0.19679579  0.14837249 -0.16488923 -0.00325666  0.14001545 -0.04248817
   0.14246173  0.02863617 -0.03335315 -0.14401323  0.03608532 -0.04647089
   0.05319407 -0.00386077  0.00550881  0.1327989  -0.04103593 -0.05613125
  -0.10009342 -0.08028671  0.15851523  0.1330237  -0.05548917  0.01545563
  -0.08611433 -0.12233265  0.11583658 -0.00948068 -0.12589045  0.12329745
  -0.09322915 -0.0646508   0.0835989   0.00902796  0.02615415 -0.09451655
  -0.04871876 -0.08037271  0.28164905 -0.00388575  0.06614143 -0.05152725
  -0.06449931 -0.06494726 -0.07506626  0.00210285  0.02008265 -0.02937389
  -0.05064754 -0.07839432 -0.06419849 -0.00513765  0.05061195 -0.17939082
  -0.08969     0.07243299 -0.10693806 -0.07174459 -0.02082969  0.02300501
   0.07107453 -0.13624856  0.18118957 -0.02548904 -0.065943   -0.10829239
  -0.12994595 -0.00869792  0.02519146  0.03466332 -0.04287408 -0.0097281
   0.04169627 -0.06272401]
 [ 0.04519049 -0.08420388 -0.10697194 -0.08969486 -0.0374184   0.03920739
  -0.01887316 -0.05447042  0.09485588  0.03651117 -0.06092063 -0.04147479
   0.07636399  0.0908158  -0.04659899 -0.00443221  0.03116403  0.06123979
   0.05236113  0.06791434  0.17190222  0.15489691 -0.05850754  0.1340124
   0.06025427 -0.06011992  0.14654869  0.01945617  0.09577277 -0.04328212
  -0.06710528  0.04905257  0.09520958 -0.043322    0.03547069  0.04959746
   0.1294545  -0.06745565  0.29188782 -0.0743721  -0.0755375  -0.03165085
  -0.00228167  0.07948271  0.14124548 -0.02555213  0.05755749 -0.04706687
  -0.02159094 -0.01183497 -0.09944372  0.09099004  0.24630782 -0.07244871
   0.12843022  0.21615674 -0.09954353 -0.09751549  0.07782754 -0.08386053
   0.07474176  0.1168372   0.1795788  -0.0591576  -0.06792989  0.10373875
  -0.03529711 -0.03888005 -0.01974369  0.25271598  0.02532077 -0.0565005
   0.0630051  -0.08812072  0.08029173 -0.04106085  0.09561403 -0.05531114
  -0.00840512 -0.06141445  0.11015695 -0.08025376 -0.08233809  0.12532191
   0.10639481 -0.09645898  0.05426673  0.10039596  0.02904173 -0.04775637
  -0.06487168  0.1451863   0.10010654 -0.06703396  0.04318102  0.07224773
   0.17488094 -0.05184002 -0.06497943  0.03241666 -0.07760412 -0.06273065
   0.00648494  0.00073066 -0.03675683  0.00113445  0.0291268  -0.01022294
  -0.04827361  0.0964576  -0.00153025 -0.00726953  0.11022869  0.06250562
  -0.01639304  0.02571909 -0.04091682  0.16334859 -0.02066419  0.01544727
  -0.04232144 -0.04800393  0.08214731 -0.07308038  0.06824409 -0.04315419
   0.13825892 -0.02337136]]
