[[ 0.16744927 -0.12744093 -0.13804428 -0.12566185  0.00085436  0.02633314
  -0.03106945  0.0120658   0.10850835  0.07677663 -0.13614126  0.08002113
   0.01518807 -0.05589296 -0.02535859 -0.11690445  0.12839474  0.01457839
   0.00322937 -0.008293   -0.06187433  0.04535146  0.05804336 -0.02237661
  -0.08415304 -0.06983154  0.04999413  0.22880024 -0.05931892 -0.06812466
  -0.07867867  0.07923222  0.04542937 -0.02676784  0.03921948 -0.02224809
   0.04038433 -0.12769946 -0.0295295  -0.08868641  0.09773055 -0.04772153
  -0.03565972  0.06036518  0.12068532  0.15712056  0.16925353 -0.08496416
   0.01980167 -0.06432097 -0.15674685 -0.06044658 -0.06940614  0.0789105
   0.2058507   0.13686414 -0.16508026  0.01524888  0.15103333 -0.0208756
   0.13044915  0.05993067 -0.02046572 -0.13918436  0.0813407  -0.03894817
   0.00506451 -0.0429693   0.01251322  0.15565148 -0.02624653 -0.05197923
  -0.09091318 -0.08097099  0.11007217  0.18925291 -0.03323629 -0.01248994
  -0.06295381 -0.12456746  0.11499111 -0.00504416 -0.12126735  0.09428576
  -0.08174732 -0.02096696  0.0949109   0.07214155  0.04752066 -0.12536985
  -0.07404598 -0.06175518  0.19973984 -0.01604499  0.04137133 -0.01916836
  -0.01617579 -0.03787594 -0.09356828  0.02855382  0.00149813 -0.00154585
  -0.04631155 -0.05724283 -0.06701496  0.01315156  0.10555184 -0.18514088
  -0.10133861  0.11137833 -0.11524829 -0.06836335 -0.03231733  0.04252813
   0.02308404 -0.12903142  0.12050228  0.01252604 -0.01711985 -0.09719225
  -0.12148245 -0.04051425 -0.00778394 -0.03551457 -0.01001131 -0.01513457
   0.07333257 -0.03466091]
 [ 0.04486299 -0.08554585 -0.10033217 -0.09733502 -0.00468038  0.019055
  -0.01608405 -0.0477953   0.11660282  0.04899901 -0.06478784 -0.0317882
   0.07048189  0.04223593 -0.05135244 -0.02251229  0.05231804  0.07106169
   0.02326646  0.07552192  0.15232964  0.176227   -0.01316461  0.11428043
   0.05855085 -0.05551204  0.15909469  0.06533185  0.07081661 -0.04163102
  -0.06189426  0.0433382   0.04737936 -0.07111677  0.03208431  0.07759392
   0.1237089  -0.07332214  0.27794614 -0.08200004 -0.07588984 -0.00988653
  -0.020776    0.09228957  0.1287203  -0.01770018  0.0749983  -0.05111511
  -0.00574301 -0.01576875 -0.10029731  0.04532966  0.23059005 -0.06635994
   0.15633771  0.2122578  -0.10429213 -0.09567534  0.08479321 -0.08439893
   0.08727293  0.11835041  0.13083181 -0.0567892  -0.07370513  0.09798065
  -0.03857677 -0.05197771 -0.00384763  0.25356483  0.01984141 -0.05687544
   0.04232332 -0.07742037  0.10438107 -0.00032668  0.10053276 -0.05368904
  -0.00636229 -0.06683525  0.15718724 -0.08750819 -0.08390671  0.14161728
   0.11872401 -0.10139342  0.06902429  0.130881    0.04007734 -0.05805155
  -0.06421317  0.12663935  0.13616993 -0.07348919  0.07008626  0.04613106
   0.15370464 -0.04669921 -0.07271937  0.02867815 -0.0689465  -0.06897988
   0.01276328 -0.00375573 -0.01415053 -0.00782093  0.06345004 -0.00888246
  -0.0435561   0.09826139 -0.00411989 -0.01257478  0.10677039  0.0806064
  -0.00348828  0.01626026 -0.04692686  0.15651292 -0.02302134 -0.00622489
  -0.04001992 -0.04143884  0.1067348  -0.07309525  0.06277767 -0.05675375
   0.1252514  -0.03289808]]
[[ 0.16744927 -0.12744093 -0.13804428 -0.12566185  0.00085436  0.02633314
  -0.03106945  0.0120658   0.10850835  0.07677663 -0.13614126  0.08002113
   0.01518807 -0.05589296 -0.02535859 -0.11690445  0.12839474  0.01457839
   0.00322937 -0.008293   -0.06187433  0.04535146  0.05804336 -0.02237661
  -0.08415304 -0.06983154  0.04999413  0.22880024 -0.05931892 -0.06812466
  -0.07867867  0.07923222  0.04542937 -0.02676784  0.03921948 -0.02224809
   0.04038433 -0.12769946 -0.0295295  -0.08868641  0.09773055 -0.04772153
  -0.03565972  0.06036518  0.12068532  0.15712056  0.16925353 -0.08496416
   0.01980167 -0.06432097 -0.15674685 -0.06044658 -0.06940614  0.0789105
   0.2058507   0.13686414 -0.16508026  0.01524888  0.15103333 -0.0208756
   0.13044915  0.05993067 -0.02046572 -0.13918436  0.0813407  -0.03894817
   0.00506451 -0.0429693   0.01251322  0.15565148 -0.02624653 -0.05197923
  -0.09091318 -0.08097099  0.11007217  0.18925291 -0.03323629 -0.01248994
  -0.06295381 -0.12456746  0.11499111 -0.00504416 -0.12126735  0.09428576
  -0.08174732 -0.02096696  0.0949109   0.07214155  0.04752066 -0.12536985
  -0.07404598 -0.06175518  0.19973984 -0.01604499  0.04137133 -0.01916836
  -0.01617579 -0.03787594 -0.09356828  0.02855382  0.00149813 -0.00154585
  -0.04631155 -0.05724283 -0.06701496  0.01315156  0.10555184 -0.18514088
  -0.10133861  0.11137833 -0.11524829 -0.06836335 -0.03231733  0.04252813
   0.02308404 -0.12903142  0.12050228  0.01252604 -0.01711985 -0.09719225
  -0.12148245 -0.04051425 -0.00778394 -0.03551457 -0.01001131 -0.01513457
   0.07333257 -0.03466091]
 [ 0.04486299 -0.08554585 -0.10033217 -0.09733502 -0.00468038  0.019055
  -0.01608405 -0.0477953   0.11660282  0.04899901 -0.06478784 -0.0317882
   0.07048189  0.04223593 -0.05135244 -0.02251229  0.05231804  0.07106169
   0.02326646  0.07552192  0.15232964  0.176227   -0.01316461  0.11428043
   0.05855085 -0.05551204  0.15909469  0.06533185  0.07081661 -0.04163102
  -0.06189426  0.0433382   0.04737936 -0.07111677  0.03208431  0.07759392
   0.1237089  -0.07332214  0.27794614 -0.08200004 -0.07588984 -0.00988653
  -0.020776    0.09228957  0.1287203  -0.01770018  0.0749983  -0.05111511
  -0.00574301 -0.01576875 -0.10029731  0.04532966  0.23059005 -0.06635994
   0.15633771  0.2122578  -0.10429213 -0.09567534  0.08479321 -0.08439893
   0.08727293  0.11835041  0.13083181 -0.0567892  -0.07370513  0.09798065
  -0.03857677 -0.05197771 -0.00384763  0.25356483  0.01984141 -0.05687544
   0.04232332 -0.07742037  0.10438107 -0.00032668  0.10053276 -0.05368904
  -0.00636229 -0.06683525  0.15718724 -0.08750819 -0.08390671  0.14161728
   0.11872401 -0.10139342  0.06902429  0.130881    0.04007734 -0.05805155
  -0.06421317  0.12663935  0.13616993 -0.07348919  0.07008626  0.04613106
   0.15370464 -0.04669921 -0.07271937  0.02867815 -0.0689465  -0.06897988
   0.01276328 -0.00375573 -0.01415053 -0.00782093  0.06345004 -0.00888246
  -0.0435561   0.09826139 -0.00411989 -0.01257478  0.10677039  0.0806064
  -0.00348828  0.01626026 -0.04692686  0.15651292 -0.02302134 -0.00622489
  -0.04001992 -0.04143884  0.1067348  -0.07309525  0.06277767 -0.05675375
   0.1252514  -0.03289808]]
[[ 0.16744927 -0.12744093 -0.13804428 -0.12566185  0.00085436  0.02633314
  -0.03106945  0.0120658   0.10850835  0.07677663 -0.13614126  0.08002113
   0.01518807 -0.05589296 -0.02535859 -0.11690445  0.12839474  0.01457839
   0.00322937 -0.008293   -0.06187433  0.04535146  0.05804336 -0.02237661
  -0.08415304 -0.06983154  0.04999413  0.22880024 -0.05931892 -0.06812466
  -0.07867867  0.07923222  0.04542937 -0.02676784  0.03921948 -0.02224809
   0.04038433 -0.12769946 -0.0295295  -0.08868641  0.09773055 -0.04772153
  -0.03565972  0.06036518  0.12068532  0.15712056  0.16925353 -0.08496416
   0.01980167 -0.06432097 -0.15674685 -0.06044658 -0.06940614  0.0789105
   0.2058507   0.13686414 -0.16508026  0.01524888  0.15103333 -0.0208756
   0.13044915  0.05993067 -0.02046572 -0.13918436  0.0813407  -0.03894817
   0.00506451 -0.0429693   0.01251322  0.15565148 -0.02624653 -0.05197923
  -0.09091318 -0.08097099  0.11007217  0.18925291 -0.03323629 -0.01248994
  -0.06295381 -0.12456746  0.11499111 -0.00504416 -0.12126735  0.09428576
  -0.08174732 -0.02096696  0.0949109   0.07214155  0.04752066 -0.12536985
  -0.07404598 -0.06175518  0.19973984 -0.01604499  0.04137133 -0.01916836
  -0.01617579 -0.03787594 -0.09356828  0.02855382  0.00149813 -0.00154585
  -0.04631155 -0.05724283 -0.06701496  0.01315156  0.10555184 -0.18514088
  -0.10133861  0.11137833 -0.11524829 -0.06836335 -0.03231733  0.04252813
   0.02308404 -0.12903142  0.12050228  0.01252604 -0.01711985 -0.09719225
  -0.12148245 -0.04051425 -0.00778394 -0.03551457 -0.01001131 -0.01513457
   0.07333257 -0.03466091]
 [ 0.04486299 -0.08554585 -0.10033217 -0.09733502 -0.00468038  0.019055
  -0.01608405 -0.0477953   0.11660282  0.04899901 -0.06478784 -0.0317882
   0.07048189  0.04223593 -0.05135244 -0.02251229  0.05231804  0.07106169
   0.02326646  0.07552192  0.15232964  0.176227   -0.01316461  0.11428043
   0.05855085 -0.05551204  0.15909469  0.06533185  0.07081661 -0.04163102
  -0.06189426  0.0433382   0.04737936 -0.07111677  0.03208431  0.07759392
   0.1237089  -0.07332214  0.27794614 -0.08200004 -0.07588984 -0.00988653
  -0.020776    0.09228957  0.1287203  -0.01770018  0.0749983  -0.05111511
  -0.00574301 -0.01576875 -0.10029731  0.04532966  0.23059005 -0.06635994
   0.15633771  0.2122578  -0.10429213 -0.09567534  0.08479321 -0.08439893
   0.08727293  0.11835041  0.13083181 -0.0567892  -0.07370513  0.09798065
  -0.03857677 -0.05197771 -0.00384763  0.25356483  0.01984141 -0.05687544
   0.04232332 -0.07742037  0.10438107 -0.00032668  0.10053276 -0.05368904
  -0.00636229 -0.06683525  0.15718724 -0.08750819 -0.08390671  0.14161728
   0.11872401 -0.10139342  0.06902429  0.130881    0.04007734 -0.05805155
  -0.06421317  0.12663935  0.13616993 -0.07348919  0.07008626  0.04613106
   0.15370464 -0.04669921 -0.07271937  0.02867815 -0.0689465  -0.06897988
   0.01276328 -0.00375573 -0.01415053 -0.00782093  0.06345004 -0.00888246
  -0.0435561   0.09826139 -0.00411989 -0.01257478  0.10677039  0.0806064
  -0.00348828  0.01626026 -0.04692686  0.15651292 -0.02302134 -0.00622489
  -0.04001992 -0.04143884  0.1067348  -0.07309525  0.06277767 -0.05675375
   0.1252514  -0.03289808]]
