[[ 2.03203589e-01 -1.25654310e-01 -1.79345623e-01 -1.34561226e-01
  -2.58466545e-02  8.97855405e-03  1.60287730e-02  2.04443075e-02
   1.30876869e-01  1.37666836e-01 -1.29908383e-01  6.37169927e-02
   2.98573989e-02 -5.46471924e-02  3.71388793e-02 -1.04375616e-01
   1.54915705e-01 -6.93801185e-03  4.82354015e-02 -3.65816467e-02
  -5.16177379e-02 -1.32284770e-02  4.60371524e-02 -5.46632102e-03
  -7.67234042e-02 -7.07666725e-02  2.43164580e-02  2.26133600e-01
   1.13873426e-02 -7.13338628e-02 -8.72029588e-02  1.28921792e-01
   1.11528523e-01 -7.43927620e-03  6.50511608e-02 -2.19709873e-02
   8.13247114e-02 -1.19980201e-01 -9.15386807e-03 -5.66271767e-02
   1.70703419e-02  7.92211480e-03  2.73784511e-02  2.14471519e-02
   1.84185714e-01  1.74271956e-01  1.89870521e-01 -7.32394755e-02
  -3.01571246e-02 -2.35691406e-02 -1.38713747e-01 -3.84535603e-02
  -4.46487591e-02  1.43352523e-02  1.34626165e-01  9.50253159e-02
  -1.55566454e-01  1.94918178e-02  1.20786294e-01 -3.78443934e-02
   1.23539113e-01  7.13317469e-02 -9.63226613e-03 -1.42145932e-01
   7.58750215e-02 -1.00743929e-02 -3.42730321e-02 -2.78910976e-02
   1.04426080e-02  1.95824772e-01 -4.58859541e-02 -4.21246812e-02
  -4.29951698e-02 -6.48468956e-02  8.31089914e-02  2.31166333e-01
  -2.45443918e-02 -2.95899473e-02 -1.57949124e-02 -1.03541054e-01
   1.27615765e-01 -5.93348080e-03 -1.13064200e-01  1.15667485e-01
  -5.91813512e-02 -6.16940297e-02  6.30542487e-02  1.11898541e-01
   6.42262846e-02 -1.10672541e-01 -4.29794528e-02 -5.40985204e-02
   1.93491414e-01 -3.88190486e-02 -1.05011212e-02  2.39318609e-03
  -2.50692237e-02 -1.56233087e-02 -8.46451968e-02  2.42409389e-02
   1.89428069e-02  6.91560358e-02 -5.88609241e-02 -3.24256867e-02
  -7.03813657e-02  6.80331214e-05  6.42730594e-02 -1.53906599e-01
  -8.98202732e-02  1.15020193e-01 -9.05925781e-02 -7.21754059e-02
  -1.27181236e-03  1.35043794e-02  7.74865830e-03 -1.16647743e-01
   8.74094814e-02  9.91099998e-02  4.42795805e-04 -9.53525454e-02
  -1.14837587e-01 -5.15202768e-02 -1.04178032e-02 -5.66517524e-02
  -6.48084003e-03 -1.61302462e-02  1.02439418e-01  9.83838458e-03]
 [ 4.45412882e-02 -9.84402895e-02 -1.06312335e-01 -7.65749440e-02
  -4.95296670e-03  4.98612039e-02 -3.90938632e-02 -1.02595855e-02
   1.43636599e-01  5.58061264e-02 -5.55305257e-02 -4.75261882e-02
   6.18890561e-02  3.26742940e-02 -8.14656764e-02 -1.30748618e-02
   6.11515157e-02  4.52620499e-02  5.28148413e-02  2.54968479e-02
   1.79325938e-01  1.72347501e-01 -5.19075943e-03  1.07855327e-01
   4.24869284e-02 -4.13756855e-02  1.30441636e-01  7.83379227e-02
   6.39002621e-02 -5.08327037e-02 -6.96830675e-02  5.58594912e-02
   4.93006930e-02 -6.26994893e-02  2.15223469e-02  4.98876236e-02
   1.83199689e-01 -8.39530230e-02  2.16226205e-01 -8.60322565e-02
  -6.66117892e-02 -1.89118907e-02 -7.54452078e-03  9.81900245e-02
   1.35168925e-01  5.64593496e-03  1.08054794e-01 -5.28699681e-02
   1.77705046e-02 -2.02178936e-02 -1.12285294e-01  4.15769070e-02
   2.18403295e-01 -6.16879947e-02  1.56222820e-01  2.04748362e-01
  -1.19101167e-01 -8.42469484e-02  1.01067431e-01 -8.33663717e-02
   9.69774649e-02  7.49806836e-02  1.21481150e-01 -5.83007932e-02
  -7.95653015e-02  6.62065372e-02 -2.86658462e-02 -6.01778328e-02
   1.64480775e-03  2.36304611e-01  3.04008871e-02 -6.11535423e-02
   1.20511465e-02 -8.19475874e-02  1.54841855e-01  2.41994355e-02
   8.86448249e-02 -6.52089342e-02 -1.39106931e-02 -7.54898414e-02
   1.81378350e-01 -9.30226296e-02 -9.08996761e-02  1.28019705e-01
   6.92337230e-02 -1.12536445e-01  8.32332447e-02  1.49233967e-01
   3.15949433e-02 -7.44187608e-02 -7.19751865e-02  1.08186595e-01
   1.64673343e-01 -7.43609443e-02  5.18943928e-02  5.10601960e-02
   1.26086742e-01 -5.09231016e-02 -7.08447918e-02  3.72805931e-02
  -8.82641375e-02 -8.20935816e-02  1.09289084e-02 -3.61269452e-02
  -6.20998023e-03  1.77913271e-02  4.24630083e-02 -3.70812267e-02
  -5.92452697e-02  1.09727450e-01 -1.85309239e-02 -3.59226111e-03
   9.70323607e-02  1.08734518e-01  2.41271053e-02 -6.20839512e-03
  -3.20630074e-02  1.21835820e-01 -4.46785018e-02 -7.65083497e-03
  -3.82021666e-02 -7.13324025e-02  1.16872683e-01 -7.68006444e-02
   5.57584800e-02 -4.70386408e-02  1.20667517e-01 -3.01172175e-02]]
[[ 2.03203589e-01 -1.25654310e-01 -1.79345623e-01 -1.34561226e-01
  -2.58466545e-02  8.97855405e-03  1.60287730e-02  2.04443075e-02
   1.30876869e-01  1.37666836e-01 -1.29908383e-01  6.37169927e-02
   2.98573989e-02 -5.46471924e-02  3.71388793e-02 -1.04375616e-01
   1.54915705e-01 -6.93801185e-03  4.82354015e-02 -3.65816467e-02
  -5.16177379e-02 -1.32284770e-02  4.60371524e-02 -5.46632102e-03
  -7.67234042e-02 -7.07666725e-02  2.43164580e-02  2.26133600e-01
   1.13873426e-02 -7.13338628e-02 -8.72029588e-02  1.28921792e-01
   1.11528523e-01 -7.43927620e-03  6.50511608e-02 -2.19709873e-02
   8.13247114e-02 -1.19980201e-01 -9.15386807e-03 -5.66271767e-02
   1.70703419e-02  7.92211480e-03  2.73784511e-02  2.14471519e-02
   1.84185714e-01  1.74271956e-01  1.89870521e-01 -7.32394755e-02
  -3.01571246e-02 -2.35691406e-02 -1.38713747e-01 -3.84535603e-02
  -4.46487591e-02  1.43352523e-02  1.34626165e-01  9.50253159e-02
  -1.55566454e-01  1.94918178e-02  1.20786294e-01 -3.78443934e-02
   1.23539113e-01  7.13317469e-02 -9.63226613e-03 -1.42145932e-01
   7.58750215e-02 -1.00743929e-02 -3.42730321e-02 -2.78910976e-02
   1.04426080e-02  1.95824772e-01 -4.58859541e-02 -4.21246812e-02
  -4.29951698e-02 -6.48468956e-02  8.31089914e-02  2.31166333e-01
  -2.45443918e-02 -2.95899473e-02 -1.57949124e-02 -1.03541054e-01
   1.27615765e-01 -5.93348080e-03 -1.13064200e-01  1.15667485e-01
  -5.91813512e-02 -6.16940297e-02  6.30542487e-02  1.11898541e-01
   6.42262846e-02 -1.10672541e-01 -4.29794528e-02 -5.40985204e-02
   1.93491414e-01 -3.88190486e-02 -1.05011212e-02  2.39318609e-03
  -2.50692237e-02 -1.56233087e-02 -8.46451968e-02  2.42409389e-02
   1.89428069e-02  6.91560358e-02 -5.88609241e-02 -3.24256867e-02
  -7.03813657e-02  6.80331214e-05  6.42730594e-02 -1.53906599e-01
  -8.98202732e-02  1.15020193e-01 -9.05925781e-02 -7.21754059e-02
  -1.27181236e-03  1.35043794e-02  7.74865830e-03 -1.16647743e-01
   8.74094814e-02  9.91099998e-02  4.42795805e-04 -9.53525454e-02
  -1.14837587e-01 -5.15202768e-02 -1.04178032e-02 -5.66517524e-02
  -6.48084003e-03 -1.61302462e-02  1.02439418e-01  9.83838458e-03]
 [ 4.45412882e-02 -9.84402895e-02 -1.06312335e-01 -7.65749440e-02
  -4.95296670e-03  4.98612039e-02 -3.90938632e-02 -1.02595855e-02
   1.43636599e-01  5.58061264e-02 -5.55305257e-02 -4.75261882e-02
   6.18890561e-02  3.26742940e-02 -8.14656764e-02 -1.30748618e-02
   6.11515157e-02  4.52620499e-02  5.28148413e-02  2.54968479e-02
   1.79325938e-01  1.72347501e-01 -5.19075943e-03  1.07855327e-01
   4.24869284e-02 -4.13756855e-02  1.30441636e-01  7.83379227e-02
   6.39002621e-02 -5.08327037e-02 -6.96830675e-02  5.58594912e-02
   4.93006930e-02 -6.26994893e-02  2.15223469e-02  4.98876236e-02
   1.83199689e-01 -8.39530230e-02  2.16226205e-01 -8.60322565e-02
  -6.66117892e-02 -1.89118907e-02 -7.54452078e-03  9.81900245e-02
   1.35168925e-01  5.64593496e-03  1.08054794e-01 -5.28699681e-02
   1.77705046e-02 -2.02178936e-02 -1.12285294e-01  4.15769070e-02
   2.18403295e-01 -6.16879947e-02  1.56222820e-01  2.04748362e-01
  -1.19101167e-01 -8.42469484e-02  1.01067431e-01 -8.33663717e-02
   9.69774649e-02  7.49806836e-02  1.21481150e-01 -5.83007932e-02
  -7.95653015e-02  6.62065372e-02 -2.86658462e-02 -6.01778328e-02
   1.64480775e-03  2.36304611e-01  3.04008871e-02 -6.11535423e-02
   1.20511465e-02 -8.19475874e-02  1.54841855e-01  2.41994355e-02
   8.86448249e-02 -6.52089342e-02 -1.39106931e-02 -7.54898414e-02
   1.81378350e-01 -9.30226296e-02 -9.08996761e-02  1.28019705e-01
   6.92337230e-02 -1.12536445e-01  8.32332447e-02  1.49233967e-01
   3.15949433e-02 -7.44187608e-02 -7.19751865e-02  1.08186595e-01
   1.64673343e-01 -7.43609443e-02  5.18943928e-02  5.10601960e-02
   1.26086742e-01 -5.09231016e-02 -7.08447918e-02  3.72805931e-02
  -8.82641375e-02 -8.20935816e-02  1.09289084e-02 -3.61269452e-02
  -6.20998023e-03  1.77913271e-02  4.24630083e-02 -3.70812267e-02
  -5.92452697e-02  1.09727450e-01 -1.85309239e-02 -3.59226111e-03
   9.70323607e-02  1.08734518e-01  2.41271053e-02 -6.20839512e-03
  -3.20630074e-02  1.21835820e-01 -4.46785018e-02 -7.65083497e-03
  -3.82021666e-02 -7.13324025e-02  1.16872683e-01 -7.68006444e-02
   5.57584800e-02 -4.70386408e-02  1.20667517e-01 -3.01172175e-02]]
[[ 2.03203589e-01 -1.25654310e-01 -1.79345623e-01 -1.34561226e-01
  -2.58466545e-02  8.97855405e-03  1.60287730e-02  2.04443075e-02
   1.30876869e-01  1.37666836e-01 -1.29908383e-01  6.37169927e-02
   2.98573989e-02 -5.46471924e-02  3.71388793e-02 -1.04375616e-01
   1.54915705e-01 -6.93801185e-03  4.82354015e-02 -3.65816467e-02
  -5.16177379e-02 -1.32284770e-02  4.60371524e-02 -5.46632102e-03
  -7.67234042e-02 -7.07666725e-02  2.43164580e-02  2.26133600e-01
   1.13873426e-02 -7.13338628e-02 -8.72029588e-02  1.28921792e-01
   1.11528523e-01 -7.43927620e-03  6.50511608e-02 -2.19709873e-02
   8.13247114e-02 -1.19980201e-01 -9.15386807e-03 -5.66271767e-02
   1.70703419e-02  7.92211480e-03  2.73784511e-02  2.14471519e-02
   1.84185714e-01  1.74271956e-01  1.89870521e-01 -7.32394755e-02
  -3.01571246e-02 -2.35691406e-02 -1.38713747e-01 -3.84535603e-02
  -4.46487591e-02  1.43352523e-02  1.34626165e-01  9.50253159e-02
  -1.55566454e-01  1.94918178e-02  1.20786294e-01 -3.78443934e-02
   1.23539113e-01  7.13317469e-02 -9.63226613e-03 -1.42145932e-01
   7.58750215e-02 -1.00743929e-02 -3.42730321e-02 -2.78910976e-02
   1.04426080e-02  1.95824772e-01 -4.58859541e-02 -4.21246812e-02
  -4.29951698e-02 -6.48468956e-02  8.31089914e-02  2.31166333e-01
  -2.45443918e-02 -2.95899473e-02 -1.57949124e-02 -1.03541054e-01
   1.27615765e-01 -5.93348080e-03 -1.13064200e-01  1.15667485e-01
  -5.91813512e-02 -6.16940297e-02  6.30542487e-02  1.11898541e-01
   6.42262846e-02 -1.10672541e-01 -4.29794528e-02 -5.40985204e-02
   1.93491414e-01 -3.88190486e-02 -1.05011212e-02  2.39318609e-03
  -2.50692237e-02 -1.56233087e-02 -8.46451968e-02  2.42409389e-02
   1.89428069e-02  6.91560358e-02 -5.88609241e-02 -3.24256867e-02
  -7.03813657e-02  6.80331214e-05  6.42730594e-02 -1.53906599e-01
  -8.98202732e-02  1.15020193e-01 -9.05925781e-02 -7.21754059e-02
  -1.27181236e-03  1.35043794e-02  7.74865830e-03 -1.16647743e-01
   8.74094814e-02  9.91099998e-02  4.42795805e-04 -9.53525454e-02
  -1.14837587e-01 -5.15202768e-02 -1.04178032e-02 -5.66517524e-02
  -6.48084003e-03 -1.61302462e-02  1.02439418e-01  9.83838458e-03]
 [ 4.45412882e-02 -9.84402895e-02 -1.06312335e-01 -7.65749440e-02
  -4.95296670e-03  4.98612039e-02 -3.90938632e-02 -1.02595855e-02
   1.43636599e-01  5.58061264e-02 -5.55305257e-02 -4.75261882e-02
   6.18890561e-02  3.26742940e-02 -8.14656764e-02 -1.30748618e-02
   6.11515157e-02  4.52620499e-02  5.28148413e-02  2.54968479e-02
   1.79325938e-01  1.72347501e-01 -5.19075943e-03  1.07855327e-01
   4.24869284e-02 -4.13756855e-02  1.30441636e-01  7.83379227e-02
   6.39002621e-02 -5.08327037e-02 -6.96830675e-02  5.58594912e-02
   4.93006930e-02 -6.26994893e-02  2.15223469e-02  4.98876236e-02
   1.83199689e-01 -8.39530230e-02  2.16226205e-01 -8.60322565e-02
  -6.66117892e-02 -1.89118907e-02 -7.54452078e-03  9.81900245e-02
   1.35168925e-01  5.64593496e-03  1.08054794e-01 -5.28699681e-02
   1.77705046e-02 -2.02178936e-02 -1.12285294e-01  4.15769070e-02
   2.18403295e-01 -6.16879947e-02  1.56222820e-01  2.04748362e-01
  -1.19101167e-01 -8.42469484e-02  1.01067431e-01 -8.33663717e-02
   9.69774649e-02  7.49806836e-02  1.21481150e-01 -5.83007932e-02
  -7.95653015e-02  6.62065372e-02 -2.86658462e-02 -6.01778328e-02
   1.64480775e-03  2.36304611e-01  3.04008871e-02 -6.11535423e-02
   1.20511465e-02 -8.19475874e-02  1.54841855e-01  2.41994355e-02
   8.86448249e-02 -6.52089342e-02 -1.39106931e-02 -7.54898414e-02
   1.81378350e-01 -9.30226296e-02 -9.08996761e-02  1.28019705e-01
   6.92337230e-02 -1.12536445e-01  8.32332447e-02  1.49233967e-01
   3.15949433e-02 -7.44187608e-02 -7.19751865e-02  1.08186595e-01
   1.64673343e-01 -7.43609443e-02  5.18943928e-02  5.10601960e-02
   1.26086742e-01 -5.09231016e-02 -7.08447918e-02  3.72805931e-02
  -8.82641375e-02 -8.20935816e-02  1.09289084e-02 -3.61269452e-02
  -6.20998023e-03  1.77913271e-02  4.24630083e-02 -3.70812267e-02
  -5.92452697e-02  1.09727450e-01 -1.85309239e-02 -3.59226111e-03
   9.70323607e-02  1.08734518e-01  2.41271053e-02 -6.20839512e-03
  -3.20630074e-02  1.21835820e-01 -4.46785018e-02 -7.65083497e-03
  -3.82021666e-02 -7.13324025e-02  1.16872683e-01 -7.68006444e-02
   5.57584800e-02 -4.70386408e-02  1.20667517e-01 -3.01172175e-02]]
