[[ 1.75158486e-01 -1.27506718e-01 -1.63575143e-01 -1.32323176e-01
  -2.46333778e-02  7.64746172e-03  9.25968494e-03  2.74150483e-02
   1.21904530e-01  1.27870336e-01 -1.31240234e-01  7.81767890e-02
   2.62464229e-02 -5.75576425e-02  5.68434410e-03 -9.82929468e-02
   1.35918602e-01 -1.20455856e-02  1.75198149e-02 -2.91235335e-02
  -5.87232485e-02  1.02296658e-02  5.72520047e-02 -6.71674218e-03
  -8.60488787e-02 -6.18516356e-02  2.77697500e-02  2.28821680e-01
  -2.88647730e-02 -6.85838610e-02 -8.98427442e-02  9.44646969e-02
   7.45698512e-02 -1.32810334e-02  4.66772765e-02 -1.44635737e-02
   5.31098358e-02 -1.26925603e-01 -3.03901322e-02 -5.41488193e-02
   8.44493434e-02 -3.57325710e-02  6.34065224e-03  5.15128337e-02
   1.85274497e-01  1.80102348e-01  1.72833994e-01 -7.56769925e-02
  -6.41408318e-04 -4.33392227e-02 -1.53564438e-01 -3.43865901e-02
  -6.89715743e-02  5.90593815e-02  1.58773214e-01  1.26851365e-01
  -1.62022740e-01  2.68415324e-02  1.46496773e-01 -1.98408533e-02
   1.27434522e-01  7.42530450e-02 -3.01542208e-02 -1.37643456e-01
   8.76595825e-02 -3.08506284e-02 -1.14179049e-02 -3.28440964e-02
   1.08770570e-02  1.52336478e-01 -4.16270941e-02 -4.05214056e-02
  -6.62853718e-02 -8.30404237e-02  1.00369863e-01  2.32228979e-01
  -4.34139557e-02 -2.64252070e-02 -4.61342856e-02 -9.61603522e-02
   1.02022648e-01 -8.24103539e-04 -1.15835376e-01  1.06059901e-01
  -7.15543106e-02 -3.05713061e-02  6.36925548e-02  8.16290155e-02
   4.20717746e-02 -1.15936324e-01 -5.47758155e-02 -6.03652671e-02
   1.97326496e-01 -8.98010284e-03  1.04342704e-04  1.20130647e-03
  -2.38148402e-02 -4.43287343e-02 -8.63766596e-02  4.50233929e-02
   1.07688056e-02  3.38682607e-02 -5.82321845e-02 -3.95537354e-02
  -6.69513419e-02  1.96554326e-02  8.98089632e-02 -1.74707130e-01
  -9.99859944e-02  1.24028511e-01 -1.08315803e-01 -7.05592185e-02
  -2.72960197e-02  2.26600580e-02  2.26352015e-03 -1.20353296e-01
   1.02487303e-01  4.84031066e-02  4.01337864e-03 -9.36143547e-02
  -1.17069103e-01 -5.60664982e-02 -4.49547358e-03 -6.08380549e-02
  -1.65172815e-02 -2.02881694e-02  1.16263747e-01 -7.18139810e-03]
 [ 4.70016077e-02 -9.24763530e-02 -1.09621301e-01 -8.15802366e-02
  -2.64244108e-03  3.74680348e-02 -4.07992527e-02 -3.73258591e-02
   1.31245807e-01  3.77120860e-02 -5.46783209e-02 -4.66631204e-02
   6.96843266e-02  2.62472965e-02 -7.18816817e-02 -3.31703648e-02
   5.23713715e-02  6.85486868e-02  3.01316977e-02  3.95013466e-02
   1.48943678e-01  1.84554383e-01 -8.56716838e-03  1.14842072e-01
   4.40173820e-02 -3.81853767e-02  1.63053319e-01  8.31976905e-02
   7.25904629e-02 -4.68143485e-02 -6.70643896e-02  5.43927960e-02
   4.56299037e-02 -7.53618851e-02  3.37238163e-02  7.47387931e-02
   1.46446198e-01 -7.74620995e-02  2.36807600e-01 -8.49355310e-02
  -6.87077194e-02 -9.72159300e-03 -2.06484590e-02  9.24680680e-02
   1.48065567e-01 -1.48201035e-02  7.87351429e-02 -4.70144637e-02
   2.97306734e-03 -1.22952247e-02 -1.07473083e-01  3.74879241e-02
   2.27713004e-01 -5.79903163e-02  1.56177863e-01  2.29705155e-01
  -1.18398011e-01 -9.57721621e-02  1.02059484e-01 -8.26322213e-02
   9.53059047e-02  1.18731022e-01  1.41162023e-01 -5.67236133e-02
  -7.66746700e-02  8.83065462e-02 -2.90223584e-02 -5.73327839e-02
   1.17129954e-02  2.33938903e-01  2.65994873e-02 -5.94942607e-02
   7.46497279e-03 -8.06581751e-02  1.33066475e-01  1.50802024e-02
   7.75839239e-02 -6.10483997e-02 -1.68807022e-02 -6.57291785e-02
   1.63696215e-01 -8.92335176e-02 -8.70267078e-02  1.37238115e-01
   1.03255011e-01 -1.00578293e-01  6.59707710e-02  1.34252995e-01
   3.41772884e-02 -6.20621257e-02 -6.55472130e-02  1.00547701e-01
   1.34453088e-01 -7.52473921e-02  6.34957850e-02  4.95907590e-02
   1.42949939e-01 -4.68064435e-02 -7.70417526e-02  3.94489020e-02
  -8.29957053e-02 -7.65545443e-02  2.67060883e-02 -2.60074623e-02
  -5.77105791e-04  7.69832684e-03  7.49481171e-02 -3.43324654e-02
  -5.15784658e-02  9.02841687e-02 -1.53343668e-02 -4.50154766e-03
   8.59314948e-02  9.56348553e-02 -5.95538178e-03  5.01376903e-03
  -4.28979360e-02  1.33820742e-01 -3.51019725e-02  9.22569633e-03
  -4.18004543e-02 -5.49862646e-02  1.02124527e-01 -7.75348097e-02
   6.64157793e-02 -5.85405044e-02  1.34906083e-01 -2.43310202e-02]]
[[ 1.75158486e-01 -1.27506718e-01 -1.63575143e-01 -1.32323176e-01
  -2.46333778e-02  7.64746172e-03  9.25968494e-03  2.74150483e-02
   1.21904530e-01  1.27870336e-01 -1.31240234e-01  7.81767890e-02
   2.62464229e-02 -5.75576425e-02  5.68434410e-03 -9.82929468e-02
   1.35918602e-01 -1.20455856e-02  1.75198149e-02 -2.91235335e-02
  -5.87232485e-02  1.02296658e-02  5.72520047e-02 -6.71674218e-03
  -8.60488787e-02 -6.18516356e-02  2.77697500e-02  2.28821680e-01
  -2.88647730e-02 -6.85838610e-02 -8.98427442e-02  9.44646969e-02
   7.45698512e-02 -1.32810334e-02  4.66772765e-02 -1.44635737e-02
   5.31098358e-02 -1.26925603e-01 -3.03901322e-02 -5.41488193e-02
   8.44493434e-02 -3.57325710e-02  6.34065224e-03  5.15128337e-02
   1.85274497e-01  1.80102348e-01  1.72833994e-01 -7.56769925e-02
  -6.41408318e-04 -4.33392227e-02 -1.53564438e-01 -3.43865901e-02
  -6.89715743e-02  5.90593815e-02  1.58773214e-01  1.26851365e-01
  -1.62022740e-01  2.68415324e-02  1.46496773e-01 -1.98408533e-02
   1.27434522e-01  7.42530450e-02 -3.01542208e-02 -1.37643456e-01
   8.76595825e-02 -3.08506284e-02 -1.14179049e-02 -3.28440964e-02
   1.08770570e-02  1.52336478e-01 -4.16270941e-02 -4.05214056e-02
  -6.62853718e-02 -8.30404237e-02  1.00369863e-01  2.32228979e-01
  -4.34139557e-02 -2.64252070e-02 -4.61342856e-02 -9.61603522e-02
   1.02022648e-01 -8.24103539e-04 -1.15835376e-01  1.06059901e-01
  -7.15543106e-02 -3.05713061e-02  6.36925548e-02  8.16290155e-02
   4.20717746e-02 -1.15936324e-01 -5.47758155e-02 -6.03652671e-02
   1.97326496e-01 -8.98010284e-03  1.04342704e-04  1.20130647e-03
  -2.38148402e-02 -4.43287343e-02 -8.63766596e-02  4.50233929e-02
   1.07688056e-02  3.38682607e-02 -5.82321845e-02 -3.95537354e-02
  -6.69513419e-02  1.96554326e-02  8.98089632e-02 -1.74707130e-01
  -9.99859944e-02  1.24028511e-01 -1.08315803e-01 -7.05592185e-02
  -2.72960197e-02  2.26600580e-02  2.26352015e-03 -1.20353296e-01
   1.02487303e-01  4.84031066e-02  4.01337864e-03 -9.36143547e-02
  -1.17069103e-01 -5.60664982e-02 -4.49547358e-03 -6.08380549e-02
  -1.65172815e-02 -2.02881694e-02  1.16263747e-01 -7.18139810e-03]
 [ 4.70016077e-02 -9.24763530e-02 -1.09621301e-01 -8.15802366e-02
  -2.64244108e-03  3.74680348e-02 -4.07992527e-02 -3.73258591e-02
   1.31245807e-01  3.77120860e-02 -5.46783209e-02 -4.66631204e-02
   6.96843266e-02  2.62472965e-02 -7.18816817e-02 -3.31703648e-02
   5.23713715e-02  6.85486868e-02  3.01316977e-02  3.95013466e-02
   1.48943678e-01  1.84554383e-01 -8.56716838e-03  1.14842072e-01
   4.40173820e-02 -3.81853767e-02  1.63053319e-01  8.31976905e-02
   7.25904629e-02 -4.68143485e-02 -6.70643896e-02  5.43927960e-02
   4.56299037e-02 -7.53618851e-02  3.37238163e-02  7.47387931e-02
   1.46446198e-01 -7.74620995e-02  2.36807600e-01 -8.49355310e-02
  -6.87077194e-02 -9.72159300e-03 -2.06484590e-02  9.24680680e-02
   1.48065567e-01 -1.48201035e-02  7.87351429e-02 -4.70144637e-02
   2.97306734e-03 -1.22952247e-02 -1.07473083e-01  3.74879241e-02
   2.27713004e-01 -5.79903163e-02  1.56177863e-01  2.29705155e-01
  -1.18398011e-01 -9.57721621e-02  1.02059484e-01 -8.26322213e-02
   9.53059047e-02  1.18731022e-01  1.41162023e-01 -5.67236133e-02
  -7.66746700e-02  8.83065462e-02 -2.90223584e-02 -5.73327839e-02
   1.17129954e-02  2.33938903e-01  2.65994873e-02 -5.94942607e-02
   7.46497279e-03 -8.06581751e-02  1.33066475e-01  1.50802024e-02
   7.75839239e-02 -6.10483997e-02 -1.68807022e-02 -6.57291785e-02
   1.63696215e-01 -8.92335176e-02 -8.70267078e-02  1.37238115e-01
   1.03255011e-01 -1.00578293e-01  6.59707710e-02  1.34252995e-01
   3.41772884e-02 -6.20621257e-02 -6.55472130e-02  1.00547701e-01
   1.34453088e-01 -7.52473921e-02  6.34957850e-02  4.95907590e-02
   1.42949939e-01 -4.68064435e-02 -7.70417526e-02  3.94489020e-02
  -8.29957053e-02 -7.65545443e-02  2.67060883e-02 -2.60074623e-02
  -5.77105791e-04  7.69832684e-03  7.49481171e-02 -3.43324654e-02
  -5.15784658e-02  9.02841687e-02 -1.53343668e-02 -4.50154766e-03
   8.59314948e-02  9.56348553e-02 -5.95538178e-03  5.01376903e-03
  -4.28979360e-02  1.33820742e-01 -3.51019725e-02  9.22569633e-03
  -4.18004543e-02 -5.49862646e-02  1.02124527e-01 -7.75348097e-02
   6.64157793e-02 -5.85405044e-02  1.34906083e-01 -2.43310202e-02]]
[[ 1.75158486e-01 -1.27506718e-01 -1.63575143e-01 -1.32323176e-01
  -2.46333778e-02  7.64746172e-03  9.25968494e-03  2.74150483e-02
   1.21904530e-01  1.27870336e-01 -1.31240234e-01  7.81767890e-02
   2.62464229e-02 -5.75576425e-02  5.68434410e-03 -9.82929468e-02
   1.35918602e-01 -1.20455856e-02  1.75198149e-02 -2.91235335e-02
  -5.87232485e-02  1.02296658e-02  5.72520047e-02 -6.71674218e-03
  -8.60488787e-02 -6.18516356e-02  2.77697500e-02  2.28821680e-01
  -2.88647730e-02 -6.85838610e-02 -8.98427442e-02  9.44646969e-02
   7.45698512e-02 -1.32810334e-02  4.66772765e-02 -1.44635737e-02
   5.31098358e-02 -1.26925603e-01 -3.03901322e-02 -5.41488193e-02
   8.44493434e-02 -3.57325710e-02  6.34065224e-03  5.15128337e-02
   1.85274497e-01  1.80102348e-01  1.72833994e-01 -7.56769925e-02
  -6.41408318e-04 -4.33392227e-02 -1.53564438e-01 -3.43865901e-02
  -6.89715743e-02  5.90593815e-02  1.58773214e-01  1.26851365e-01
  -1.62022740e-01  2.68415324e-02  1.46496773e-01 -1.98408533e-02
   1.27434522e-01  7.42530450e-02 -3.01542208e-02 -1.37643456e-01
   8.76595825e-02 -3.08506284e-02 -1.14179049e-02 -3.28440964e-02
   1.08770570e-02  1.52336478e-01 -4.16270941e-02 -4.05214056e-02
  -6.62853718e-02 -8.30404237e-02  1.00369863e-01  2.32228979e-01
  -4.34139557e-02 -2.64252070e-02 -4.61342856e-02 -9.61603522e-02
   1.02022648e-01 -8.24103539e-04 -1.15835376e-01  1.06059901e-01
  -7.15543106e-02 -3.05713061e-02  6.36925548e-02  8.16290155e-02
   4.20717746e-02 -1.15936324e-01 -5.47758155e-02 -6.03652671e-02
   1.97326496e-01 -8.98010284e-03  1.04342704e-04  1.20130647e-03
  -2.38148402e-02 -4.43287343e-02 -8.63766596e-02  4.50233929e-02
   1.07688056e-02  3.38682607e-02 -5.82321845e-02 -3.95537354e-02
  -6.69513419e-02  1.96554326e-02  8.98089632e-02 -1.74707130e-01
  -9.99859944e-02  1.24028511e-01 -1.08315803e-01 -7.05592185e-02
  -2.72960197e-02  2.26600580e-02  2.26352015e-03 -1.20353296e-01
   1.02487303e-01  4.84031066e-02  4.01337864e-03 -9.36143547e-02
  -1.17069103e-01 -5.60664982e-02 -4.49547358e-03 -6.08380549e-02
  -1.65172815e-02 -2.02881694e-02  1.16263747e-01 -7.18139810e-03]
 [ 4.70016077e-02 -9.24763530e-02 -1.09621301e-01 -8.15802366e-02
  -2.64244108e-03  3.74680348e-02 -4.07992527e-02 -3.73258591e-02
   1.31245807e-01  3.77120860e-02 -5.46783209e-02 -4.66631204e-02
   6.96843266e-02  2.62472965e-02 -7.18816817e-02 -3.31703648e-02
   5.23713715e-02  6.85486868e-02  3.01316977e-02  3.95013466e-02
   1.48943678e-01  1.84554383e-01 -8.56716838e-03  1.14842072e-01
   4.40173820e-02 -3.81853767e-02  1.63053319e-01  8.31976905e-02
   7.25904629e-02 -4.68143485e-02 -6.70643896e-02  5.43927960e-02
   4.56299037e-02 -7.53618851e-02  3.37238163e-02  7.47387931e-02
   1.46446198e-01 -7.74620995e-02  2.36807600e-01 -8.49355310e-02
  -6.87077194e-02 -9.72159300e-03 -2.06484590e-02  9.24680680e-02
   1.48065567e-01 -1.48201035e-02  7.87351429e-02 -4.70144637e-02
   2.97306734e-03 -1.22952247e-02 -1.07473083e-01  3.74879241e-02
   2.27713004e-01 -5.79903163e-02  1.56177863e-01  2.29705155e-01
  -1.18398011e-01 -9.57721621e-02  1.02059484e-01 -8.26322213e-02
   9.53059047e-02  1.18731022e-01  1.41162023e-01 -5.67236133e-02
  -7.66746700e-02  8.83065462e-02 -2.90223584e-02 -5.73327839e-02
   1.17129954e-02  2.33938903e-01  2.65994873e-02 -5.94942607e-02
   7.46497279e-03 -8.06581751e-02  1.33066475e-01  1.50802024e-02
   7.75839239e-02 -6.10483997e-02 -1.68807022e-02 -6.57291785e-02
   1.63696215e-01 -8.92335176e-02 -8.70267078e-02  1.37238115e-01
   1.03255011e-01 -1.00578293e-01  6.59707710e-02  1.34252995e-01
   3.41772884e-02 -6.20621257e-02 -6.55472130e-02  1.00547701e-01
   1.34453088e-01 -7.52473921e-02  6.34957850e-02  4.95907590e-02
   1.42949939e-01 -4.68064435e-02 -7.70417526e-02  3.94489020e-02
  -8.29957053e-02 -7.65545443e-02  2.67060883e-02 -2.60074623e-02
  -5.77105791e-04  7.69832684e-03  7.49481171e-02 -3.43324654e-02
  -5.15784658e-02  9.02841687e-02 -1.53343668e-02 -4.50154766e-03
   8.59314948e-02  9.56348553e-02 -5.95538178e-03  5.01376903e-03
  -4.28979360e-02  1.33820742e-01 -3.51019725e-02  9.22569633e-03
  -4.18004543e-02 -5.49862646e-02  1.02124527e-01 -7.75348097e-02
   6.64157793e-02 -5.85405044e-02  1.34906083e-01 -2.43310202e-02]]
