[[ 2.25417048e-01 -1.29522875e-01 -1.87677503e-01 -1.33453056e-01
  -3.17449123e-02  5.93976071e-03  5.93592413e-03  3.24703641e-02
   1.10503003e-01  1.36062577e-01 -1.35358021e-01  7.04865754e-02
   8.05914309e-03 -5.57771325e-02  3.85137536e-02 -9.72845405e-02
   1.44203767e-01 -3.78792807e-02  5.98289557e-02 -3.55077721e-02
  -5.25289141e-02 -1.62504241e-02  3.51743735e-02 -1.36202062e-02
  -8.15026090e-02 -7.11355433e-02  3.20641734e-02  2.22347692e-01
   3.71270962e-02 -7.76055977e-02 -9.69711468e-02  1.40442625e-01
   1.09761246e-01 -1.43663846e-02  5.81700318e-02  1.21892989e-03
   7.20463246e-02 -1.19906560e-01 -6.49699522e-03 -7.10651278e-02
   2.50074281e-05  1.15888780e-02  4.22243699e-02  1.14969937e-02
   1.82607993e-01  1.51600897e-01  1.96490869e-01 -8.52163658e-02
  -3.50647494e-02 -2.48391908e-02 -1.43749699e-01 -3.99972387e-02
  -4.54128645e-02  4.88465559e-03  1.11180954e-01  9.91359875e-02
  -1.59085885e-01  1.78516004e-02  1.12470150e-01 -3.99758145e-02
   1.31560117e-01  7.03876764e-02 -6.17773272e-03 -1.47534952e-01
   7.46637359e-02 -2.80080792e-02 -4.24567945e-02 -2.09858064e-02
   1.00989211e-02  1.91203266e-01 -4.98364195e-02 -5.38984612e-02
  -5.09060584e-02 -4.35331240e-02  7.24371672e-02  2.25265831e-01
  -3.10721844e-02 -3.66090648e-02 -1.73335019e-02 -1.17279433e-01
   1.33595720e-01  1.19211767e-02 -1.13927431e-01  1.18946023e-01
  -6.76041171e-02 -6.07833453e-02  4.70742323e-02  1.41919687e-01
   5.25006764e-02 -1.08031303e-01 -3.97337750e-02 -4.45432737e-02
   1.60788327e-01 -4.45952825e-02 -1.95175537e-03 -1.87049750e-02
  -3.68426144e-02 -2.14104448e-02 -8.64489824e-02  1.25263268e-02
   4.16118838e-03  8.13741609e-02 -6.55974299e-02 -3.88427526e-02
  -7.50196278e-02 -2.08290803e-04  4.50707786e-02 -1.66743606e-01
  -7.96915889e-02  1.00850321e-01 -9.05812234e-02 -7.17522874e-02
  -1.99477896e-02  8.53624474e-03  2.34538279e-02 -1.16633140e-01
   7.09395483e-02  8.99428129e-02 -6.99269958e-03 -9.37632993e-02
  -1.19410627e-01 -5.11735715e-02 -2.01074518e-02 -5.82219325e-02
  -4.51182132e-04 -2.52834596e-02  8.64171088e-02  1.52124430e-03]
 [ 4.75783162e-02 -9.51044187e-02 -1.17009655e-01 -7.96722695e-02
  -1.53116137e-02  3.67167778e-02 -2.96480991e-02 -1.15263453e-02
   1.33785695e-01  7.63201416e-02 -5.55524491e-02 -4.31099348e-02
   6.05793595e-02  5.35436459e-02 -7.69473687e-02 -2.49404414e-03
   4.73140813e-02  3.86012569e-02  5.61886281e-02  3.25326659e-02
   2.09758803e-01  1.71469212e-01 -8.32373463e-03  1.12359472e-01
   3.91938388e-02 -4.14404012e-02  1.19511001e-01  6.08313866e-02
   7.14976937e-02 -5.15558347e-02 -7.20794350e-02  4.93213497e-02
   5.02740294e-02 -4.86797988e-02  1.91875342e-02  3.51530574e-02
   1.77841932e-01 -8.23184699e-02  2.29067788e-01 -7.91083351e-02
  -6.49709627e-02 -9.93867684e-03 -6.17355388e-03  1.02287769e-01
   1.27314284e-01  7.25002727e-03  1.04149275e-01 -4.91365716e-02
   1.12394588e-02 -2.10461728e-02 -1.11054517e-01  4.50654998e-02
   2.26809412e-01 -6.58723116e-02  1.57630593e-01  1.97526157e-01
  -1.10192060e-01 -6.93994164e-02  1.06172249e-01 -8.17582235e-02
   9.49646533e-02  6.49337992e-02  1.29179507e-01 -5.48733957e-02
  -7.71890804e-02  6.45995736e-02 -2.56507136e-02 -5.81225157e-02
  -7.99013954e-03  2.42853478e-01  2.98881792e-02 -6.67176396e-02
   1.52540626e-02 -8.09030905e-02  1.35882109e-01  2.53963675e-02
   8.78118053e-02 -6.61731884e-02 -2.02641692e-02 -8.09781328e-02
   1.92785323e-01 -9.04018655e-02 -9.06104892e-02  1.23269819e-01
   7.18382746e-02 -1.05282292e-01  7.62130469e-02  1.51160926e-01
   4.94114682e-02 -7.49845654e-02 -6.91455379e-02  1.21533811e-01
   1.51679263e-01 -7.27467835e-02  4.49871011e-02  5.30726239e-02
   1.13892011e-01 -4.86056209e-02 -6.26622066e-02  5.77693917e-02
  -8.87986496e-02 -7.55699575e-02  1.61362048e-02 -2.93610804e-02
  -1.87184419e-02  2.74499040e-02  2.95292400e-02 -3.52252796e-02
  -6.20271638e-02  1.05393350e-01 -2.06593517e-02  1.20665254e-02
   1.18971452e-01  8.06204602e-02  3.37259695e-02 -3.26143065e-03
  -3.79146785e-02  1.38489902e-01 -3.55399288e-02  1.08449743e-03
  -4.18391787e-02 -6.83061481e-02  1.23409919e-01 -7.49971345e-02
   5.16374409e-02 -4.90453839e-02  1.13403499e-01 -3.15988511e-02]]
[[ 2.25417048e-01 -1.29522875e-01 -1.87677503e-01 -1.33453056e-01
  -3.17449123e-02  5.93976071e-03  5.93592413e-03  3.24703641e-02
   1.10503003e-01  1.36062577e-01 -1.35358021e-01  7.04865754e-02
   8.05914309e-03 -5.57771325e-02  3.85137536e-02 -9.72845405e-02
   1.44203767e-01 -3.78792807e-02  5.98289557e-02 -3.55077721e-02
  -5.25289141e-02 -1.62504241e-02  3.51743735e-02 -1.36202062e-02
  -8.15026090e-02 -7.11355433e-02  3.20641734e-02  2.22347692e-01
   3.71270962e-02 -7.76055977e-02 -9.69711468e-02  1.40442625e-01
   1.09761246e-01 -1.43663846e-02  5.81700318e-02  1.21892989e-03
   7.20463246e-02 -1.19906560e-01 -6.49699522e-03 -7.10651278e-02
   2.50074281e-05  1.15888780e-02  4.22243699e-02  1.14969937e-02
   1.82607993e-01  1.51600897e-01  1.96490869e-01 -8.52163658e-02
  -3.50647494e-02 -2.48391908e-02 -1.43749699e-01 -3.99972387e-02
  -4.54128645e-02  4.88465559e-03  1.11180954e-01  9.91359875e-02
  -1.59085885e-01  1.78516004e-02  1.12470150e-01 -3.99758145e-02
   1.31560117e-01  7.03876764e-02 -6.17773272e-03 -1.47534952e-01
   7.46637359e-02 -2.80080792e-02 -4.24567945e-02 -2.09858064e-02
   1.00989211e-02  1.91203266e-01 -4.98364195e-02 -5.38984612e-02
  -5.09060584e-02 -4.35331240e-02  7.24371672e-02  2.25265831e-01
  -3.10721844e-02 -3.66090648e-02 -1.73335019e-02 -1.17279433e-01
   1.33595720e-01  1.19211767e-02 -1.13927431e-01  1.18946023e-01
  -6.76041171e-02 -6.07833453e-02  4.70742323e-02  1.41919687e-01
   5.25006764e-02 -1.08031303e-01 -3.97337750e-02 -4.45432737e-02
   1.60788327e-01 -4.45952825e-02 -1.95175537e-03 -1.87049750e-02
  -3.68426144e-02 -2.14104448e-02 -8.64489824e-02  1.25263268e-02
   4.16118838e-03  8.13741609e-02 -6.55974299e-02 -3.88427526e-02
  -7.50196278e-02 -2.08290803e-04  4.50707786e-02 -1.66743606e-01
  -7.96915889e-02  1.00850321e-01 -9.05812234e-02 -7.17522874e-02
  -1.99477896e-02  8.53624474e-03  2.34538279e-02 -1.16633140e-01
   7.09395483e-02  8.99428129e-02 -6.99269958e-03 -9.37632993e-02
  -1.19410627e-01 -5.11735715e-02 -2.01074518e-02 -5.82219325e-02
  -4.51182132e-04 -2.52834596e-02  8.64171088e-02  1.52124430e-03]
 [ 4.75783162e-02 -9.51044187e-02 -1.17009655e-01 -7.96722695e-02
  -1.53116137e-02  3.67167778e-02 -2.96480991e-02 -1.15263453e-02
   1.33785695e-01  7.63201416e-02 -5.55524491e-02 -4.31099348e-02
   6.05793595e-02  5.35436459e-02 -7.69473687e-02 -2.49404414e-03
   4.73140813e-02  3.86012569e-02  5.61886281e-02  3.25326659e-02
   2.09758803e-01  1.71469212e-01 -8.32373463e-03  1.12359472e-01
   3.91938388e-02 -4.14404012e-02  1.19511001e-01  6.08313866e-02
   7.14976937e-02 -5.15558347e-02 -7.20794350e-02  4.93213497e-02
   5.02740294e-02 -4.86797988e-02  1.91875342e-02  3.51530574e-02
   1.77841932e-01 -8.23184699e-02  2.29067788e-01 -7.91083351e-02
  -6.49709627e-02 -9.93867684e-03 -6.17355388e-03  1.02287769e-01
   1.27314284e-01  7.25002727e-03  1.04149275e-01 -4.91365716e-02
   1.12394588e-02 -2.10461728e-02 -1.11054517e-01  4.50654998e-02
   2.26809412e-01 -6.58723116e-02  1.57630593e-01  1.97526157e-01
  -1.10192060e-01 -6.93994164e-02  1.06172249e-01 -8.17582235e-02
   9.49646533e-02  6.49337992e-02  1.29179507e-01 -5.48733957e-02
  -7.71890804e-02  6.45995736e-02 -2.56507136e-02 -5.81225157e-02
  -7.99013954e-03  2.42853478e-01  2.98881792e-02 -6.67176396e-02
   1.52540626e-02 -8.09030905e-02  1.35882109e-01  2.53963675e-02
   8.78118053e-02 -6.61731884e-02 -2.02641692e-02 -8.09781328e-02
   1.92785323e-01 -9.04018655e-02 -9.06104892e-02  1.23269819e-01
   7.18382746e-02 -1.05282292e-01  7.62130469e-02  1.51160926e-01
   4.94114682e-02 -7.49845654e-02 -6.91455379e-02  1.21533811e-01
   1.51679263e-01 -7.27467835e-02  4.49871011e-02  5.30726239e-02
   1.13892011e-01 -4.86056209e-02 -6.26622066e-02  5.77693917e-02
  -8.87986496e-02 -7.55699575e-02  1.61362048e-02 -2.93610804e-02
  -1.87184419e-02  2.74499040e-02  2.95292400e-02 -3.52252796e-02
  -6.20271638e-02  1.05393350e-01 -2.06593517e-02  1.20665254e-02
   1.18971452e-01  8.06204602e-02  3.37259695e-02 -3.26143065e-03
  -3.79146785e-02  1.38489902e-01 -3.55399288e-02  1.08449743e-03
  -4.18391787e-02 -6.83061481e-02  1.23409919e-01 -7.49971345e-02
   5.16374409e-02 -4.90453839e-02  1.13403499e-01 -3.15988511e-02]]
[[ 2.25417048e-01 -1.29522875e-01 -1.87677503e-01 -1.33453056e-01
  -3.17449123e-02  5.93976071e-03  5.93592413e-03  3.24703641e-02
   1.10503003e-01  1.36062577e-01 -1.35358021e-01  7.04865754e-02
   8.05914309e-03 -5.57771325e-02  3.85137536e-02 -9.72845405e-02
   1.44203767e-01 -3.78792807e-02  5.98289557e-02 -3.55077721e-02
  -5.25289141e-02 -1.62504241e-02  3.51743735e-02 -1.36202062e-02
  -8.15026090e-02 -7.11355433e-02  3.20641734e-02  2.22347692e-01
   3.71270962e-02 -7.76055977e-02 -9.69711468e-02  1.40442625e-01
   1.09761246e-01 -1.43663846e-02  5.81700318e-02  1.21892989e-03
   7.20463246e-02 -1.19906560e-01 -6.49699522e-03 -7.10651278e-02
   2.50074281e-05  1.15888780e-02  4.22243699e-02  1.14969937e-02
   1.82607993e-01  1.51600897e-01  1.96490869e-01 -8.52163658e-02
  -3.50647494e-02 -2.48391908e-02 -1.43749699e-01 -3.99972387e-02
  -4.54128645e-02  4.88465559e-03  1.11180954e-01  9.91359875e-02
  -1.59085885e-01  1.78516004e-02  1.12470150e-01 -3.99758145e-02
   1.31560117e-01  7.03876764e-02 -6.17773272e-03 -1.47534952e-01
   7.46637359e-02 -2.80080792e-02 -4.24567945e-02 -2.09858064e-02
   1.00989211e-02  1.91203266e-01 -4.98364195e-02 -5.38984612e-02
  -5.09060584e-02 -4.35331240e-02  7.24371672e-02  2.25265831e-01
  -3.10721844e-02 -3.66090648e-02 -1.73335019e-02 -1.17279433e-01
   1.33595720e-01  1.19211767e-02 -1.13927431e-01  1.18946023e-01
  -6.76041171e-02 -6.07833453e-02  4.70742323e-02  1.41919687e-01
   5.25006764e-02 -1.08031303e-01 -3.97337750e-02 -4.45432737e-02
   1.60788327e-01 -4.45952825e-02 -1.95175537e-03 -1.87049750e-02
  -3.68426144e-02 -2.14104448e-02 -8.64489824e-02  1.25263268e-02
   4.16118838e-03  8.13741609e-02 -6.55974299e-02 -3.88427526e-02
  -7.50196278e-02 -2.08290803e-04  4.50707786e-02 -1.66743606e-01
  -7.96915889e-02  1.00850321e-01 -9.05812234e-02 -7.17522874e-02
  -1.99477896e-02  8.53624474e-03  2.34538279e-02 -1.16633140e-01
   7.09395483e-02  8.99428129e-02 -6.99269958e-03 -9.37632993e-02
  -1.19410627e-01 -5.11735715e-02 -2.01074518e-02 -5.82219325e-02
  -4.51182132e-04 -2.52834596e-02  8.64171088e-02  1.52124430e-03]
 [ 4.75783162e-02 -9.51044187e-02 -1.17009655e-01 -7.96722695e-02
  -1.53116137e-02  3.67167778e-02 -2.96480991e-02 -1.15263453e-02
   1.33785695e-01  7.63201416e-02 -5.55524491e-02 -4.31099348e-02
   6.05793595e-02  5.35436459e-02 -7.69473687e-02 -2.49404414e-03
   4.73140813e-02  3.86012569e-02  5.61886281e-02  3.25326659e-02
   2.09758803e-01  1.71469212e-01 -8.32373463e-03  1.12359472e-01
   3.91938388e-02 -4.14404012e-02  1.19511001e-01  6.08313866e-02
   7.14976937e-02 -5.15558347e-02 -7.20794350e-02  4.93213497e-02
   5.02740294e-02 -4.86797988e-02  1.91875342e-02  3.51530574e-02
   1.77841932e-01 -8.23184699e-02  2.29067788e-01 -7.91083351e-02
  -6.49709627e-02 -9.93867684e-03 -6.17355388e-03  1.02287769e-01
   1.27314284e-01  7.25002727e-03  1.04149275e-01 -4.91365716e-02
   1.12394588e-02 -2.10461728e-02 -1.11054517e-01  4.50654998e-02
   2.26809412e-01 -6.58723116e-02  1.57630593e-01  1.97526157e-01
  -1.10192060e-01 -6.93994164e-02  1.06172249e-01 -8.17582235e-02
   9.49646533e-02  6.49337992e-02  1.29179507e-01 -5.48733957e-02
  -7.71890804e-02  6.45995736e-02 -2.56507136e-02 -5.81225157e-02
  -7.99013954e-03  2.42853478e-01  2.98881792e-02 -6.67176396e-02
   1.52540626e-02 -8.09030905e-02  1.35882109e-01  2.53963675e-02
   8.78118053e-02 -6.61731884e-02 -2.02641692e-02 -8.09781328e-02
   1.92785323e-01 -9.04018655e-02 -9.06104892e-02  1.23269819e-01
   7.18382746e-02 -1.05282292e-01  7.62130469e-02  1.51160926e-01
   4.94114682e-02 -7.49845654e-02 -6.91455379e-02  1.21533811e-01
   1.51679263e-01 -7.27467835e-02  4.49871011e-02  5.30726239e-02
   1.13892011e-01 -4.86056209e-02 -6.26622066e-02  5.77693917e-02
  -8.87986496e-02 -7.55699575e-02  1.61362048e-02 -2.93610804e-02
  -1.87184419e-02  2.74499040e-02  2.95292400e-02 -3.52252796e-02
  -6.20271638e-02  1.05393350e-01 -2.06593517e-02  1.20665254e-02
   1.18971452e-01  8.06204602e-02  3.37259695e-02 -3.26143065e-03
  -3.79146785e-02  1.38489902e-01 -3.55399288e-02  1.08449743e-03
  -4.18391787e-02 -6.83061481e-02  1.23409919e-01 -7.49971345e-02
   5.16374409e-02 -4.90453839e-02  1.13403499e-01 -3.15988511e-02]]
