[[ 1.77041054e-01 -1.17589168e-01 -1.37025446e-01 -1.04854509e-01
  -5.70128020e-03  3.27451900e-02 -2.16908827e-02  3.31729166e-02
   1.18905105e-01  8.32189023e-02 -1.36421248e-01  9.48939249e-02
   2.05254229e-03 -6.24897406e-02 -3.61145325e-02 -9.79345068e-02
   1.23672165e-01  1.26222253e-03  8.80102254e-03  9.31723416e-03
  -7.01587647e-02  1.86217166e-02  4.00853641e-02 -2.61668339e-02
  -8.45652223e-02 -6.18312582e-02  1.53658064e-02  2.48463944e-01
  -5.24223223e-02 -6.80128857e-02 -7.88278878e-02  8.03655982e-02
   3.51470639e-03 -4.76896670e-03  5.37830442e-02 -1.65483132e-02
   4.95022573e-02 -1.26426458e-01 -4.52626497e-02 -9.11054164e-02
   9.83102992e-02 -5.44234365e-02 -2.95943618e-02  8.81492645e-02
   1.17785476e-01  1.55754194e-01  1.53773472e-01 -8.96874070e-02
   3.77790332e-02 -6.98618069e-02 -1.55211747e-01 -6.05612174e-02
  -8.09464082e-02  6.50030524e-02  1.80115044e-01  1.15344852e-01
  -1.64748341e-01  1.20388670e-02  1.56447068e-01 -2.09898744e-02
   1.38392121e-01  3.05944867e-02 -3.89556065e-02 -1.37809858e-01
   8.14302936e-02 -3.57738249e-02  9.40859783e-03 -3.81070226e-02
  -1.76206511e-03  1.06958129e-01 -2.86929049e-02 -5.60506098e-02
  -8.83636028e-02 -7.95896351e-02  1.28226295e-01  1.98012665e-01
  -5.02179898e-02 -1.71369314e-02 -6.17576018e-02 -1.22800477e-01
   1.03815764e-01  1.18982624e-02 -1.21384270e-01  8.84430408e-02
  -9.34297964e-02 -1.48874223e-02  8.36751312e-02  6.26498982e-02
   4.04910557e-02 -1.25289232e-01 -5.45176230e-02 -6.22488856e-02
   2.28702679e-01  1.30160032e-02  4.36270349e-02 -4.12329100e-02
  -3.50163877e-02 -6.11068681e-02 -8.13632905e-02  4.36374284e-02
   2.90647652e-02  2.22837143e-02 -5.52282184e-02 -5.13061360e-02
  -7.20145106e-02  2.48844158e-02  1.00603402e-01 -1.92900643e-01
  -1.04213268e-01  8.92383605e-02 -1.13632947e-01 -7.40413293e-02
  -5.30305952e-02  4.71028015e-02  1.61351822e-02 -1.29755571e-01
   1.29583746e-01  4.21965821e-03 -1.75859146e-02 -9.63817015e-02
  -1.20357446e-01 -4.66210395e-02 -1.96718816e-02 -3.01870462e-02
  -3.67866755e-02 -2.01302003e-02  7.43542388e-02 -4.23538499e-02]
 [ 7.36312866e-02 -8.90584290e-02 -1.07222125e-01 -9.29496735e-02
  -4.27171821e-03  1.18394317e-02 -2.51615550e-02 -4.54723500e-02
   1.37057453e-01  5.28507680e-02 -6.46334589e-02 -3.45219299e-02
   4.75217961e-02  3.16410102e-02 -4.76939604e-02 -2.82673538e-02
   7.11100176e-02  6.37634620e-02  2.25285999e-02  5.92341088e-02
   1.32478118e-01  1.81593284e-01 -7.09572295e-03  1.04359686e-01
   5.50401807e-02 -5.06467335e-02  1.53184295e-01  8.53722692e-02
   8.55668411e-02 -4.10219692e-02 -6.38573617e-02  4.74552400e-02
   4.38077487e-02 -6.74310476e-02  3.23705375e-02  8.41429085e-02
   1.31266758e-01 -7.50667304e-02  2.51472533e-01 -8.26131627e-02
  -7.40400627e-02  5.11599611e-03 -2.00711172e-02  8.16838890e-02
   1.36982977e-01 -4.06262744e-03  9.04403105e-02 -5.10278977e-02
  -2.39325658e-04 -1.09445183e-02 -1.05017513e-01  3.15156356e-02
   2.33334199e-01 -6.37656376e-02  1.63736612e-01  2.19356716e-01
  -1.19479790e-01 -9.63150933e-02  1.00721017e-01 -8.46567079e-02
   8.37884694e-02  1.22544609e-01  1.26566902e-01 -6.39572516e-02
  -7.48460144e-02  9.81053561e-02 -4.27568741e-02 -5.65295592e-02
   4.27835621e-03  2.42224410e-01  1.92756839e-02 -5.27163930e-02
   4.08901311e-02 -7.90292174e-02  1.08293287e-01  1.48268035e-02
   1.00405864e-01 -5.38047925e-02  8.33964627e-03 -5.81745282e-02
   1.66610464e-01 -8.78565460e-02 -8.55031684e-02  1.35404840e-01
   1.11725785e-01 -9.47230607e-02  7.76509941e-02  1.43855453e-01
   7.01521933e-02 -5.99113256e-02 -6.61600754e-02  1.10079929e-01
   1.39078572e-01 -7.28485659e-02  6.36212528e-02  4.43371683e-02
   1.40106142e-01 -4.44126166e-02 -7.81570822e-02  2.62242891e-02
  -7.02210516e-02 -6.83020279e-02  9.91567317e-03 -1.36582907e-02
  -3.77231161e-03 -1.59339346e-02  6.72197044e-02 -1.40536446e-02
  -3.64307165e-02  1.05114423e-01 -8.49989057e-03 -1.81550663e-02
   1.03387810e-01  9.30000097e-02 -8.99276324e-03  3.23885842e-03
  -4.24494632e-02  1.55338943e-01 -3.17689516e-02 -1.20735327e-02
  -4.38307524e-02 -3.23322080e-02  9.27703679e-02 -7.40847141e-02
   6.49879277e-02 -5.96681908e-02  1.18503124e-01 -3.18844430e-02]]
[[ 1.77041054e-01 -1.17589168e-01 -1.37025446e-01 -1.04854509e-01
  -5.70128020e-03  3.27451900e-02 -2.16908827e-02  3.31729166e-02
   1.18905105e-01  8.32189023e-02 -1.36421248e-01  9.48939249e-02
   2.05254229e-03 -6.24897406e-02 -3.61145325e-02 -9.79345068e-02
   1.23672165e-01  1.26222253e-03  8.80102254e-03  9.31723416e-03
  -7.01587647e-02  1.86217166e-02  4.00853641e-02 -2.61668339e-02
  -8.45652223e-02 -6.18312582e-02  1.53658064e-02  2.48463944e-01
  -5.24223223e-02 -6.80128857e-02 -7.88278878e-02  8.03655982e-02
   3.51470639e-03 -4.76896670e-03  5.37830442e-02 -1.65483132e-02
   4.95022573e-02 -1.26426458e-01 -4.52626497e-02 -9.11054164e-02
   9.83102992e-02 -5.44234365e-02 -2.95943618e-02  8.81492645e-02
   1.17785476e-01  1.55754194e-01  1.53773472e-01 -8.96874070e-02
   3.77790332e-02 -6.98618069e-02 -1.55211747e-01 -6.05612174e-02
  -8.09464082e-02  6.50030524e-02  1.80115044e-01  1.15344852e-01
  -1.64748341e-01  1.20388670e-02  1.56447068e-01 -2.09898744e-02
   1.38392121e-01  3.05944867e-02 -3.89556065e-02 -1.37809858e-01
   8.14302936e-02 -3.57738249e-02  9.40859783e-03 -3.81070226e-02
  -1.76206511e-03  1.06958129e-01 -2.86929049e-02 -5.60506098e-02
  -8.83636028e-02 -7.95896351e-02  1.28226295e-01  1.98012665e-01
  -5.02179898e-02 -1.71369314e-02 -6.17576018e-02 -1.22800477e-01
   1.03815764e-01  1.18982624e-02 -1.21384270e-01  8.84430408e-02
  -9.34297964e-02 -1.48874223e-02  8.36751312e-02  6.26498982e-02
   4.04910557e-02 -1.25289232e-01 -5.45176230e-02 -6.22488856e-02
   2.28702679e-01  1.30160032e-02  4.36270349e-02 -4.12329100e-02
  -3.50163877e-02 -6.11068681e-02 -8.13632905e-02  4.36374284e-02
   2.90647652e-02  2.22837143e-02 -5.52282184e-02 -5.13061360e-02
  -7.20145106e-02  2.48844158e-02  1.00603402e-01 -1.92900643e-01
  -1.04213268e-01  8.92383605e-02 -1.13632947e-01 -7.40413293e-02
  -5.30305952e-02  4.71028015e-02  1.61351822e-02 -1.29755571e-01
   1.29583746e-01  4.21965821e-03 -1.75859146e-02 -9.63817015e-02
  -1.20357446e-01 -4.66210395e-02 -1.96718816e-02 -3.01870462e-02
  -3.67866755e-02 -2.01302003e-02  7.43542388e-02 -4.23538499e-02]
 [ 7.36312866e-02 -8.90584290e-02 -1.07222125e-01 -9.29496735e-02
  -4.27171821e-03  1.18394317e-02 -2.51615550e-02 -4.54723500e-02
   1.37057453e-01  5.28507680e-02 -6.46334589e-02 -3.45219299e-02
   4.75217961e-02  3.16410102e-02 -4.76939604e-02 -2.82673538e-02
   7.11100176e-02  6.37634620e-02  2.25285999e-02  5.92341088e-02
   1.32478118e-01  1.81593284e-01 -7.09572295e-03  1.04359686e-01
   5.50401807e-02 -5.06467335e-02  1.53184295e-01  8.53722692e-02
   8.55668411e-02 -4.10219692e-02 -6.38573617e-02  4.74552400e-02
   4.38077487e-02 -6.74310476e-02  3.23705375e-02  8.41429085e-02
   1.31266758e-01 -7.50667304e-02  2.51472533e-01 -8.26131627e-02
  -7.40400627e-02  5.11599611e-03 -2.00711172e-02  8.16838890e-02
   1.36982977e-01 -4.06262744e-03  9.04403105e-02 -5.10278977e-02
  -2.39325658e-04 -1.09445183e-02 -1.05017513e-01  3.15156356e-02
   2.33334199e-01 -6.37656376e-02  1.63736612e-01  2.19356716e-01
  -1.19479790e-01 -9.63150933e-02  1.00721017e-01 -8.46567079e-02
   8.37884694e-02  1.22544609e-01  1.26566902e-01 -6.39572516e-02
  -7.48460144e-02  9.81053561e-02 -4.27568741e-02 -5.65295592e-02
   4.27835621e-03  2.42224410e-01  1.92756839e-02 -5.27163930e-02
   4.08901311e-02 -7.90292174e-02  1.08293287e-01  1.48268035e-02
   1.00405864e-01 -5.38047925e-02  8.33964627e-03 -5.81745282e-02
   1.66610464e-01 -8.78565460e-02 -8.55031684e-02  1.35404840e-01
   1.11725785e-01 -9.47230607e-02  7.76509941e-02  1.43855453e-01
   7.01521933e-02 -5.99113256e-02 -6.61600754e-02  1.10079929e-01
   1.39078572e-01 -7.28485659e-02  6.36212528e-02  4.43371683e-02
   1.40106142e-01 -4.44126166e-02 -7.81570822e-02  2.62242891e-02
  -7.02210516e-02 -6.83020279e-02  9.91567317e-03 -1.36582907e-02
  -3.77231161e-03 -1.59339346e-02  6.72197044e-02 -1.40536446e-02
  -3.64307165e-02  1.05114423e-01 -8.49989057e-03 -1.81550663e-02
   1.03387810e-01  9.30000097e-02 -8.99276324e-03  3.23885842e-03
  -4.24494632e-02  1.55338943e-01 -3.17689516e-02 -1.20735327e-02
  -4.38307524e-02 -3.23322080e-02  9.27703679e-02 -7.40847141e-02
   6.49879277e-02 -5.96681908e-02  1.18503124e-01 -3.18844430e-02]]
[[ 1.77041054e-01 -1.17589168e-01 -1.37025446e-01 -1.04854509e-01
  -5.70128020e-03  3.27451900e-02 -2.16908827e-02  3.31729166e-02
   1.18905105e-01  8.32189023e-02 -1.36421248e-01  9.48939249e-02
   2.05254229e-03 -6.24897406e-02 -3.61145325e-02 -9.79345068e-02
   1.23672165e-01  1.26222253e-03  8.80102254e-03  9.31723416e-03
  -7.01587647e-02  1.86217166e-02  4.00853641e-02 -2.61668339e-02
  -8.45652223e-02 -6.18312582e-02  1.53658064e-02  2.48463944e-01
  -5.24223223e-02 -6.80128857e-02 -7.88278878e-02  8.03655982e-02
   3.51470639e-03 -4.76896670e-03  5.37830442e-02 -1.65483132e-02
   4.95022573e-02 -1.26426458e-01 -4.52626497e-02 -9.11054164e-02
   9.83102992e-02 -5.44234365e-02 -2.95943618e-02  8.81492645e-02
   1.17785476e-01  1.55754194e-01  1.53773472e-01 -8.96874070e-02
   3.77790332e-02 -6.98618069e-02 -1.55211747e-01 -6.05612174e-02
  -8.09464082e-02  6.50030524e-02  1.80115044e-01  1.15344852e-01
  -1.64748341e-01  1.20388670e-02  1.56447068e-01 -2.09898744e-02
   1.38392121e-01  3.05944867e-02 -3.89556065e-02 -1.37809858e-01
   8.14302936e-02 -3.57738249e-02  9.40859783e-03 -3.81070226e-02
  -1.76206511e-03  1.06958129e-01 -2.86929049e-02 -5.60506098e-02
  -8.83636028e-02 -7.95896351e-02  1.28226295e-01  1.98012665e-01
  -5.02179898e-02 -1.71369314e-02 -6.17576018e-02 -1.22800477e-01
   1.03815764e-01  1.18982624e-02 -1.21384270e-01  8.84430408e-02
  -9.34297964e-02 -1.48874223e-02  8.36751312e-02  6.26498982e-02
   4.04910557e-02 -1.25289232e-01 -5.45176230e-02 -6.22488856e-02
   2.28702679e-01  1.30160032e-02  4.36270349e-02 -4.12329100e-02
  -3.50163877e-02 -6.11068681e-02 -8.13632905e-02  4.36374284e-02
   2.90647652e-02  2.22837143e-02 -5.52282184e-02 -5.13061360e-02
  -7.20145106e-02  2.48844158e-02  1.00603402e-01 -1.92900643e-01
  -1.04213268e-01  8.92383605e-02 -1.13632947e-01 -7.40413293e-02
  -5.30305952e-02  4.71028015e-02  1.61351822e-02 -1.29755571e-01
   1.29583746e-01  4.21965821e-03 -1.75859146e-02 -9.63817015e-02
  -1.20357446e-01 -4.66210395e-02 -1.96718816e-02 -3.01870462e-02
  -3.67866755e-02 -2.01302003e-02  7.43542388e-02 -4.23538499e-02]
 [ 7.36312866e-02 -8.90584290e-02 -1.07222125e-01 -9.29496735e-02
  -4.27171821e-03  1.18394317e-02 -2.51615550e-02 -4.54723500e-02
   1.37057453e-01  5.28507680e-02 -6.46334589e-02 -3.45219299e-02
   4.75217961e-02  3.16410102e-02 -4.76939604e-02 -2.82673538e-02
   7.11100176e-02  6.37634620e-02  2.25285999e-02  5.92341088e-02
   1.32478118e-01  1.81593284e-01 -7.09572295e-03  1.04359686e-01
   5.50401807e-02 -5.06467335e-02  1.53184295e-01  8.53722692e-02
   8.55668411e-02 -4.10219692e-02 -6.38573617e-02  4.74552400e-02
   4.38077487e-02 -6.74310476e-02  3.23705375e-02  8.41429085e-02
   1.31266758e-01 -7.50667304e-02  2.51472533e-01 -8.26131627e-02
  -7.40400627e-02  5.11599611e-03 -2.00711172e-02  8.16838890e-02
   1.36982977e-01 -4.06262744e-03  9.04403105e-02 -5.10278977e-02
  -2.39325658e-04 -1.09445183e-02 -1.05017513e-01  3.15156356e-02
   2.33334199e-01 -6.37656376e-02  1.63736612e-01  2.19356716e-01
  -1.19479790e-01 -9.63150933e-02  1.00721017e-01 -8.46567079e-02
   8.37884694e-02  1.22544609e-01  1.26566902e-01 -6.39572516e-02
  -7.48460144e-02  9.81053561e-02 -4.27568741e-02 -5.65295592e-02
   4.27835621e-03  2.42224410e-01  1.92756839e-02 -5.27163930e-02
   4.08901311e-02 -7.90292174e-02  1.08293287e-01  1.48268035e-02
   1.00405864e-01 -5.38047925e-02  8.33964627e-03 -5.81745282e-02
   1.66610464e-01 -8.78565460e-02 -8.55031684e-02  1.35404840e-01
   1.11725785e-01 -9.47230607e-02  7.76509941e-02  1.43855453e-01
   7.01521933e-02 -5.99113256e-02 -6.61600754e-02  1.10079929e-01
   1.39078572e-01 -7.28485659e-02  6.36212528e-02  4.43371683e-02
   1.40106142e-01 -4.44126166e-02 -7.81570822e-02  2.62242891e-02
  -7.02210516e-02 -6.83020279e-02  9.91567317e-03 -1.36582907e-02
  -3.77231161e-03 -1.59339346e-02  6.72197044e-02 -1.40536446e-02
  -3.64307165e-02  1.05114423e-01 -8.49989057e-03 -1.81550663e-02
   1.03387810e-01  9.30000097e-02 -8.99276324e-03  3.23885842e-03
  -4.24494632e-02  1.55338943e-01 -3.17689516e-02 -1.20735327e-02
  -4.38307524e-02 -3.23322080e-02  9.27703679e-02 -7.40847141e-02
   6.49879277e-02 -5.96681908e-02  1.18503124e-01 -3.18844430e-02]]
