[[ 1.80948079e-01 -1.19748354e-01 -1.42889857e-01 -1.16634548e-01
  -7.71739986e-03  1.39853759e-02 -5.53967664e-03  2.82044187e-02
   1.22702837e-01  9.77478921e-02 -1.33647814e-01  8.86323452e-02
   2.39439812e-02 -6.46154359e-02 -1.63834095e-02 -1.06191091e-01
   1.24900728e-01 -4.97415708e-03  1.09780859e-02 -3.48755275e-03
  -6.08838387e-02  2.58099418e-02  4.72823381e-02 -5.73665416e-03
  -8.88029188e-02 -5.87967783e-02  1.43166967e-02  2.44644240e-01
  -4.33948673e-02 -6.61066473e-02 -8.13150927e-02  9.09724757e-02
   2.38617435e-02 -1.12346383e-02  6.01952299e-02 -1.05311256e-02
   5.40381484e-02 -1.26596808e-01 -3.43297385e-02 -7.78140128e-02
   7.60609955e-02 -4.58456725e-02 -2.22815797e-02  8.24326128e-02
   1.49214089e-01  1.74968868e-01  1.63579628e-01 -7.40534291e-02
   2.92927288e-02 -5.98410629e-02 -1.51880741e-01 -4.98407967e-02
  -7.62044415e-02  6.98441789e-02  1.73996136e-01  1.22863837e-01
  -1.60755664e-01  1.25831310e-02  1.51212469e-01 -2.35744044e-02
   1.33211225e-01  5.84385768e-02 -3.24791260e-02 -1.37172744e-01
   8.96286294e-02 -3.94662656e-02  2.58975849e-03 -3.42083611e-02
   1.83942411e-02  1.33035615e-01 -3.27927060e-02 -5.57395183e-02
  -7.31005818e-02 -8.35174769e-02  1.17073573e-01  2.09782258e-01
  -4.36975993e-02 -2.34005507e-02 -4.98146936e-02 -1.11119851e-01
   1.00968786e-01 -2.99186126e-04 -1.19410351e-01  9.62871015e-02
  -7.65892118e-02 -1.95051506e-02  7.83902705e-02  7.91077092e-02
   4.74265665e-02 -1.26592070e-01 -6.16547950e-02 -5.69351502e-02
   2.24252522e-01 -7.89820403e-03  3.38443741e-02 -2.11313888e-02
  -2.12203842e-02 -5.30644283e-02 -8.33477974e-02  4.12176028e-02
   3.04588117e-02  3.10900845e-02 -5.10460325e-02 -3.84340324e-02
  -7.85690472e-02  2.11953446e-02  9.68185142e-02 -1.84400558e-01
  -1.06012695e-01  1.01631694e-01 -1.10830449e-01 -7.03189000e-02
  -3.18616368e-02  4.27401327e-02  9.89505835e-03 -1.24515511e-01
   1.16192795e-01  1.67201106e-02 -1.48477275e-02 -9.67003033e-02
  -1.19450428e-01 -4.99904193e-02 -4.16265754e-03 -4.74022143e-02
  -2.61683147e-02 -2.29973700e-02  9.34521183e-02 -3.79966386e-02]
 [ 3.89527492e-02 -8.97425860e-02 -1.06179781e-01 -8.64393935e-02
  -6.39075926e-03  2.13695597e-02 -3.27767357e-02 -3.92499343e-02
   1.30109966e-01  3.68348099e-02 -5.89939281e-02 -4.63515706e-02
   6.11338802e-02  3.84713076e-02 -6.38123974e-02 -2.50022653e-02
   5.79325929e-02  6.24445006e-02  6.60959026e-03  4.60668840e-02
   1.50070325e-01  1.86851189e-01 -1.45060634e-02  1.13410383e-01
   6.37966469e-02 -4.65460271e-02  1.49668589e-01  7.66799971e-02
   6.61159232e-02 -3.81669700e-02 -6.64246008e-02  4.15410511e-02
   5.74008487e-02 -6.96085542e-02  3.19173001e-02  7.03479424e-02
   1.40892193e-01 -7.42382035e-02  2.45022148e-01 -8.32056254e-02
  -7.19325617e-02 -6.40495494e-03 -1.77128576e-02  1.00717485e-01
   1.36657223e-01 -1.44570675e-02  6.61961287e-02 -5.07701822e-02
  -5.36631886e-03 -4.69801773e-04 -1.05028093e-01  4.34368029e-02
   2.45821625e-01 -6.57629743e-02  1.61565036e-01  2.30700046e-01
  -1.17867842e-01 -9.80550349e-02  9.93384942e-02 -8.48534256e-02
   8.53976756e-02  1.23025239e-01  1.42813951e-01 -5.82810938e-02
  -7.72509649e-02  9.19485688e-02 -3.88346910e-02 -5.78132942e-02
   1.59859541e-03  2.31089592e-01  2.45670453e-02 -5.56520857e-02
   2.16059629e-02 -8.31220523e-02  1.26444981e-01  1.68362018e-02
   9.12675261e-02 -5.81456460e-02 -1.08343782e-02 -6.27743304e-02
   1.63670614e-01 -8.66738558e-02 -8.72220546e-02  1.40513718e-01
   1.05827756e-01 -9.90602449e-02  6.43173829e-02  1.34699643e-01
   4.46522310e-02 -6.13317788e-02 -6.77389205e-02  1.17987432e-01
   1.35527372e-01 -7.15374202e-02  5.31839803e-02  5.09141497e-02
   1.47094741e-01 -5.17302938e-02 -7.98095614e-02  3.82978432e-02
  -7.99627304e-02 -7.14990124e-02  2.04045307e-02 -1.87564678e-02
  -7.20738899e-04 -8.67343787e-03  6.34589121e-02 -2.42917147e-02
  -4.95474674e-02  9.00446475e-02 -2.33140010e-02 -6.19920829e-05
   9.74089280e-02  9.74655151e-02  3.16151243e-04  1.24356896e-02
  -4.84824404e-02  1.41957477e-01 -3.29909287e-02  5.90000534e-03
  -4.20084521e-02 -3.94484960e-02  8.87947604e-02 -7.61417523e-02
   6.59192801e-02 -5.69092743e-02  1.20800540e-01 -2.19284110e-02]]
[[ 1.80948079e-01 -1.19748354e-01 -1.42889857e-01 -1.16634548e-01
  -7.71739986e-03  1.39853759e-02 -5.53967664e-03  2.82044187e-02
   1.22702837e-01  9.77478921e-02 -1.33647814e-01  8.86323452e-02
   2.39439812e-02 -6.46154359e-02 -1.63834095e-02 -1.06191091e-01
   1.24900728e-01 -4.97415708e-03  1.09780859e-02 -3.48755275e-03
  -6.08838387e-02  2.58099418e-02  4.72823381e-02 -5.73665416e-03
  -8.88029188e-02 -5.87967783e-02  1.43166967e-02  2.44644240e-01
  -4.33948673e-02 -6.61066473e-02 -8.13150927e-02  9.09724757e-02
   2.38617435e-02 -1.12346383e-02  6.01952299e-02 -1.05311256e-02
   5.40381484e-02 -1.26596808e-01 -3.43297385e-02 -7.78140128e-02
   7.60609955e-02 -4.58456725e-02 -2.22815797e-02  8.24326128e-02
   1.49214089e-01  1.74968868e-01  1.63579628e-01 -7.40534291e-02
   2.92927288e-02 -5.98410629e-02 -1.51880741e-01 -4.98407967e-02
  -7.62044415e-02  6.98441789e-02  1.73996136e-01  1.22863837e-01
  -1.60755664e-01  1.25831310e-02  1.51212469e-01 -2.35744044e-02
   1.33211225e-01  5.84385768e-02 -3.24791260e-02 -1.37172744e-01
   8.96286294e-02 -3.94662656e-02  2.58975849e-03 -3.42083611e-02
   1.83942411e-02  1.33035615e-01 -3.27927060e-02 -5.57395183e-02
  -7.31005818e-02 -8.35174769e-02  1.17073573e-01  2.09782258e-01
  -4.36975993e-02 -2.34005507e-02 -4.98146936e-02 -1.11119851e-01
   1.00968786e-01 -2.99186126e-04 -1.19410351e-01  9.62871015e-02
  -7.65892118e-02 -1.95051506e-02  7.83902705e-02  7.91077092e-02
   4.74265665e-02 -1.26592070e-01 -6.16547950e-02 -5.69351502e-02
   2.24252522e-01 -7.89820403e-03  3.38443741e-02 -2.11313888e-02
  -2.12203842e-02 -5.30644283e-02 -8.33477974e-02  4.12176028e-02
   3.04588117e-02  3.10900845e-02 -5.10460325e-02 -3.84340324e-02
  -7.85690472e-02  2.11953446e-02  9.68185142e-02 -1.84400558e-01
  -1.06012695e-01  1.01631694e-01 -1.10830449e-01 -7.03189000e-02
  -3.18616368e-02  4.27401327e-02  9.89505835e-03 -1.24515511e-01
   1.16192795e-01  1.67201106e-02 -1.48477275e-02 -9.67003033e-02
  -1.19450428e-01 -4.99904193e-02 -4.16265754e-03 -4.74022143e-02
  -2.61683147e-02 -2.29973700e-02  9.34521183e-02 -3.79966386e-02]
 [ 3.89527492e-02 -8.97425860e-02 -1.06179781e-01 -8.64393935e-02
  -6.39075926e-03  2.13695597e-02 -3.27767357e-02 -3.92499343e-02
   1.30109966e-01  3.68348099e-02 -5.89939281e-02 -4.63515706e-02
   6.11338802e-02  3.84713076e-02 -6.38123974e-02 -2.50022653e-02
   5.79325929e-02  6.24445006e-02  6.60959026e-03  4.60668840e-02
   1.50070325e-01  1.86851189e-01 -1.45060634e-02  1.13410383e-01
   6.37966469e-02 -4.65460271e-02  1.49668589e-01  7.66799971e-02
   6.61159232e-02 -3.81669700e-02 -6.64246008e-02  4.15410511e-02
   5.74008487e-02 -6.96085542e-02  3.19173001e-02  7.03479424e-02
   1.40892193e-01 -7.42382035e-02  2.45022148e-01 -8.32056254e-02
  -7.19325617e-02 -6.40495494e-03 -1.77128576e-02  1.00717485e-01
   1.36657223e-01 -1.44570675e-02  6.61961287e-02 -5.07701822e-02
  -5.36631886e-03 -4.69801773e-04 -1.05028093e-01  4.34368029e-02
   2.45821625e-01 -6.57629743e-02  1.61565036e-01  2.30700046e-01
  -1.17867842e-01 -9.80550349e-02  9.93384942e-02 -8.48534256e-02
   8.53976756e-02  1.23025239e-01  1.42813951e-01 -5.82810938e-02
  -7.72509649e-02  9.19485688e-02 -3.88346910e-02 -5.78132942e-02
   1.59859541e-03  2.31089592e-01  2.45670453e-02 -5.56520857e-02
   2.16059629e-02 -8.31220523e-02  1.26444981e-01  1.68362018e-02
   9.12675261e-02 -5.81456460e-02 -1.08343782e-02 -6.27743304e-02
   1.63670614e-01 -8.66738558e-02 -8.72220546e-02  1.40513718e-01
   1.05827756e-01 -9.90602449e-02  6.43173829e-02  1.34699643e-01
   4.46522310e-02 -6.13317788e-02 -6.77389205e-02  1.17987432e-01
   1.35527372e-01 -7.15374202e-02  5.31839803e-02  5.09141497e-02
   1.47094741e-01 -5.17302938e-02 -7.98095614e-02  3.82978432e-02
  -7.99627304e-02 -7.14990124e-02  2.04045307e-02 -1.87564678e-02
  -7.20738899e-04 -8.67343787e-03  6.34589121e-02 -2.42917147e-02
  -4.95474674e-02  9.00446475e-02 -2.33140010e-02 -6.19920829e-05
   9.74089280e-02  9.74655151e-02  3.16151243e-04  1.24356896e-02
  -4.84824404e-02  1.41957477e-01 -3.29909287e-02  5.90000534e-03
  -4.20084521e-02 -3.94484960e-02  8.87947604e-02 -7.61417523e-02
   6.59192801e-02 -5.69092743e-02  1.20800540e-01 -2.19284110e-02]]
[[ 1.80948079e-01 -1.19748354e-01 -1.42889857e-01 -1.16634548e-01
  -7.71739986e-03  1.39853759e-02 -5.53967664e-03  2.82044187e-02
   1.22702837e-01  9.77478921e-02 -1.33647814e-01  8.86323452e-02
   2.39439812e-02 -6.46154359e-02 -1.63834095e-02 -1.06191091e-01
   1.24900728e-01 -4.97415708e-03  1.09780859e-02 -3.48755275e-03
  -6.08838387e-02  2.58099418e-02  4.72823381e-02 -5.73665416e-03
  -8.88029188e-02 -5.87967783e-02  1.43166967e-02  2.44644240e-01
  -4.33948673e-02 -6.61066473e-02 -8.13150927e-02  9.09724757e-02
   2.38617435e-02 -1.12346383e-02  6.01952299e-02 -1.05311256e-02
   5.40381484e-02 -1.26596808e-01 -3.43297385e-02 -7.78140128e-02
   7.60609955e-02 -4.58456725e-02 -2.22815797e-02  8.24326128e-02
   1.49214089e-01  1.74968868e-01  1.63579628e-01 -7.40534291e-02
   2.92927288e-02 -5.98410629e-02 -1.51880741e-01 -4.98407967e-02
  -7.62044415e-02  6.98441789e-02  1.73996136e-01  1.22863837e-01
  -1.60755664e-01  1.25831310e-02  1.51212469e-01 -2.35744044e-02
   1.33211225e-01  5.84385768e-02 -3.24791260e-02 -1.37172744e-01
   8.96286294e-02 -3.94662656e-02  2.58975849e-03 -3.42083611e-02
   1.83942411e-02  1.33035615e-01 -3.27927060e-02 -5.57395183e-02
  -7.31005818e-02 -8.35174769e-02  1.17073573e-01  2.09782258e-01
  -4.36975993e-02 -2.34005507e-02 -4.98146936e-02 -1.11119851e-01
   1.00968786e-01 -2.99186126e-04 -1.19410351e-01  9.62871015e-02
  -7.65892118e-02 -1.95051506e-02  7.83902705e-02  7.91077092e-02
   4.74265665e-02 -1.26592070e-01 -6.16547950e-02 -5.69351502e-02
   2.24252522e-01 -7.89820403e-03  3.38443741e-02 -2.11313888e-02
  -2.12203842e-02 -5.30644283e-02 -8.33477974e-02  4.12176028e-02
   3.04588117e-02  3.10900845e-02 -5.10460325e-02 -3.84340324e-02
  -7.85690472e-02  2.11953446e-02  9.68185142e-02 -1.84400558e-01
  -1.06012695e-01  1.01631694e-01 -1.10830449e-01 -7.03189000e-02
  -3.18616368e-02  4.27401327e-02  9.89505835e-03 -1.24515511e-01
   1.16192795e-01  1.67201106e-02 -1.48477275e-02 -9.67003033e-02
  -1.19450428e-01 -4.99904193e-02 -4.16265754e-03 -4.74022143e-02
  -2.61683147e-02 -2.29973700e-02  9.34521183e-02 -3.79966386e-02]
 [ 3.89527492e-02 -8.97425860e-02 -1.06179781e-01 -8.64393935e-02
  -6.39075926e-03  2.13695597e-02 -3.27767357e-02 -3.92499343e-02
   1.30109966e-01  3.68348099e-02 -5.89939281e-02 -4.63515706e-02
   6.11338802e-02  3.84713076e-02 -6.38123974e-02 -2.50022653e-02
   5.79325929e-02  6.24445006e-02  6.60959026e-03  4.60668840e-02
   1.50070325e-01  1.86851189e-01 -1.45060634e-02  1.13410383e-01
   6.37966469e-02 -4.65460271e-02  1.49668589e-01  7.66799971e-02
   6.61159232e-02 -3.81669700e-02 -6.64246008e-02  4.15410511e-02
   5.74008487e-02 -6.96085542e-02  3.19173001e-02  7.03479424e-02
   1.40892193e-01 -7.42382035e-02  2.45022148e-01 -8.32056254e-02
  -7.19325617e-02 -6.40495494e-03 -1.77128576e-02  1.00717485e-01
   1.36657223e-01 -1.44570675e-02  6.61961287e-02 -5.07701822e-02
  -5.36631886e-03 -4.69801773e-04 -1.05028093e-01  4.34368029e-02
   2.45821625e-01 -6.57629743e-02  1.61565036e-01  2.30700046e-01
  -1.17867842e-01 -9.80550349e-02  9.93384942e-02 -8.48534256e-02
   8.53976756e-02  1.23025239e-01  1.42813951e-01 -5.82810938e-02
  -7.72509649e-02  9.19485688e-02 -3.88346910e-02 -5.78132942e-02
   1.59859541e-03  2.31089592e-01  2.45670453e-02 -5.56520857e-02
   2.16059629e-02 -8.31220523e-02  1.26444981e-01  1.68362018e-02
   9.12675261e-02 -5.81456460e-02 -1.08343782e-02 -6.27743304e-02
   1.63670614e-01 -8.66738558e-02 -8.72220546e-02  1.40513718e-01
   1.05827756e-01 -9.90602449e-02  6.43173829e-02  1.34699643e-01
   4.46522310e-02 -6.13317788e-02 -6.77389205e-02  1.17987432e-01
   1.35527372e-01 -7.15374202e-02  5.31839803e-02  5.09141497e-02
   1.47094741e-01 -5.17302938e-02 -7.98095614e-02  3.82978432e-02
  -7.99627304e-02 -7.14990124e-02  2.04045307e-02 -1.87564678e-02
  -7.20738899e-04 -8.67343787e-03  6.34589121e-02 -2.42917147e-02
  -4.95474674e-02  9.00446475e-02 -2.33140010e-02 -6.19920829e-05
   9.74089280e-02  9.74655151e-02  3.16151243e-04  1.24356896e-02
  -4.84824404e-02  1.41957477e-01 -3.29909287e-02  5.90000534e-03
  -4.20084521e-02 -3.94484960e-02  8.87947604e-02 -7.61417523e-02
   6.59192801e-02 -5.69092743e-02  1.20800540e-01 -2.19284110e-02]]
