[[ 0.21670291 -0.12946092 -0.18110299 -0.13536383 -0.03512844  0.02342572
  -0.00288664  0.03115379  0.10832171  0.11339588 -0.13504735  0.08184805
   0.01738964 -0.05730432  0.0247356  -0.10898755  0.13679694 -0.03324506
   0.06407057 -0.02586272 -0.05173336 -0.00831353  0.03827684 -0.01164417
  -0.08270715 -0.06867723  0.04152251  0.22053745  0.05381328 -0.08296351
  -0.09466259  0.14084171  0.10664    -0.01985035  0.05935621  0.01091351
   0.09644759 -0.11787683  0.00999725 -0.08272174 -0.01506723  0.00628156
   0.03982482  0.02793899  0.18559116  0.14063662  0.196346   -0.08833779
  -0.0338839  -0.01772043 -0.14535947 -0.04184349 -0.04252569 -0.00963599
   0.11067985  0.09183767 -0.15356924 -0.00530854  0.10924322 -0.04939448
   0.13605483  0.07542082  0.00405542 -0.1473962   0.06209739 -0.01754087
  -0.03900792 -0.01750514  0.00098689  0.20727797 -0.04951114 -0.06422883
  -0.03508688 -0.04534627  0.08726949  0.20933804 -0.01426948 -0.0355313
  -0.0175941  -0.12294333  0.15426227  0.0051456  -0.11680194  0.11790563
  -0.05649433 -0.07293276  0.03967531  0.14993101  0.03333266 -0.10712201
  -0.0485184  -0.03486464  0.16168949 -0.05300623  0.03567307 -0.01959161
  -0.02422686 -0.02551477 -0.08270574 -0.00660841  0.0114703   0.08231079
  -0.06015631 -0.04715682 -0.07230508  0.00615068  0.04715298 -0.1620142
  -0.07853597  0.09985363 -0.08758518 -0.07792997 -0.00574074  0.02017888
   0.03796474 -0.11502828  0.07491912  0.09067337 -0.02265166 -0.09202897
  -0.11883705 -0.04580382 -0.02059486 -0.05455892 -0.00644068 -0.02656186
   0.08421731 -0.00375759]
 [ 0.04925079 -0.1002889  -0.11958687 -0.08383588 -0.02208364  0.05424004
  -0.04088531 -0.01274283  0.13706346  0.07678472 -0.06824995 -0.03290702
   0.05631673  0.02344422 -0.07823841 -0.00125536  0.03448914  0.04211815
   0.06857796  0.0267036   0.18515892  0.16097529 -0.01638151  0.12762016
   0.01944133 -0.04955461  0.12504154  0.06344362  0.08597923 -0.06295526
  -0.0716957   0.06371524  0.0424015  -0.04542895  0.03168393  0.0538239
   0.18931288 -0.08659127  0.21671045 -0.08280923 -0.06172266  0.0109466
   0.005986    0.09043624  0.13178155  0.01835274  0.1226449  -0.04560432
   0.01706024 -0.02072275 -0.11050325  0.04801748  0.2281259  -0.06719865
   0.14045279  0.18516774 -0.11577523 -0.06581641  0.10763656 -0.08674867
   0.10558538  0.06496681  0.11954428 -0.07368885 -0.0835719   0.03506185
  -0.01690359 -0.06099594 -0.01096452  0.24818027  0.01847156 -0.069864
   0.01733256 -0.08337975  0.13685757  0.03426917  0.0989666  -0.06307852
  -0.00134053 -0.08455306  0.18022588 -0.08640306 -0.09524509  0.12127945
   0.09025848 -0.10992505  0.06742851  0.15242806  0.0317627  -0.07597423
  -0.07994068  0.09295437  0.15294093 -0.07510923  0.03765789  0.04213729
   0.11688516 -0.03722784 -0.06290947  0.05703003 -0.09308601 -0.08685167
   0.01567814 -0.04342587 -0.01299776  0.03740441  0.03412106 -0.03672771
  -0.06486887  0.09619491 -0.01975057  0.01098335  0.13120365  0.07455646
   0.03318505 -0.01780789 -0.03695419  0.1340997  -0.03818996 -0.00396952
  -0.05713813 -0.07387093  0.10691082 -0.07699414  0.05808047 -0.05260919
   0.11092535 -0.04045698]]
[[ 0.21670291 -0.12946092 -0.18110299 -0.13536383 -0.03512844  0.02342572
  -0.00288664  0.03115379  0.10832171  0.11339588 -0.13504735  0.08184805
   0.01738964 -0.05730432  0.0247356  -0.10898755  0.13679694 -0.03324506
   0.06407057 -0.02586272 -0.05173336 -0.00831353  0.03827684 -0.01164417
  -0.08270715 -0.06867723  0.04152251  0.22053745  0.05381328 -0.08296351
  -0.09466259  0.14084171  0.10664    -0.01985035  0.05935621  0.01091351
   0.09644759 -0.11787683  0.00999725 -0.08272174 -0.01506723  0.00628156
   0.03982482  0.02793899  0.18559116  0.14063662  0.196346   -0.08833779
  -0.0338839  -0.01772043 -0.14535947 -0.04184349 -0.04252569 -0.00963599
   0.11067985  0.09183767 -0.15356924 -0.00530854  0.10924322 -0.04939448
   0.13605483  0.07542082  0.00405542 -0.1473962   0.06209739 -0.01754087
  -0.03900792 -0.01750514  0.00098689  0.20727797 -0.04951114 -0.06422883
  -0.03508688 -0.04534627  0.08726949  0.20933804 -0.01426948 -0.0355313
  -0.0175941  -0.12294333  0.15426227  0.0051456  -0.11680194  0.11790563
  -0.05649433 -0.07293276  0.03967531  0.14993101  0.03333266 -0.10712201
  -0.0485184  -0.03486464  0.16168949 -0.05300623  0.03567307 -0.01959161
  -0.02422686 -0.02551477 -0.08270574 -0.00660841  0.0114703   0.08231079
  -0.06015631 -0.04715682 -0.07230508  0.00615068  0.04715298 -0.1620142
  -0.07853597  0.09985363 -0.08758518 -0.07792997 -0.00574074  0.02017888
   0.03796474 -0.11502828  0.07491912  0.09067337 -0.02265166 -0.09202897
  -0.11883705 -0.04580382 -0.02059486 -0.05455892 -0.00644068 -0.02656186
   0.08421731 -0.00375759]
 [ 0.04925079 -0.1002889  -0.11958687 -0.08383588 -0.02208364  0.05424004
  -0.04088531 -0.01274283  0.13706346  0.07678472 -0.06824995 -0.03290702
   0.05631673  0.02344422 -0.07823841 -0.00125536  0.03448914  0.04211815
   0.06857796  0.0267036   0.18515892  0.16097529 -0.01638151  0.12762016
   0.01944133 -0.04955461  0.12504154  0.06344362  0.08597923 -0.06295526
  -0.0716957   0.06371524  0.0424015  -0.04542895  0.03168393  0.0538239
   0.18931288 -0.08659127  0.21671045 -0.08280923 -0.06172266  0.0109466
   0.005986    0.09043624  0.13178155  0.01835274  0.1226449  -0.04560432
   0.01706024 -0.02072275 -0.11050325  0.04801748  0.2281259  -0.06719865
   0.14045279  0.18516774 -0.11577523 -0.06581641  0.10763656 -0.08674867
   0.10558538  0.06496681  0.11954428 -0.07368885 -0.0835719   0.03506185
  -0.01690359 -0.06099594 -0.01096452  0.24818027  0.01847156 -0.069864
   0.01733256 -0.08337975  0.13685757  0.03426917  0.0989666  -0.06307852
  -0.00134053 -0.08455306  0.18022588 -0.08640306 -0.09524509  0.12127945
   0.09025848 -0.10992505  0.06742851  0.15242806  0.0317627  -0.07597423
  -0.07994068  0.09295437  0.15294093 -0.07510923  0.03765789  0.04213729
   0.11688516 -0.03722784 -0.06290947  0.05703003 -0.09308601 -0.08685167
   0.01567814 -0.04342587 -0.01299776  0.03740441  0.03412106 -0.03672771
  -0.06486887  0.09619491 -0.01975057  0.01098335  0.13120365  0.07455646
   0.03318505 -0.01780789 -0.03695419  0.1340997  -0.03818996 -0.00396952
  -0.05713813 -0.07387093  0.10691082 -0.07699414  0.05808047 -0.05260919
   0.11092535 -0.04045698]]
[[ 0.21670291 -0.12946092 -0.18110299 -0.13536383 -0.03512844  0.02342572
  -0.00288664  0.03115379  0.10832171  0.11339588 -0.13504735  0.08184805
   0.01738964 -0.05730432  0.0247356  -0.10898755  0.13679694 -0.03324506
   0.06407057 -0.02586272 -0.05173336 -0.00831353  0.03827684 -0.01164417
  -0.08270715 -0.06867723  0.04152251  0.22053745  0.05381328 -0.08296351
  -0.09466259  0.14084171  0.10664    -0.01985035  0.05935621  0.01091351
   0.09644759 -0.11787683  0.00999725 -0.08272174 -0.01506723  0.00628156
   0.03982482  0.02793899  0.18559116  0.14063662  0.196346   -0.08833779
  -0.0338839  -0.01772043 -0.14535947 -0.04184349 -0.04252569 -0.00963599
   0.11067985  0.09183767 -0.15356924 -0.00530854  0.10924322 -0.04939448
   0.13605483  0.07542082  0.00405542 -0.1473962   0.06209739 -0.01754087
  -0.03900792 -0.01750514  0.00098689  0.20727797 -0.04951114 -0.06422883
  -0.03508688 -0.04534627  0.08726949  0.20933804 -0.01426948 -0.0355313
  -0.0175941  -0.12294333  0.15426227  0.0051456  -0.11680194  0.11790563
  -0.05649433 -0.07293276  0.03967531  0.14993101  0.03333266 -0.10712201
  -0.0485184  -0.03486464  0.16168949 -0.05300623  0.03567307 -0.01959161
  -0.02422686 -0.02551477 -0.08270574 -0.00660841  0.0114703   0.08231079
  -0.06015631 -0.04715682 -0.07230508  0.00615068  0.04715298 -0.1620142
  -0.07853597  0.09985363 -0.08758518 -0.07792997 -0.00574074  0.02017888
   0.03796474 -0.11502828  0.07491912  0.09067337 -0.02265166 -0.09202897
  -0.11883705 -0.04580382 -0.02059486 -0.05455892 -0.00644068 -0.02656186
   0.08421731 -0.00375759]
 [ 0.04925079 -0.1002889  -0.11958687 -0.08383588 -0.02208364  0.05424004
  -0.04088531 -0.01274283  0.13706346  0.07678472 -0.06824995 -0.03290702
   0.05631673  0.02344422 -0.07823841 -0.00125536  0.03448914  0.04211815
   0.06857796  0.0267036   0.18515892  0.16097529 -0.01638151  0.12762016
   0.01944133 -0.04955461  0.12504154  0.06344362  0.08597923 -0.06295526
  -0.0716957   0.06371524  0.0424015  -0.04542895  0.03168393  0.0538239
   0.18931288 -0.08659127  0.21671045 -0.08280923 -0.06172266  0.0109466
   0.005986    0.09043624  0.13178155  0.01835274  0.1226449  -0.04560432
   0.01706024 -0.02072275 -0.11050325  0.04801748  0.2281259  -0.06719865
   0.14045279  0.18516774 -0.11577523 -0.06581641  0.10763656 -0.08674867
   0.10558538  0.06496681  0.11954428 -0.07368885 -0.0835719   0.03506185
  -0.01690359 -0.06099594 -0.01096452  0.24818027  0.01847156 -0.069864
   0.01733256 -0.08337975  0.13685757  0.03426917  0.0989666  -0.06307852
  -0.00134053 -0.08455306  0.18022588 -0.08640306 -0.09524509  0.12127945
   0.09025848 -0.10992505  0.06742851  0.15242806  0.0317627  -0.07597423
  -0.07994068  0.09295437  0.15294093 -0.07510923  0.03765789  0.04213729
   0.11688516 -0.03722784 -0.06290947  0.05703003 -0.09308601 -0.08685167
   0.01567814 -0.04342587 -0.01299776  0.03740441  0.03412106 -0.03672771
  -0.06486887  0.09619491 -0.01975057  0.01098335  0.13120365  0.07455646
   0.03318505 -0.01780789 -0.03695419  0.1340997  -0.03818996 -0.00396952
  -0.05713813 -0.07387093  0.10691082 -0.07699414  0.05808047 -0.05260919
   0.11092535 -0.04045698]]
