[[ 0.12403479 -0.05381965 -0.0341789  -0.07728974  0.04492448  0.02396952
  -0.06926776  0.01481903  0.05072464  0.03879325 -0.14660437  0.08121448
   0.00766235 -0.08180762 -0.00780904 -0.07625972  0.09931108  0.07980638
   0.05993385  0.09113757 -0.07154953  0.04536426  0.03851428 -0.00320978
  -0.04967463 -0.0684872   0.06745808  0.2083439  -0.06730413 -0.05620383
  -0.04445817  0.05964969  0.01380396 -0.05358224  0.04903756 -0.03213907
   0.07264715 -0.11000388 -0.03572711 -0.11189651  0.08137514 -0.07375199
  -0.04975672  0.08183089  0.09625074  0.16031775  0.07221004 -0.11672665
   0.07683659 -0.05856985 -0.16645338 -0.09308732 -0.0986502   0.07106425
   0.18720882  0.15637697 -0.16562681 -0.03136127  0.1493416  -0.03150922
   0.1583996   0.02450349 -0.04473203 -0.14214085  0.02907559 -0.06547287
   0.05672499  0.01561572  0.00347327  0.10358542 -0.04367622 -0.07760245
  -0.11513869 -0.08059574  0.17392002  0.10215823 -0.05796703  0.01992594
  -0.08109216 -0.11789504  0.11929115  0.01042538 -0.12601744  0.10813976
  -0.09208705 -0.03940516  0.04828094  0.02042944  0.00558664 -0.09028244
  -0.06484073 -0.07538034  0.27428865  0.00525397  0.09025881 -0.06267263
  -0.07572702 -0.08747231 -0.05934193 -0.00441732  0.01377198 -0.03217663
  -0.04891199 -0.07700172 -0.09185395 -0.01973494  0.06756665 -0.19521502
  -0.07998326  0.0551987  -0.10279708 -0.07208446 -0.04980634  0.00079917
   0.09708212 -0.13435821  0.18318342 -0.0283435  -0.07092273 -0.10590193
  -0.1290716  -0.00591343  0.0306419   0.04603273 -0.04650189 -0.01026336
   0.03496976 -0.07549267]
 [ 0.04742415 -0.08672398 -0.11085218 -0.08414569 -0.03261641  0.02921338
  -0.02620745 -0.04852828  0.10031844  0.04467575 -0.06607244 -0.0331546
   0.06468417  0.0579653  -0.04706047 -0.01410699  0.03775541  0.05762289
   0.04385233  0.0617431   0.1498061   0.16940415 -0.04171722  0.13173427
   0.0566918  -0.05861272  0.15644199  0.05708167  0.09220117 -0.03999305
  -0.06927884  0.04510066  0.07000231 -0.05610047  0.03109862  0.06268433
   0.1314385  -0.07311818  0.28354076 -0.0825509  -0.07411432 -0.0266738
  -0.01093199  0.07504052  0.14656591 -0.01389491  0.07698087 -0.05289933
  -0.01305107 -0.01264146 -0.09904633  0.07134214  0.23458534 -0.07188962
   0.13983995  0.21293642 -0.10915256 -0.11260202  0.08297651 -0.08481678
   0.08651086  0.11280999  0.15464672 -0.05661668 -0.07355883  0.10175792
  -0.04676379 -0.0458793  -0.00796008  0.24564737  0.02603963 -0.05794622
   0.05373386 -0.08385005  0.09454652 -0.01902751  0.09238079 -0.05437171
  -0.01322425 -0.06599648  0.13096038 -0.0827276  -0.08390778  0.13374218
   0.11000903 -0.09813665  0.06067086  0.12764902  0.03234417 -0.05229238
  -0.06795838  0.12915455  0.12602901 -0.07128718  0.05579032  0.05769178
   0.17015496 -0.05062139 -0.06817804  0.02333836 -0.07652904 -0.06841358
   0.01166905 -0.0125739  -0.02704852 -0.0081097   0.05217387 -0.01466457
  -0.04707893  0.09934482 -0.00818071 -0.00749368  0.09350169  0.08074072
  -0.01170543  0.02823347 -0.04882722  0.15829043 -0.02370018  0.00968309
  -0.04647668 -0.04846084  0.0971891  -0.07437322  0.071954   -0.05205045
   0.12618597 -0.03169728]]
[[ 0.12403479 -0.05381965 -0.0341789  -0.07728974  0.04492448  0.02396952
  -0.06926776  0.01481903  0.05072464  0.03879325 -0.14660437  0.08121448
   0.00766235 -0.08180762 -0.00780904 -0.07625972  0.09931108  0.07980638
   0.05993385  0.09113757 -0.07154953  0.04536426  0.03851428 -0.00320978
  -0.04967463 -0.0684872   0.06745808  0.2083439  -0.06730413 -0.05620383
  -0.04445817  0.05964969  0.01380396 -0.05358224  0.04903756 -0.03213907
   0.07264715 -0.11000388 -0.03572711 -0.11189651  0.08137514 -0.07375199
  -0.04975672  0.08183089  0.09625074  0.16031775  0.07221004 -0.11672665
   0.07683659 -0.05856985 -0.16645338 -0.09308732 -0.0986502   0.07106425
   0.18720882  0.15637697 -0.16562681 -0.03136127  0.1493416  -0.03150922
   0.1583996   0.02450349 -0.04473203 -0.14214085  0.02907559 -0.06547287
   0.05672499  0.01561572  0.00347327  0.10358542 -0.04367622 -0.07760245
  -0.11513869 -0.08059574  0.17392002  0.10215823 -0.05796703  0.01992594
  -0.08109216 -0.11789504  0.11929115  0.01042538 -0.12601744  0.10813976
  -0.09208705 -0.03940516  0.04828094  0.02042944  0.00558664 -0.09028244
  -0.06484073 -0.07538034  0.27428865  0.00525397  0.09025881 -0.06267263
  -0.07572702 -0.08747231 -0.05934193 -0.00441732  0.01377198 -0.03217663
  -0.04891199 -0.07700172 -0.09185395 -0.01973494  0.06756665 -0.19521502
  -0.07998326  0.0551987  -0.10279708 -0.07208446 -0.04980634  0.00079917
   0.09708212 -0.13435821  0.18318342 -0.0283435  -0.07092273 -0.10590193
  -0.1290716  -0.00591343  0.0306419   0.04603273 -0.04650189 -0.01026336
   0.03496976 -0.07549267]
 [ 0.04742415 -0.08672398 -0.11085218 -0.08414569 -0.03261641  0.02921338
  -0.02620745 -0.04852828  0.10031844  0.04467575 -0.06607244 -0.0331546
   0.06468417  0.0579653  -0.04706047 -0.01410699  0.03775541  0.05762289
   0.04385233  0.0617431   0.1498061   0.16940415 -0.04171722  0.13173427
   0.0566918  -0.05861272  0.15644199  0.05708167  0.09220117 -0.03999305
  -0.06927884  0.04510066  0.07000231 -0.05610047  0.03109862  0.06268433
   0.1314385  -0.07311818  0.28354076 -0.0825509  -0.07411432 -0.0266738
  -0.01093199  0.07504052  0.14656591 -0.01389491  0.07698087 -0.05289933
  -0.01305107 -0.01264146 -0.09904633  0.07134214  0.23458534 -0.07188962
   0.13983995  0.21293642 -0.10915256 -0.11260202  0.08297651 -0.08481678
   0.08651086  0.11280999  0.15464672 -0.05661668 -0.07355883  0.10175792
  -0.04676379 -0.0458793  -0.00796008  0.24564737  0.02603963 -0.05794622
   0.05373386 -0.08385005  0.09454652 -0.01902751  0.09238079 -0.05437171
  -0.01322425 -0.06599648  0.13096038 -0.0827276  -0.08390778  0.13374218
   0.11000903 -0.09813665  0.06067086  0.12764902  0.03234417 -0.05229238
  -0.06795838  0.12915455  0.12602901 -0.07128718  0.05579032  0.05769178
   0.17015496 -0.05062139 -0.06817804  0.02333836 -0.07652904 -0.06841358
   0.01166905 -0.0125739  -0.02704852 -0.0081097   0.05217387 -0.01466457
  -0.04707893  0.09934482 -0.00818071 -0.00749368  0.09350169  0.08074072
  -0.01170543  0.02823347 -0.04882722  0.15829043 -0.02370018  0.00968309
  -0.04647668 -0.04846084  0.0971891  -0.07437322  0.071954   -0.05205045
   0.12618597 -0.03169728]]
[[ 0.12403479 -0.05381965 -0.0341789  -0.07728974  0.04492448  0.02396952
  -0.06926776  0.01481903  0.05072464  0.03879325 -0.14660437  0.08121448
   0.00766235 -0.08180762 -0.00780904 -0.07625972  0.09931108  0.07980638
   0.05993385  0.09113757 -0.07154953  0.04536426  0.03851428 -0.00320978
  -0.04967463 -0.0684872   0.06745808  0.2083439  -0.06730413 -0.05620383
  -0.04445817  0.05964969  0.01380396 -0.05358224  0.04903756 -0.03213907
   0.07264715 -0.11000388 -0.03572711 -0.11189651  0.08137514 -0.07375199
  -0.04975672  0.08183089  0.09625074  0.16031775  0.07221004 -0.11672665
   0.07683659 -0.05856985 -0.16645338 -0.09308732 -0.0986502   0.07106425
   0.18720882  0.15637697 -0.16562681 -0.03136127  0.1493416  -0.03150922
   0.1583996   0.02450349 -0.04473203 -0.14214085  0.02907559 -0.06547287
   0.05672499  0.01561572  0.00347327  0.10358542 -0.04367622 -0.07760245
  -0.11513869 -0.08059574  0.17392002  0.10215823 -0.05796703  0.01992594
  -0.08109216 -0.11789504  0.11929115  0.01042538 -0.12601744  0.10813976
  -0.09208705 -0.03940516  0.04828094  0.02042944  0.00558664 -0.09028244
  -0.06484073 -0.07538034  0.27428865  0.00525397  0.09025881 -0.06267263
  -0.07572702 -0.08747231 -0.05934193 -0.00441732  0.01377198 -0.03217663
  -0.04891199 -0.07700172 -0.09185395 -0.01973494  0.06756665 -0.19521502
  -0.07998326  0.0551987  -0.10279708 -0.07208446 -0.04980634  0.00079917
   0.09708212 -0.13435821  0.18318342 -0.0283435  -0.07092273 -0.10590193
  -0.1290716  -0.00591343  0.0306419   0.04603273 -0.04650189 -0.01026336
   0.03496976 -0.07549267]
 [ 0.04742415 -0.08672398 -0.11085218 -0.08414569 -0.03261641  0.02921338
  -0.02620745 -0.04852828  0.10031844  0.04467575 -0.06607244 -0.0331546
   0.06468417  0.0579653  -0.04706047 -0.01410699  0.03775541  0.05762289
   0.04385233  0.0617431   0.1498061   0.16940415 -0.04171722  0.13173427
   0.0566918  -0.05861272  0.15644199  0.05708167  0.09220117 -0.03999305
  -0.06927884  0.04510066  0.07000231 -0.05610047  0.03109862  0.06268433
   0.1314385  -0.07311818  0.28354076 -0.0825509  -0.07411432 -0.0266738
  -0.01093199  0.07504052  0.14656591 -0.01389491  0.07698087 -0.05289933
  -0.01305107 -0.01264146 -0.09904633  0.07134214  0.23458534 -0.07188962
   0.13983995  0.21293642 -0.10915256 -0.11260202  0.08297651 -0.08481678
   0.08651086  0.11280999  0.15464672 -0.05661668 -0.07355883  0.10175792
  -0.04676379 -0.0458793  -0.00796008  0.24564737  0.02603963 -0.05794622
   0.05373386 -0.08385005  0.09454652 -0.01902751  0.09238079 -0.05437171
  -0.01322425 -0.06599648  0.13096038 -0.0827276  -0.08390778  0.13374218
   0.11000903 -0.09813665  0.06067086  0.12764902  0.03234417 -0.05229238
  -0.06795838  0.12915455  0.12602901 -0.07128718  0.05579032  0.05769178
   0.17015496 -0.05062139 -0.06817804  0.02333836 -0.07652904 -0.06841358
   0.01166905 -0.0125739  -0.02704852 -0.0081097   0.05217387 -0.01466457
  -0.04707893  0.09934482 -0.00818071 -0.00749368  0.09350169  0.08074072
  -0.01170543  0.02823347 -0.04882722  0.15829043 -0.02370018  0.00968309
  -0.04647668 -0.04846084  0.0971891  -0.07437322  0.071954   -0.05205045
   0.12618597 -0.03169728]]
