[[ 0.18873407 -0.12316644 -0.16230345 -0.13376449 -0.0226426   0.00897811
   0.02136539  0.01046981  0.12122651  0.1308748  -0.13225283  0.06920574
   0.03554242 -0.0609489   0.02540958 -0.10431593  0.14418845 -0.00784662
   0.02258151 -0.03505534 -0.05669861 -0.00738166  0.04941513  0.00174033
  -0.08174793 -0.0643739   0.01871529  0.23023315 -0.01632686 -0.07236351
  -0.08975996  0.11122281  0.0851925  -0.00579182  0.06455851 -0.01804443
   0.06694356 -0.12366786 -0.02487706 -0.04888527  0.04638512 -0.01806446
   0.01024662  0.05333028  0.18016952  0.18396078  0.18493702 -0.0695805
  -0.01473729 -0.03441378 -0.14722326 -0.03498404 -0.06400085  0.04086524
   0.15706365  0.11643337 -0.15769449  0.02691699  0.14842159 -0.0276543
   0.11163743  0.07741969 -0.03089671 -0.13979848  0.08792997 -0.02806151
  -0.0232967  -0.03660798  0.01803346  0.16291907 -0.04264665 -0.04558623
  -0.0526583  -0.08462618  0.09169374  0.23932603 -0.03354384 -0.02043804
  -0.0353608  -0.09513588  0.10423488  0.00140323 -0.1155009   0.10150969
  -0.06784865 -0.03735636  0.06972737  0.10032167  0.05856909 -0.11479371
  -0.05632653 -0.0605981   0.19284323 -0.01762821 -0.00941471  0.00975596
  -0.021955   -0.02599006 -0.08665731  0.04349305  0.02351572  0.05184107
  -0.06006361 -0.03931395 -0.07255071  0.01136412  0.08784104 -0.1670571
  -0.09735083  0.12119289 -0.1000558  -0.06651001  0.00262082  0.01401209
   0.00681104 -0.12096008  0.10082366  0.06578849  0.01620181 -0.09439179
  -0.11905211 -0.04890443 -0.01328178 -0.05886942 -0.00776948 -0.01822358
   0.10362082 -0.01250624]
 [ 0.04012569 -0.09623188 -0.10684945 -0.07718712 -0.00029518  0.0575699
  -0.04335738 -0.02479368  0.14346072  0.04024281 -0.05454902 -0.04887538
   0.06418276  0.01745415 -0.07781672 -0.020663    0.06264152  0.06232188
   0.0417677   0.0257398   0.14361405  0.17445354 -0.01198112  0.1209573
   0.04294169 -0.03220844  0.14681207  0.08373246  0.07841969 -0.05247289
  -0.06769216  0.04671171  0.05095261 -0.06341685  0.03637888  0.0568856
   0.17548242 -0.08144172  0.22058855 -0.08704287 -0.06402794 -0.00380547
   0.00870257  0.09431485  0.16226245  0.00476075  0.07756016 -0.05058799
   0.01749766 -0.00477062 -0.11140757  0.03216648  0.22782418 -0.06039391
   0.15428394  0.2245944  -0.12409122 -0.09726255  0.10629704 -0.0854031
   0.10049694  0.10503736  0.12415595 -0.06342741 -0.08135192  0.07514203
  -0.03097115 -0.05618054  0.00538672  0.2182586   0.02061891 -0.06750333
   0.01434528 -0.08472538  0.15608649  0.02857888  0.07242315 -0.06618481
  -0.01398486 -0.06702845  0.1842581  -0.08810818 -0.08988751  0.13170804
   0.09449316 -0.10522827  0.06746975  0.14992125  0.02044141 -0.05853442
  -0.06601262  0.09101041  0.15568882 -0.07512009  0.04829074  0.04493968
   0.1303032  -0.05294609 -0.07588286  0.04018083 -0.08728769 -0.0816155
   0.01506246 -0.03575051  0.01207936  0.0225527   0.06287302 -0.03268278
  -0.05355142  0.09357186 -0.0167768  -0.0064772   0.09984226  0.10177624
   0.01165475  0.00583592 -0.03149158  0.11749519 -0.04700392  0.00912104
  -0.04554678 -0.06384929  0.09810921 -0.07760449  0.0577306  -0.05172865
   0.12776849 -0.0281099 ]]
[[ 0.18873407 -0.12316644 -0.16230345 -0.13376449 -0.0226426   0.00897811
   0.02136539  0.01046981  0.12122651  0.1308748  -0.13225283  0.06920574
   0.03554242 -0.0609489   0.02540958 -0.10431593  0.14418845 -0.00784662
   0.02258151 -0.03505534 -0.05669861 -0.00738166  0.04941513  0.00174033
  -0.08174793 -0.0643739   0.01871529  0.23023315 -0.01632686 -0.07236351
  -0.08975996  0.11122281  0.0851925  -0.00579182  0.06455851 -0.01804443
   0.06694356 -0.12366786 -0.02487706 -0.04888527  0.04638512 -0.01806446
   0.01024662  0.05333028  0.18016952  0.18396078  0.18493702 -0.0695805
  -0.01473729 -0.03441378 -0.14722326 -0.03498404 -0.06400085  0.04086524
   0.15706365  0.11643337 -0.15769449  0.02691699  0.14842159 -0.0276543
   0.11163743  0.07741969 -0.03089671 -0.13979848  0.08792997 -0.02806151
  -0.0232967  -0.03660798  0.01803346  0.16291907 -0.04264665 -0.04558623
  -0.0526583  -0.08462618  0.09169374  0.23932603 -0.03354384 -0.02043804
  -0.0353608  -0.09513588  0.10423488  0.00140323 -0.1155009   0.10150969
  -0.06784865 -0.03735636  0.06972737  0.10032167  0.05856909 -0.11479371
  -0.05632653 -0.0605981   0.19284323 -0.01762821 -0.00941471  0.00975596
  -0.021955   -0.02599006 -0.08665731  0.04349305  0.02351572  0.05184107
  -0.06006361 -0.03931395 -0.07255071  0.01136412  0.08784104 -0.1670571
  -0.09735083  0.12119289 -0.1000558  -0.06651001  0.00262082  0.01401209
   0.00681104 -0.12096008  0.10082366  0.06578849  0.01620181 -0.09439179
  -0.11905211 -0.04890443 -0.01328178 -0.05886942 -0.00776948 -0.01822358
   0.10362082 -0.01250624]
 [ 0.04012569 -0.09623188 -0.10684945 -0.07718712 -0.00029518  0.0575699
  -0.04335738 -0.02479368  0.14346072  0.04024281 -0.05454902 -0.04887538
   0.06418276  0.01745415 -0.07781672 -0.020663    0.06264152  0.06232188
   0.0417677   0.0257398   0.14361405  0.17445354 -0.01198112  0.1209573
   0.04294169 -0.03220844  0.14681207  0.08373246  0.07841969 -0.05247289
  -0.06769216  0.04671171  0.05095261 -0.06341685  0.03637888  0.0568856
   0.17548242 -0.08144172  0.22058855 -0.08704287 -0.06402794 -0.00380547
   0.00870257  0.09431485  0.16226245  0.00476075  0.07756016 -0.05058799
   0.01749766 -0.00477062 -0.11140757  0.03216648  0.22782418 -0.06039391
   0.15428394  0.2245944  -0.12409122 -0.09726255  0.10629704 -0.0854031
   0.10049694  0.10503736  0.12415595 -0.06342741 -0.08135192  0.07514203
  -0.03097115 -0.05618054  0.00538672  0.2182586   0.02061891 -0.06750333
   0.01434528 -0.08472538  0.15608649  0.02857888  0.07242315 -0.06618481
  -0.01398486 -0.06702845  0.1842581  -0.08810818 -0.08988751  0.13170804
   0.09449316 -0.10522827  0.06746975  0.14992125  0.02044141 -0.05853442
  -0.06601262  0.09101041  0.15568882 -0.07512009  0.04829074  0.04493968
   0.1303032  -0.05294609 -0.07588286  0.04018083 -0.08728769 -0.0816155
   0.01506246 -0.03575051  0.01207936  0.0225527   0.06287302 -0.03268278
  -0.05355142  0.09357186 -0.0167768  -0.0064772   0.09984226  0.10177624
   0.01165475  0.00583592 -0.03149158  0.11749519 -0.04700392  0.00912104
  -0.04554678 -0.06384929  0.09810921 -0.07760449  0.0577306  -0.05172865
   0.12776849 -0.0281099 ]]
[[ 0.18873407 -0.12316644 -0.16230345 -0.13376449 -0.0226426   0.00897811
   0.02136539  0.01046981  0.12122651  0.1308748  -0.13225283  0.06920574
   0.03554242 -0.0609489   0.02540958 -0.10431593  0.14418845 -0.00784662
   0.02258151 -0.03505534 -0.05669861 -0.00738166  0.04941513  0.00174033
  -0.08174793 -0.0643739   0.01871529  0.23023315 -0.01632686 -0.07236351
  -0.08975996  0.11122281  0.0851925  -0.00579182  0.06455851 -0.01804443
   0.06694356 -0.12366786 -0.02487706 -0.04888527  0.04638512 -0.01806446
   0.01024662  0.05333028  0.18016952  0.18396078  0.18493702 -0.0695805
  -0.01473729 -0.03441378 -0.14722326 -0.03498404 -0.06400085  0.04086524
   0.15706365  0.11643337 -0.15769449  0.02691699  0.14842159 -0.0276543
   0.11163743  0.07741969 -0.03089671 -0.13979848  0.08792997 -0.02806151
  -0.0232967  -0.03660798  0.01803346  0.16291907 -0.04264665 -0.04558623
  -0.0526583  -0.08462618  0.09169374  0.23932603 -0.03354384 -0.02043804
  -0.0353608  -0.09513588  0.10423488  0.00140323 -0.1155009   0.10150969
  -0.06784865 -0.03735636  0.06972737  0.10032167  0.05856909 -0.11479371
  -0.05632653 -0.0605981   0.19284323 -0.01762821 -0.00941471  0.00975596
  -0.021955   -0.02599006 -0.08665731  0.04349305  0.02351572  0.05184107
  -0.06006361 -0.03931395 -0.07255071  0.01136412  0.08784104 -0.1670571
  -0.09735083  0.12119289 -0.1000558  -0.06651001  0.00262082  0.01401209
   0.00681104 -0.12096008  0.10082366  0.06578849  0.01620181 -0.09439179
  -0.11905211 -0.04890443 -0.01328178 -0.05886942 -0.00776948 -0.01822358
   0.10362082 -0.01250624]
 [ 0.04012569 -0.09623188 -0.10684945 -0.07718712 -0.00029518  0.0575699
  -0.04335738 -0.02479368  0.14346072  0.04024281 -0.05454902 -0.04887538
   0.06418276  0.01745415 -0.07781672 -0.020663    0.06264152  0.06232188
   0.0417677   0.0257398   0.14361405  0.17445354 -0.01198112  0.1209573
   0.04294169 -0.03220844  0.14681207  0.08373246  0.07841969 -0.05247289
  -0.06769216  0.04671171  0.05095261 -0.06341685  0.03637888  0.0568856
   0.17548242 -0.08144172  0.22058855 -0.08704287 -0.06402794 -0.00380547
   0.00870257  0.09431485  0.16226245  0.00476075  0.07756016 -0.05058799
   0.01749766 -0.00477062 -0.11140757  0.03216648  0.22782418 -0.06039391
   0.15428394  0.2245944  -0.12409122 -0.09726255  0.10629704 -0.0854031
   0.10049694  0.10503736  0.12415595 -0.06342741 -0.08135192  0.07514203
  -0.03097115 -0.05618054  0.00538672  0.2182586   0.02061891 -0.06750333
   0.01434528 -0.08472538  0.15608649  0.02857888  0.07242315 -0.06618481
  -0.01398486 -0.06702845  0.1842581  -0.08810818 -0.08988751  0.13170804
   0.09449316 -0.10522827  0.06746975  0.14992125  0.02044141 -0.05853442
  -0.06601262  0.09101041  0.15568882 -0.07512009  0.04829074  0.04493968
   0.1303032  -0.05294609 -0.07588286  0.04018083 -0.08728769 -0.0816155
   0.01506246 -0.03575051  0.01207936  0.0225527   0.06287302 -0.03268278
  -0.05355142  0.09357186 -0.0167768  -0.0064772   0.09984226  0.10177624
   0.01165475  0.00583592 -0.03149158  0.11749519 -0.04700392  0.00912104
  -0.04554678 -0.06384929  0.09810921 -0.07760449  0.0577306  -0.05172865
   0.12776849 -0.0281099 ]]
