[[ 0.25260234 -0.13277818 -0.19415781 -0.12641878 -0.0159717   0.05617631
  -0.03093742 -0.02033138  0.09058555  0.11375845 -0.14927836  0.09485063
  -0.00441673 -0.0417999   0.04329431 -0.0733154   0.08287227 -0.04824133
   0.08737717 -0.0083664  -0.04056862 -0.0496081  -0.00926844 -0.00494895
  -0.08830659 -0.07329611  0.05590454  0.20373316  0.062605   -0.09201827
  -0.08294951  0.12443654  0.11488187  0.00104851  0.05633223  0.01592615
   0.12235715 -0.11438891  0.01716319 -0.09387522 -0.03728753  0.00398448
   0.09670974  0.03532115  0.15112382  0.15351535  0.19780849 -0.10360998
  -0.06034014 -0.02157076 -0.14173536 -0.06185588 -0.04116978 -0.06677756
   0.12029425  0.06268464 -0.14031331 -0.01263348  0.08814872 -0.06225154
   0.11196703  0.0619976   0.00359714 -0.15924561  0.04792622 -0.05068608
  -0.03875045  0.02780627  0.02573365  0.19854462 -0.06792752 -0.07637768
  -0.00450643 -0.02711025  0.08555816  0.18941379 -0.01771093 -0.04582127
  -0.04213163 -0.14388403  0.13724735  0.00631489 -0.12089843  0.10521253
  -0.05237765 -0.06523223  0.01403119  0.17052852  0.03445945 -0.10103727
  -0.0464535  -0.03399981  0.14101498 -0.05088219  0.05964632 -0.06220197
  -0.02640096 -0.00028503 -0.08272135 -0.01515862  0.01208301  0.08403825
  -0.05666564 -0.04561538 -0.04207321  0.01570836 -0.00359233 -0.18337359
  -0.03534684  0.06033554 -0.07036999 -0.07615121  0.02930256  0.03194643
   0.04414317 -0.12786244  0.07746515  0.11083128 -0.02247049 -0.08545032
  -0.13607001 -0.03619352 -0.01273253 -0.02333949 -0.02011152 -0.04799199
   0.06284621  0.01067408]
 [ 0.04321421 -0.09897693 -0.12257423 -0.06200522 -0.04150309  0.067518
  -0.05787315 -0.00097544  0.13125174  0.05635776 -0.06249402 -0.02619006
   0.05321484  0.04119266 -0.08166103 -0.01143892  0.02513693  0.03721099
   0.0969343   0.02997371  0.18546472  0.16889307 -0.02092054  0.14292167
   0.00937213 -0.0357403   0.12382507  0.08414123  0.10756213 -0.05781324
  -0.07457059  0.11302643  0.05825759 -0.06041372  0.01562428  0.05443753
   0.15911639 -0.08199732  0.24107197 -0.08487173 -0.05223686  0.01521589
  -0.00189182  0.07409731  0.15448497 -0.01180166  0.11378711 -0.02674497
   0.02484412 -0.01246633 -0.10247575  0.07327177  0.22992395 -0.06553467
   0.12064224  0.16837442 -0.11776555 -0.06947353  0.09188032 -0.07554564
   0.11938469  0.08411092  0.15343903 -0.06435719 -0.0853908   0.03342642
  -0.01190673 -0.06619991 -0.00621483  0.25954464  0.01197841 -0.06406907
  -0.00355438 -0.08533214  0.1290908   0.01846805  0.08139481 -0.05535754
  -0.02557503 -0.08787635  0.14795148 -0.08183567 -0.09196968  0.1560544
   0.08171246 -0.12048043  0.06626406  0.1183164  -0.00203794 -0.07817522
  -0.07876904  0.07170513  0.13944466 -0.07686765  0.03819935  0.05780185
   0.11478953 -0.03263571 -0.05249222  0.04200009 -0.0813446  -0.08819888
   0.0280738  -0.05928465 -0.01809806  0.03856869  0.01592775 -0.03757941
  -0.0774893   0.09120086 -0.01945915  0.02901212  0.11099723  0.06964339
   0.01035138  0.01088666 -0.04694612  0.12480879 -0.03145304  0.02364603
  -0.05260573 -0.07873014  0.12447822 -0.07879935  0.06050319 -0.05963732
   0.10421275 -0.02430324]]
[[ 0.25260234 -0.13277818 -0.19415781 -0.12641878 -0.0159717   0.05617631
  -0.03093742 -0.02033138  0.09058555  0.11375845 -0.14927836  0.09485063
  -0.00441673 -0.0417999   0.04329431 -0.0733154   0.08287227 -0.04824133
   0.08737717 -0.0083664  -0.04056862 -0.0496081  -0.00926844 -0.00494895
  -0.08830659 -0.07329611  0.05590454  0.20373316  0.062605   -0.09201827
  -0.08294951  0.12443654  0.11488187  0.00104851  0.05633223  0.01592615
   0.12235715 -0.11438891  0.01716319 -0.09387522 -0.03728753  0.00398448
   0.09670974  0.03532115  0.15112382  0.15351535  0.19780849 -0.10360998
  -0.06034014 -0.02157076 -0.14173536 -0.06185588 -0.04116978 -0.06677756
   0.12029425  0.06268464 -0.14031331 -0.01263348  0.08814872 -0.06225154
   0.11196703  0.0619976   0.00359714 -0.15924561  0.04792622 -0.05068608
  -0.03875045  0.02780627  0.02573365  0.19854462 -0.06792752 -0.07637768
  -0.00450643 -0.02711025  0.08555816  0.18941379 -0.01771093 -0.04582127
  -0.04213163 -0.14388403  0.13724735  0.00631489 -0.12089843  0.10521253
  -0.05237765 -0.06523223  0.01403119  0.17052852  0.03445945 -0.10103727
  -0.0464535  -0.03399981  0.14101498 -0.05088219  0.05964632 -0.06220197
  -0.02640096 -0.00028503 -0.08272135 -0.01515862  0.01208301  0.08403825
  -0.05666564 -0.04561538 -0.04207321  0.01570836 -0.00359233 -0.18337359
  -0.03534684  0.06033554 -0.07036999 -0.07615121  0.02930256  0.03194643
   0.04414317 -0.12786244  0.07746515  0.11083128 -0.02247049 -0.08545032
  -0.13607001 -0.03619352 -0.01273253 -0.02333949 -0.02011152 -0.04799199
   0.06284621  0.01067408]
 [ 0.04321421 -0.09897693 -0.12257423 -0.06200522 -0.04150309  0.067518
  -0.05787315 -0.00097544  0.13125174  0.05635776 -0.06249402 -0.02619006
   0.05321484  0.04119266 -0.08166103 -0.01143892  0.02513693  0.03721099
   0.0969343   0.02997371  0.18546472  0.16889307 -0.02092054  0.14292167
   0.00937213 -0.0357403   0.12382507  0.08414123  0.10756213 -0.05781324
  -0.07457059  0.11302643  0.05825759 -0.06041372  0.01562428  0.05443753
   0.15911639 -0.08199732  0.24107197 -0.08487173 -0.05223686  0.01521589
  -0.00189182  0.07409731  0.15448497 -0.01180166  0.11378711 -0.02674497
   0.02484412 -0.01246633 -0.10247575  0.07327177  0.22992395 -0.06553467
   0.12064224  0.16837442 -0.11776555 -0.06947353  0.09188032 -0.07554564
   0.11938469  0.08411092  0.15343903 -0.06435719 -0.0853908   0.03342642
  -0.01190673 -0.06619991 -0.00621483  0.25954464  0.01197841 -0.06406907
  -0.00355438 -0.08533214  0.1290908   0.01846805  0.08139481 -0.05535754
  -0.02557503 -0.08787635  0.14795148 -0.08183567 -0.09196968  0.1560544
   0.08171246 -0.12048043  0.06626406  0.1183164  -0.00203794 -0.07817522
  -0.07876904  0.07170513  0.13944466 -0.07686765  0.03819935  0.05780185
   0.11478953 -0.03263571 -0.05249222  0.04200009 -0.0813446  -0.08819888
   0.0280738  -0.05928465 -0.01809806  0.03856869  0.01592775 -0.03757941
  -0.0774893   0.09120086 -0.01945915  0.02901212  0.11099723  0.06964339
   0.01035138  0.01088666 -0.04694612  0.12480879 -0.03145304  0.02364603
  -0.05260573 -0.07873014  0.12447822 -0.07879935  0.06050319 -0.05963732
   0.10421275 -0.02430324]]
[[ 0.25260234 -0.13277818 -0.19415781 -0.12641878 -0.0159717   0.05617631
  -0.03093742 -0.02033138  0.09058555  0.11375845 -0.14927836  0.09485063
  -0.00441673 -0.0417999   0.04329431 -0.0733154   0.08287227 -0.04824133
   0.08737717 -0.0083664  -0.04056862 -0.0496081  -0.00926844 -0.00494895
  -0.08830659 -0.07329611  0.05590454  0.20373316  0.062605   -0.09201827
  -0.08294951  0.12443654  0.11488187  0.00104851  0.05633223  0.01592615
   0.12235715 -0.11438891  0.01716319 -0.09387522 -0.03728753  0.00398448
   0.09670974  0.03532115  0.15112382  0.15351535  0.19780849 -0.10360998
  -0.06034014 -0.02157076 -0.14173536 -0.06185588 -0.04116978 -0.06677756
   0.12029425  0.06268464 -0.14031331 -0.01263348  0.08814872 -0.06225154
   0.11196703  0.0619976   0.00359714 -0.15924561  0.04792622 -0.05068608
  -0.03875045  0.02780627  0.02573365  0.19854462 -0.06792752 -0.07637768
  -0.00450643 -0.02711025  0.08555816  0.18941379 -0.01771093 -0.04582127
  -0.04213163 -0.14388403  0.13724735  0.00631489 -0.12089843  0.10521253
  -0.05237765 -0.06523223  0.01403119  0.17052852  0.03445945 -0.10103727
  -0.0464535  -0.03399981  0.14101498 -0.05088219  0.05964632 -0.06220197
  -0.02640096 -0.00028503 -0.08272135 -0.01515862  0.01208301  0.08403825
  -0.05666564 -0.04561538 -0.04207321  0.01570836 -0.00359233 -0.18337359
  -0.03534684  0.06033554 -0.07036999 -0.07615121  0.02930256  0.03194643
   0.04414317 -0.12786244  0.07746515  0.11083128 -0.02247049 -0.08545032
  -0.13607001 -0.03619352 -0.01273253 -0.02333949 -0.02011152 -0.04799199
   0.06284621  0.01067408]
 [ 0.04321421 -0.09897693 -0.12257423 -0.06200522 -0.04150309  0.067518
  -0.05787315 -0.00097544  0.13125174  0.05635776 -0.06249402 -0.02619006
   0.05321484  0.04119266 -0.08166103 -0.01143892  0.02513693  0.03721099
   0.0969343   0.02997371  0.18546472  0.16889307 -0.02092054  0.14292167
   0.00937213 -0.0357403   0.12382507  0.08414123  0.10756213 -0.05781324
  -0.07457059  0.11302643  0.05825759 -0.06041372  0.01562428  0.05443753
   0.15911639 -0.08199732  0.24107197 -0.08487173 -0.05223686  0.01521589
  -0.00189182  0.07409731  0.15448497 -0.01180166  0.11378711 -0.02674497
   0.02484412 -0.01246633 -0.10247575  0.07327177  0.22992395 -0.06553467
   0.12064224  0.16837442 -0.11776555 -0.06947353  0.09188032 -0.07554564
   0.11938469  0.08411092  0.15343903 -0.06435719 -0.0853908   0.03342642
  -0.01190673 -0.06619991 -0.00621483  0.25954464  0.01197841 -0.06406907
  -0.00355438 -0.08533214  0.1290908   0.01846805  0.08139481 -0.05535754
  -0.02557503 -0.08787635  0.14795148 -0.08183567 -0.09196968  0.1560544
   0.08171246 -0.12048043  0.06626406  0.1183164  -0.00203794 -0.07817522
  -0.07876904  0.07170513  0.13944466 -0.07686765  0.03819935  0.05780185
   0.11478953 -0.03263571 -0.05249222  0.04200009 -0.0813446  -0.08819888
   0.0280738  -0.05928465 -0.01809806  0.03856869  0.01592775 -0.03757941
  -0.0774893   0.09120086 -0.01945915  0.02901212  0.11099723  0.06964339
   0.01035138  0.01088666 -0.04694612  0.12480879 -0.03145304  0.02364603
  -0.05260573 -0.07873014  0.12447822 -0.07879935  0.06050319 -0.05963732
   0.10421275 -0.02430324]]
