[[ 2.37863660e-01 -1.38145760e-01 -1.88142583e-01 -1.17457516e-01
  -2.43080687e-02  5.43244928e-02 -4.95834127e-02 -3.34026441e-02
   9.35389921e-02  1.01250432e-01 -1.52099624e-01  1.07131518e-01
  -1.32746734e-02 -2.43899226e-02  4.93457839e-02 -6.54283240e-02
   6.01673722e-02 -6.71158507e-02  1.17314130e-01 -2.90493239e-02
  -4.56177071e-02 -6.42371178e-02 -2.79298779e-02 -3.36206816e-02
  -1.09950572e-01 -8.54811594e-02  6.87816888e-02  1.76796466e-01
   6.98922873e-02 -9.07812342e-02 -9.60067064e-02  1.19743183e-01
   1.26670673e-01  1.26500968e-02  3.46141011e-02  1.85873508e-02
   1.18879206e-01 -1.14137895e-01  2.15594191e-02 -9.56832319e-02
  -3.41938250e-02  3.95406187e-02  1.25975147e-01  4.45566997e-02
   1.29624531e-01  1.57166317e-01  1.74634442e-01 -1.00360401e-01
  -7.64447153e-02 -2.21234206e-02 -1.36112511e-01 -6.33584112e-02
  -3.38053182e-02 -8.12032968e-02  8.84742066e-02  3.35679315e-02
  -1.41971737e-01 -1.21345753e-02  8.27352703e-02 -7.13685229e-02
   1.03916317e-01  2.41916720e-02 -1.83459055e-02 -1.67071596e-01
   1.70636885e-02 -6.61575645e-02 -2.98904944e-02  3.75822857e-02
   1.47743216e-02  2.04706654e-01 -6.46956265e-02 -8.26358348e-02
  -1.91797838e-02 -2.68798368e-03  6.67293891e-02  2.05465794e-01
  -2.48994306e-02 -6.45184517e-02 -5.36289364e-02 -1.51361212e-01
   1.56135023e-01  1.28104892e-02 -1.18717313e-01  8.48913938e-02
  -3.88301089e-02 -5.97856976e-02 -2.30906080e-04  1.92267761e-01
   3.97894792e-02 -9.45190340e-02 -4.86838296e-02 -5.05055785e-02
   1.22558713e-01 -6.29869550e-02  3.66864912e-02 -6.52596503e-02
  -3.27953584e-02 -8.93990137e-03 -7.08362535e-02 -3.31269205e-02
  -6.12434745e-03  9.81041566e-02 -6.97680041e-02 -4.68442291e-02
  -8.66276771e-03  1.90653596e-02 -1.57811772e-02 -1.91279382e-01
  -1.79988816e-02  5.22624440e-02 -5.85516058e-02 -8.45500901e-02
   3.83518636e-02 -1.60847581e-03  6.18672930e-02 -1.30516201e-01
   6.99555948e-02  1.01665393e-01 -8.09869356e-03 -7.90564343e-02
  -1.36393577e-01 -4.97904867e-02  6.19004108e-03 -1.37031488e-02
  -1.08478228e-02 -4.69940901e-02  2.48039830e-02  2.65054367e-02]
 [ 5.83711378e-02 -1.01217680e-01 -1.21139430e-01 -5.39425090e-02
  -4.25326824e-02  8.28160122e-02 -6.22242764e-02 -4.06749640e-03
   1.45823553e-01  4.50663790e-02 -6.81252778e-02 -2.61290297e-02
   4.64261957e-02  5.43451197e-02 -8.03643391e-02 -8.80840793e-03
   2.26530135e-02  3.15028317e-02  9.73840505e-02  1.67851113e-02
   1.78400010e-01  1.68250293e-01 -3.66438553e-02  1.46757156e-01
   1.16812270e-02 -3.67833711e-02  1.17701076e-01  8.15147609e-02
   1.00476861e-01 -5.79403676e-02 -7.80310333e-02  1.30966544e-01
   6.41641244e-02 -6.81888461e-02  2.59592794e-02  5.77937625e-02
   1.60844848e-01 -7.95938894e-02  2.43002877e-01 -8.25517774e-02
  -6.24126382e-02  1.37190474e-02  5.45606203e-03  8.65235701e-02
   1.57586470e-01 -1.45477001e-02  1.16464354e-01 -2.13331468e-02
   1.69768520e-02 -1.73306447e-02 -1.00465424e-01  6.88458607e-02
   2.41547704e-01 -6.83041289e-02  1.05810627e-01  1.71328515e-01
  -1.23163253e-01 -7.76628256e-02  8.57429728e-02 -7.99177736e-02
   1.00633614e-01  8.96610543e-02  1.64379627e-01 -6.87307194e-02
  -8.34254101e-02  2.34329887e-02 -1.82308350e-02 -6.68552741e-02
  -6.68234471e-03  2.41228983e-01  2.12683864e-02 -6.00627214e-02
  -3.40322871e-03 -8.82196054e-02  1.11104600e-01 -7.18237646e-03
   7.90872350e-02 -5.59075177e-02 -2.97547225e-02 -7.74844736e-02
   1.27442241e-01 -8.43061879e-02 -9.37802047e-02  1.57526270e-01
   8.56471434e-02 -1.08360529e-01  7.73352161e-02  1.03182696e-01
   1.23840887e-02 -8.72151554e-02 -8.25768262e-02  7.21242577e-02
   1.26716733e-01 -7.86266029e-02  3.57601717e-02  7.36346021e-02
   1.19838595e-01 -2.60150116e-02 -5.43431304e-02  2.75847148e-02
  -7.92786628e-02 -9.18569192e-02  1.80989895e-02 -6.28864840e-02
  -1.36809247e-02  4.46452908e-02  1.17661832e-02 -3.60188708e-02
  -8.24862421e-02  1.01324536e-01 -1.12482170e-02  4.42300066e-02
   1.25625268e-01  8.21615756e-02  9.80760786e-04  1.05612576e-02
  -4.81164679e-02  1.07842848e-01 -2.66666636e-02  3.62822227e-02
  -5.55836745e-02 -7.24312440e-02  1.16145417e-01 -8.18954781e-02
   5.76453879e-02 -5.73981553e-02  1.02974065e-01 -1.67065617e-02]]
[[ 2.37863660e-01 -1.38145760e-01 -1.88142583e-01 -1.17457516e-01
  -2.43080687e-02  5.43244928e-02 -4.95834127e-02 -3.34026441e-02
   9.35389921e-02  1.01250432e-01 -1.52099624e-01  1.07131518e-01
  -1.32746734e-02 -2.43899226e-02  4.93457839e-02 -6.54283240e-02
   6.01673722e-02 -6.71158507e-02  1.17314130e-01 -2.90493239e-02
  -4.56177071e-02 -6.42371178e-02 -2.79298779e-02 -3.36206816e-02
  -1.09950572e-01 -8.54811594e-02  6.87816888e-02  1.76796466e-01
   6.98922873e-02 -9.07812342e-02 -9.60067064e-02  1.19743183e-01
   1.26670673e-01  1.26500968e-02  3.46141011e-02  1.85873508e-02
   1.18879206e-01 -1.14137895e-01  2.15594191e-02 -9.56832319e-02
  -3.41938250e-02  3.95406187e-02  1.25975147e-01  4.45566997e-02
   1.29624531e-01  1.57166317e-01  1.74634442e-01 -1.00360401e-01
  -7.64447153e-02 -2.21234206e-02 -1.36112511e-01 -6.33584112e-02
  -3.38053182e-02 -8.12032968e-02  8.84742066e-02  3.35679315e-02
  -1.41971737e-01 -1.21345753e-02  8.27352703e-02 -7.13685229e-02
   1.03916317e-01  2.41916720e-02 -1.83459055e-02 -1.67071596e-01
   1.70636885e-02 -6.61575645e-02 -2.98904944e-02  3.75822857e-02
   1.47743216e-02  2.04706654e-01 -6.46956265e-02 -8.26358348e-02
  -1.91797838e-02 -2.68798368e-03  6.67293891e-02  2.05465794e-01
  -2.48994306e-02 -6.45184517e-02 -5.36289364e-02 -1.51361212e-01
   1.56135023e-01  1.28104892e-02 -1.18717313e-01  8.48913938e-02
  -3.88301089e-02 -5.97856976e-02 -2.30906080e-04  1.92267761e-01
   3.97894792e-02 -9.45190340e-02 -4.86838296e-02 -5.05055785e-02
   1.22558713e-01 -6.29869550e-02  3.66864912e-02 -6.52596503e-02
  -3.27953584e-02 -8.93990137e-03 -7.08362535e-02 -3.31269205e-02
  -6.12434745e-03  9.81041566e-02 -6.97680041e-02 -4.68442291e-02
  -8.66276771e-03  1.90653596e-02 -1.57811772e-02 -1.91279382e-01
  -1.79988816e-02  5.22624440e-02 -5.85516058e-02 -8.45500901e-02
   3.83518636e-02 -1.60847581e-03  6.18672930e-02 -1.30516201e-01
   6.99555948e-02  1.01665393e-01 -8.09869356e-03 -7.90564343e-02
  -1.36393577e-01 -4.97904867e-02  6.19004108e-03 -1.37031488e-02
  -1.08478228e-02 -4.69940901e-02  2.48039830e-02  2.65054367e-02]
 [ 5.83711378e-02 -1.01217680e-01 -1.21139430e-01 -5.39425090e-02
  -4.25326824e-02  8.28160122e-02 -6.22242764e-02 -4.06749640e-03
   1.45823553e-01  4.50663790e-02 -6.81252778e-02 -2.61290297e-02
   4.64261957e-02  5.43451197e-02 -8.03643391e-02 -8.80840793e-03
   2.26530135e-02  3.15028317e-02  9.73840505e-02  1.67851113e-02
   1.78400010e-01  1.68250293e-01 -3.66438553e-02  1.46757156e-01
   1.16812270e-02 -3.67833711e-02  1.17701076e-01  8.15147609e-02
   1.00476861e-01 -5.79403676e-02 -7.80310333e-02  1.30966544e-01
   6.41641244e-02 -6.81888461e-02  2.59592794e-02  5.77937625e-02
   1.60844848e-01 -7.95938894e-02  2.43002877e-01 -8.25517774e-02
  -6.24126382e-02  1.37190474e-02  5.45606203e-03  8.65235701e-02
   1.57586470e-01 -1.45477001e-02  1.16464354e-01 -2.13331468e-02
   1.69768520e-02 -1.73306447e-02 -1.00465424e-01  6.88458607e-02
   2.41547704e-01 -6.83041289e-02  1.05810627e-01  1.71328515e-01
  -1.23163253e-01 -7.76628256e-02  8.57429728e-02 -7.99177736e-02
   1.00633614e-01  8.96610543e-02  1.64379627e-01 -6.87307194e-02
  -8.34254101e-02  2.34329887e-02 -1.82308350e-02 -6.68552741e-02
  -6.68234471e-03  2.41228983e-01  2.12683864e-02 -6.00627214e-02
  -3.40322871e-03 -8.82196054e-02  1.11104600e-01 -7.18237646e-03
   7.90872350e-02 -5.59075177e-02 -2.97547225e-02 -7.74844736e-02
   1.27442241e-01 -8.43061879e-02 -9.37802047e-02  1.57526270e-01
   8.56471434e-02 -1.08360529e-01  7.73352161e-02  1.03182696e-01
   1.23840887e-02 -8.72151554e-02 -8.25768262e-02  7.21242577e-02
   1.26716733e-01 -7.86266029e-02  3.57601717e-02  7.36346021e-02
   1.19838595e-01 -2.60150116e-02 -5.43431304e-02  2.75847148e-02
  -7.92786628e-02 -9.18569192e-02  1.80989895e-02 -6.28864840e-02
  -1.36809247e-02  4.46452908e-02  1.17661832e-02 -3.60188708e-02
  -8.24862421e-02  1.01324536e-01 -1.12482170e-02  4.42300066e-02
   1.25625268e-01  8.21615756e-02  9.80760786e-04  1.05612576e-02
  -4.81164679e-02  1.07842848e-01 -2.66666636e-02  3.62822227e-02
  -5.55836745e-02 -7.24312440e-02  1.16145417e-01 -8.18954781e-02
   5.76453879e-02 -5.73981553e-02  1.02974065e-01 -1.67065617e-02]]
[[ 2.37863660e-01 -1.38145760e-01 -1.88142583e-01 -1.17457516e-01
  -2.43080687e-02  5.43244928e-02 -4.95834127e-02 -3.34026441e-02
   9.35389921e-02  1.01250432e-01 -1.52099624e-01  1.07131518e-01
  -1.32746734e-02 -2.43899226e-02  4.93457839e-02 -6.54283240e-02
   6.01673722e-02 -6.71158507e-02  1.17314130e-01 -2.90493239e-02
  -4.56177071e-02 -6.42371178e-02 -2.79298779e-02 -3.36206816e-02
  -1.09950572e-01 -8.54811594e-02  6.87816888e-02  1.76796466e-01
   6.98922873e-02 -9.07812342e-02 -9.60067064e-02  1.19743183e-01
   1.26670673e-01  1.26500968e-02  3.46141011e-02  1.85873508e-02
   1.18879206e-01 -1.14137895e-01  2.15594191e-02 -9.56832319e-02
  -3.41938250e-02  3.95406187e-02  1.25975147e-01  4.45566997e-02
   1.29624531e-01  1.57166317e-01  1.74634442e-01 -1.00360401e-01
  -7.64447153e-02 -2.21234206e-02 -1.36112511e-01 -6.33584112e-02
  -3.38053182e-02 -8.12032968e-02  8.84742066e-02  3.35679315e-02
  -1.41971737e-01 -1.21345753e-02  8.27352703e-02 -7.13685229e-02
   1.03916317e-01  2.41916720e-02 -1.83459055e-02 -1.67071596e-01
   1.70636885e-02 -6.61575645e-02 -2.98904944e-02  3.75822857e-02
   1.47743216e-02  2.04706654e-01 -6.46956265e-02 -8.26358348e-02
  -1.91797838e-02 -2.68798368e-03  6.67293891e-02  2.05465794e-01
  -2.48994306e-02 -6.45184517e-02 -5.36289364e-02 -1.51361212e-01
   1.56135023e-01  1.28104892e-02 -1.18717313e-01  8.48913938e-02
  -3.88301089e-02 -5.97856976e-02 -2.30906080e-04  1.92267761e-01
   3.97894792e-02 -9.45190340e-02 -4.86838296e-02 -5.05055785e-02
   1.22558713e-01 -6.29869550e-02  3.66864912e-02 -6.52596503e-02
  -3.27953584e-02 -8.93990137e-03 -7.08362535e-02 -3.31269205e-02
  -6.12434745e-03  9.81041566e-02 -6.97680041e-02 -4.68442291e-02
  -8.66276771e-03  1.90653596e-02 -1.57811772e-02 -1.91279382e-01
  -1.79988816e-02  5.22624440e-02 -5.85516058e-02 -8.45500901e-02
   3.83518636e-02 -1.60847581e-03  6.18672930e-02 -1.30516201e-01
   6.99555948e-02  1.01665393e-01 -8.09869356e-03 -7.90564343e-02
  -1.36393577e-01 -4.97904867e-02  6.19004108e-03 -1.37031488e-02
  -1.08478228e-02 -4.69940901e-02  2.48039830e-02  2.65054367e-02]
 [ 5.83711378e-02 -1.01217680e-01 -1.21139430e-01 -5.39425090e-02
  -4.25326824e-02  8.28160122e-02 -6.22242764e-02 -4.06749640e-03
   1.45823553e-01  4.50663790e-02 -6.81252778e-02 -2.61290297e-02
   4.64261957e-02  5.43451197e-02 -8.03643391e-02 -8.80840793e-03
   2.26530135e-02  3.15028317e-02  9.73840505e-02  1.67851113e-02
   1.78400010e-01  1.68250293e-01 -3.66438553e-02  1.46757156e-01
   1.16812270e-02 -3.67833711e-02  1.17701076e-01  8.15147609e-02
   1.00476861e-01 -5.79403676e-02 -7.80310333e-02  1.30966544e-01
   6.41641244e-02 -6.81888461e-02  2.59592794e-02  5.77937625e-02
   1.60844848e-01 -7.95938894e-02  2.43002877e-01 -8.25517774e-02
  -6.24126382e-02  1.37190474e-02  5.45606203e-03  8.65235701e-02
   1.57586470e-01 -1.45477001e-02  1.16464354e-01 -2.13331468e-02
   1.69768520e-02 -1.73306447e-02 -1.00465424e-01  6.88458607e-02
   2.41547704e-01 -6.83041289e-02  1.05810627e-01  1.71328515e-01
  -1.23163253e-01 -7.76628256e-02  8.57429728e-02 -7.99177736e-02
   1.00633614e-01  8.96610543e-02  1.64379627e-01 -6.87307194e-02
  -8.34254101e-02  2.34329887e-02 -1.82308350e-02 -6.68552741e-02
  -6.68234471e-03  2.41228983e-01  2.12683864e-02 -6.00627214e-02
  -3.40322871e-03 -8.82196054e-02  1.11104600e-01 -7.18237646e-03
   7.90872350e-02 -5.59075177e-02 -2.97547225e-02 -7.74844736e-02
   1.27442241e-01 -8.43061879e-02 -9.37802047e-02  1.57526270e-01
   8.56471434e-02 -1.08360529e-01  7.73352161e-02  1.03182696e-01
   1.23840887e-02 -8.72151554e-02 -8.25768262e-02  7.21242577e-02
   1.26716733e-01 -7.86266029e-02  3.57601717e-02  7.36346021e-02
   1.19838595e-01 -2.60150116e-02 -5.43431304e-02  2.75847148e-02
  -7.92786628e-02 -9.18569192e-02  1.80989895e-02 -6.28864840e-02
  -1.36809247e-02  4.46452908e-02  1.17661832e-02 -3.60188708e-02
  -8.24862421e-02  1.01324536e-01 -1.12482170e-02  4.42300066e-02
   1.25625268e-01  8.21615756e-02  9.80760786e-04  1.05612576e-02
  -4.81164679e-02  1.07842848e-01 -2.66666636e-02  3.62822227e-02
  -5.55836745e-02 -7.24312440e-02  1.16145417e-01 -8.18954781e-02
   5.76453879e-02 -5.73981553e-02  1.02974065e-01 -1.67065617e-02]]
