[[-0.00548368 -0.10002663 -0.11196814 -0.06782153 -0.05913636  0.06192372
  -0.04874766  0.01141818  0.12421957  0.00303847 -0.06369619 -0.04964083
   0.06083158  0.12120847 -0.08979058 -0.01743881  0.03294766  0.06456289
   0.0703809   0.05687949  0.15934446  0.14621677 -0.0520903   0.12837103
   0.06130636 -0.0260517   0.13528387  0.06290424  0.07231679 -0.04032045
  -0.08557476  0.12248931  0.10965494 -0.09902438 -0.00534375  0.06637143
   0.13930452 -0.06209758  0.21449783 -0.08009156 -0.07190201  0.00321139
  -0.0134847   0.12755084  0.13466482 -0.02360459  0.0177457  -0.05311031
  -0.01616743 -0.01283332 -0.08942299  0.10547828  0.28903702 -0.05021713
   0.09055493  0.15978119 -0.10969643 -0.09644054  0.06856088 -0.08752123
   0.1160039   0.08627747  0.19603238 -0.0620476  -0.09281342  0.0633581
  -0.00849225 -0.05860333 -0.00696657  0.22400086  0.00954856 -0.06252687
  -0.04476275 -0.09550656  0.10833812 -0.04493374  0.05968213 -0.04944203
  -0.0421939  -0.03298359  0.09785785 -0.09313672 -0.09822624  0.19275558
   0.09807413 -0.1081053   0.09627462  0.06995044 -0.01973767 -0.08486012
  -0.07891113  0.14285184  0.12114282 -0.07951085  0.02640449  0.07410237
   0.11490908 -0.0412968  -0.04976765  0.02307057 -0.0614921  -0.09197228
   0.007966   -0.06387118 -0.0479235   0.04802968  0.02085184 -0.03997806
  -0.08399761  0.06391254  0.03254265  0.04174502  0.09506662  0.06951638
   0.00189403  0.02994706 -0.07000424  0.12593637 -0.0304171   0.07376026
  -0.03264754 -0.06359119  0.08258002 -0.08509053  0.06003727 -0.05095201
   0.09054743  0.03110849]
 [ 0.24932799 -0.09890177 -0.15167856 -0.15267454  0.00238156  0.03435711
   0.02147072 -0.04525421  0.13824445  0.08211293 -0.16501856  0.10957253
   0.00495318 -0.01357824 -0.02270074 -0.07357785  0.04846778  0.00331844
   0.04236378 -0.05479025 -0.05836862 -0.08390575 -0.04251367 -0.05317559
  -0.07692431 -0.06996161  0.04493513  0.15791199  0.01665015 -0.07529666
  -0.06482775  0.14950433  0.08776736 -0.0029429   0.03403546 -0.03816221
   0.15216789 -0.13322817 -0.0026851  -0.06396172  0.00198782  0.04260489
   0.06976294  0.06834809  0.09270291  0.14475481  0.04902625 -0.12094981
  -0.08533178 -0.03561804 -0.14560153 -0.07410727 -0.0432847  -0.08105142
   0.09910583  0.0009839  -0.17288084 -0.02104813  0.11098878 -0.09051086
   0.13309439  0.00313158 -0.06733932 -0.1673812  -0.03274902 -0.08347251
  -0.0060566   0.00169251 -0.0204565   0.07850784 -0.09478629 -0.12016173
  -0.03100893 -0.09541408  0.07901692  0.15670782 -0.05145524 -0.07716028
  -0.07185736 -0.11097229  0.1783744   0.05156217 -0.12852073  0.0767806
  -0.03247005 -0.05944121 -0.01685794  0.15307297 -0.02183819 -0.11529233
  -0.04142142 -0.07975753  0.12111427 -0.08588272 -0.00262265 -0.09873354
  -0.03840706 -0.04376518 -0.0602655  -0.00085004  0.06566763  0.12652372
  -0.10234134 -0.01314426 -0.03139988 -0.02281225 -0.05981881 -0.21041161
  -0.08359609  0.00805395 -0.08351804 -0.09337952  0.07005089  0.00679369
   0.0746991  -0.1298805  -0.01089686  0.1173961  -0.04907229 -0.09740119
  -0.15047161 -0.00311602 -0.02295098  0.01647846 -0.0337144  -0.09393916
  -0.06078564 -0.04632979]]
[[-0.00548368 -0.10002663 -0.11196814 -0.06782153 -0.05913636  0.06192372
  -0.04874766  0.01141818  0.12421957  0.00303847 -0.06369619 -0.04964083
   0.06083158  0.12120847 -0.08979058 -0.01743881  0.03294766  0.06456289
   0.0703809   0.05687949  0.15934446  0.14621677 -0.0520903   0.12837103
   0.06130636 -0.0260517   0.13528387  0.06290424  0.07231679 -0.04032045
  -0.08557476  0.12248931  0.10965494 -0.09902438 -0.00534375  0.06637143
   0.13930452 -0.06209758  0.21449783 -0.08009156 -0.07190201  0.00321139
  -0.0134847   0.12755084  0.13466482 -0.02360459  0.0177457  -0.05311031
  -0.01616743 -0.01283332 -0.08942299  0.10547828  0.28903702 -0.05021713
   0.09055493  0.15978119 -0.10969643 -0.09644054  0.06856088 -0.08752123
   0.1160039   0.08627747  0.19603238 -0.0620476  -0.09281342  0.0633581
  -0.00849225 -0.05860333 -0.00696657  0.22400086  0.00954856 -0.06252687
  -0.04476275 -0.09550656  0.10833812 -0.04493374  0.05968213 -0.04944203
  -0.0421939  -0.03298359  0.09785785 -0.09313672 -0.09822624  0.19275558
   0.09807413 -0.1081053   0.09627462  0.06995044 -0.01973767 -0.08486012
  -0.07891113  0.14285184  0.12114282 -0.07951085  0.02640449  0.07410237
   0.11490908 -0.0412968  -0.04976765  0.02307057 -0.0614921  -0.09197228
   0.007966   -0.06387118 -0.0479235   0.04802968  0.02085184 -0.03997806
  -0.08399761  0.06391254  0.03254265  0.04174502  0.09506662  0.06951638
   0.00189403  0.02994706 -0.07000424  0.12593637 -0.0304171   0.07376026
  -0.03264754 -0.06359119  0.08258002 -0.08509053  0.06003727 -0.05095201
   0.09054743  0.03110849]
 [ 0.24932799 -0.09890177 -0.15167856 -0.15267454  0.00238156  0.03435711
   0.02147072 -0.04525421  0.13824445  0.08211293 -0.16501856  0.10957253
   0.00495318 -0.01357824 -0.02270074 -0.07357785  0.04846778  0.00331844
   0.04236378 -0.05479025 -0.05836862 -0.08390575 -0.04251367 -0.05317559
  -0.07692431 -0.06996161  0.04493513  0.15791199  0.01665015 -0.07529666
  -0.06482775  0.14950433  0.08776736 -0.0029429   0.03403546 -0.03816221
   0.15216789 -0.13322817 -0.0026851  -0.06396172  0.00198782  0.04260489
   0.06976294  0.06834809  0.09270291  0.14475481  0.04902625 -0.12094981
  -0.08533178 -0.03561804 -0.14560153 -0.07410727 -0.0432847  -0.08105142
   0.09910583  0.0009839  -0.17288084 -0.02104813  0.11098878 -0.09051086
   0.13309439  0.00313158 -0.06733932 -0.1673812  -0.03274902 -0.08347251
  -0.0060566   0.00169251 -0.0204565   0.07850784 -0.09478629 -0.12016173
  -0.03100893 -0.09541408  0.07901692  0.15670782 -0.05145524 -0.07716028
  -0.07185736 -0.11097229  0.1783744   0.05156217 -0.12852073  0.0767806
  -0.03247005 -0.05944121 -0.01685794  0.15307297 -0.02183819 -0.11529233
  -0.04142142 -0.07975753  0.12111427 -0.08588272 -0.00262265 -0.09873354
  -0.03840706 -0.04376518 -0.0602655  -0.00085004  0.06566763  0.12652372
  -0.10234134 -0.01314426 -0.03139988 -0.02281225 -0.05981881 -0.21041161
  -0.08359609  0.00805395 -0.08351804 -0.09337952  0.07005089  0.00679369
   0.0746991  -0.1298805  -0.01089686  0.1173961  -0.04907229 -0.09740119
  -0.15047161 -0.00311602 -0.02295098  0.01647846 -0.0337144  -0.09393916
  -0.06078564 -0.04632979]]
[[-0.00548368 -0.10002663 -0.11196814 -0.06782153 -0.05913636  0.06192372
  -0.04874766  0.01141818  0.12421957  0.00303847 -0.06369619 -0.04964083
   0.06083158  0.12120847 -0.08979058 -0.01743881  0.03294766  0.06456289
   0.0703809   0.05687949  0.15934446  0.14621677 -0.0520903   0.12837103
   0.06130636 -0.0260517   0.13528387  0.06290424  0.07231679 -0.04032045
  -0.08557476  0.12248931  0.10965494 -0.09902438 -0.00534375  0.06637143
   0.13930452 -0.06209758  0.21449783 -0.08009156 -0.07190201  0.00321139
  -0.0134847   0.12755084  0.13466482 -0.02360459  0.0177457  -0.05311031
  -0.01616743 -0.01283332 -0.08942299  0.10547828  0.28903702 -0.05021713
   0.09055493  0.15978119 -0.10969643 -0.09644054  0.06856088 -0.08752123
   0.1160039   0.08627747  0.19603238 -0.0620476  -0.09281342  0.0633581
  -0.00849225 -0.05860333 -0.00696657  0.22400086  0.00954856 -0.06252687
  -0.04476275 -0.09550656  0.10833812 -0.04493374  0.05968213 -0.04944203
  -0.0421939  -0.03298359  0.09785785 -0.09313672 -0.09822624  0.19275558
   0.09807413 -0.1081053   0.09627462  0.06995044 -0.01973767 -0.08486012
  -0.07891113  0.14285184  0.12114282 -0.07951085  0.02640449  0.07410237
   0.11490908 -0.0412968  -0.04976765  0.02307057 -0.0614921  -0.09197228
   0.007966   -0.06387118 -0.0479235   0.04802968  0.02085184 -0.03997806
  -0.08399761  0.06391254  0.03254265  0.04174502  0.09506662  0.06951638
   0.00189403  0.02994706 -0.07000424  0.12593637 -0.0304171   0.07376026
  -0.03264754 -0.06359119  0.08258002 -0.08509053  0.06003727 -0.05095201
   0.09054743  0.03110849]
 [ 0.24932799 -0.09890177 -0.15167856 -0.15267454  0.00238156  0.03435711
   0.02147072 -0.04525421  0.13824445  0.08211293 -0.16501856  0.10957253
   0.00495318 -0.01357824 -0.02270074 -0.07357785  0.04846778  0.00331844
   0.04236378 -0.05479025 -0.05836862 -0.08390575 -0.04251367 -0.05317559
  -0.07692431 -0.06996161  0.04493513  0.15791199  0.01665015 -0.07529666
  -0.06482775  0.14950433  0.08776736 -0.0029429   0.03403546 -0.03816221
   0.15216789 -0.13322817 -0.0026851  -0.06396172  0.00198782  0.04260489
   0.06976294  0.06834809  0.09270291  0.14475481  0.04902625 -0.12094981
  -0.08533178 -0.03561804 -0.14560153 -0.07410727 -0.0432847  -0.08105142
   0.09910583  0.0009839  -0.17288084 -0.02104813  0.11098878 -0.09051086
   0.13309439  0.00313158 -0.06733932 -0.1673812  -0.03274902 -0.08347251
  -0.0060566   0.00169251 -0.0204565   0.07850784 -0.09478629 -0.12016173
  -0.03100893 -0.09541408  0.07901692  0.15670782 -0.05145524 -0.07716028
  -0.07185736 -0.11097229  0.1783744   0.05156217 -0.12852073  0.0767806
  -0.03247005 -0.05944121 -0.01685794  0.15307297 -0.02183819 -0.11529233
  -0.04142142 -0.07975753  0.12111427 -0.08588272 -0.00262265 -0.09873354
  -0.03840706 -0.04376518 -0.0602655  -0.00085004  0.06566763  0.12652372
  -0.10234134 -0.01314426 -0.03139988 -0.02281225 -0.05981881 -0.21041161
  -0.08359609  0.00805395 -0.08351804 -0.09337952  0.07005089  0.00679369
   0.0746991  -0.1298805  -0.01089686  0.1173961  -0.04907229 -0.09740119
  -0.15047161 -0.00311602 -0.02295098  0.01647846 -0.0337144  -0.09393916
  -0.06078564 -0.04632979]]
