[[ 0.22495797 -0.12922089 -0.16288598 -0.10680261 -0.05450336  0.05405071
  -0.01033987 -0.0267231   0.1297698   0.08977599 -0.16244537  0.1278522
  -0.03628267 -0.03507458 -0.00352968 -0.06314134  0.05446868 -0.04580007
   0.07530495 -0.06897441 -0.070256   -0.08678925 -0.06134143 -0.05879144
  -0.09677105 -0.09831458  0.04188856  0.15032905  0.02474196 -0.08943269
  -0.09793491  0.10137536  0.08683488  0.01920995  0.03887668 -0.03777905
   0.1471088  -0.1107558  -0.02595612 -0.06395689 -0.03436304  0.03793469
   0.13713928  0.05917628  0.1167259   0.1449156   0.12100868 -0.12279222
  -0.09240093 -0.01404335 -0.13070792 -0.06513248 -0.06383297 -0.09190176
   0.03513385  0.01105252 -0.15634263 -0.03054817  0.09459873 -0.09920678
   0.07710537  0.00284908 -0.05091842 -0.17924993 -0.01073716 -0.06939939
  -0.02105155  0.01457591 -0.00944819  0.11526745 -0.08582162 -0.09928071
  -0.02414012 -0.03897256  0.07134189  0.20876715 -0.04756847 -0.07681528
  -0.07687641 -0.1473992   0.15895532  0.02453494 -0.12216903  0.07348055
  -0.03144645 -0.07635456 -0.03401642  0.1797581  -0.02746965 -0.12121539
  -0.03673914 -0.08331019  0.10626636 -0.05859277  0.00719307 -0.08074384
  -0.04344601 -0.02106105 -0.09182569 -0.02094196  0.02380109  0.12889579
  -0.10107678 -0.04283835  0.02502475  0.00407486 -0.05525164 -0.20559345
  -0.07602705  0.01530703 -0.06737261 -0.09709376  0.07071    -0.00724633
   0.05769127 -0.1384058   0.01441994  0.09202545 -0.03294234 -0.08650555
  -0.15218292 -0.04669194 -0.04068698  0.01010269 -0.03032009 -0.07182121
  -0.02505323  0.0014471 ]
 [ 0.03585158 -0.10024766 -0.11543278 -0.04507267 -0.05517057  0.07618798
  -0.05692413  0.00227505  0.14013723  0.05848502 -0.07336597 -0.02271008
   0.04483199  0.07400186 -0.07955524 -0.00764338  0.01691285  0.03456718
   0.09922773  0.02673718  0.15861797  0.155328   -0.04304902  0.14939436
   0.01789944 -0.0383221   0.13447034  0.09280194  0.10794359 -0.05354434
  -0.08274301  0.12926017  0.05169606 -0.08213755  0.01320162  0.07607505
   0.16512105 -0.07462019  0.22587971 -0.08738271 -0.06389588  0.01172925
   0.00768723  0.09695753  0.15612756 -0.00649367  0.11516405 -0.03204703
   0.01372661 -0.01798942 -0.10011455  0.0871373   0.25106755 -0.06758399
   0.09673955  0.15521121 -0.12202975 -0.0927058   0.08247459 -0.08313386
   0.11560845  0.08275336  0.16003343 -0.07303985 -0.08881232  0.02849035
  -0.01865167 -0.06626844 -0.00307752  0.2458461  -0.00108529 -0.06598358
  -0.00559105 -0.09118468  0.12230583 -0.00902398  0.07185867 -0.04973279
  -0.02735133 -0.07940321  0.10888837 -0.08631197 -0.09439731  0.15708154
   0.09660817 -0.11404913  0.08327238  0.09599265  0.00049173 -0.08871763
  -0.08747747  0.07826596  0.13257259 -0.07921651  0.02917062  0.06543157
   0.11063087 -0.02993977 -0.05412497  0.02362953 -0.07726103 -0.09537823
   0.026739   -0.06973889 -0.03409171  0.06301112  0.00834879 -0.03320286
  -0.08072641  0.08159     0.0115983   0.04612895  0.13115093  0.07604918
   0.00747614  0.0109968  -0.05628801  0.12143657 -0.03072634  0.04456292
  -0.05261164 -0.07119729  0.09916382 -0.08121888  0.05115187 -0.05932131
   0.0877996  -0.00845499]]
[[ 0.22495797 -0.12922089 -0.16288598 -0.10680261 -0.05450336  0.05405071
  -0.01033987 -0.0267231   0.1297698   0.08977599 -0.16244537  0.1278522
  -0.03628267 -0.03507458 -0.00352968 -0.06314134  0.05446868 -0.04580007
   0.07530495 -0.06897441 -0.070256   -0.08678925 -0.06134143 -0.05879144
  -0.09677105 -0.09831458  0.04188856  0.15032905  0.02474196 -0.08943269
  -0.09793491  0.10137536  0.08683488  0.01920995  0.03887668 -0.03777905
   0.1471088  -0.1107558  -0.02595612 -0.06395689 -0.03436304  0.03793469
   0.13713928  0.05917628  0.1167259   0.1449156   0.12100868 -0.12279222
  -0.09240093 -0.01404335 -0.13070792 -0.06513248 -0.06383297 -0.09190176
   0.03513385  0.01105252 -0.15634263 -0.03054817  0.09459873 -0.09920678
   0.07710537  0.00284908 -0.05091842 -0.17924993 -0.01073716 -0.06939939
  -0.02105155  0.01457591 -0.00944819  0.11526745 -0.08582162 -0.09928071
  -0.02414012 -0.03897256  0.07134189  0.20876715 -0.04756847 -0.07681528
  -0.07687641 -0.1473992   0.15895532  0.02453494 -0.12216903  0.07348055
  -0.03144645 -0.07635456 -0.03401642  0.1797581  -0.02746965 -0.12121539
  -0.03673914 -0.08331019  0.10626636 -0.05859277  0.00719307 -0.08074384
  -0.04344601 -0.02106105 -0.09182569 -0.02094196  0.02380109  0.12889579
  -0.10107678 -0.04283835  0.02502475  0.00407486 -0.05525164 -0.20559345
  -0.07602705  0.01530703 -0.06737261 -0.09709376  0.07071    -0.00724633
   0.05769127 -0.1384058   0.01441994  0.09202545 -0.03294234 -0.08650555
  -0.15218292 -0.04669194 -0.04068698  0.01010269 -0.03032009 -0.07182121
  -0.02505323  0.0014471 ]
 [ 0.03585158 -0.10024766 -0.11543278 -0.04507267 -0.05517057  0.07618798
  -0.05692413  0.00227505  0.14013723  0.05848502 -0.07336597 -0.02271008
   0.04483199  0.07400186 -0.07955524 -0.00764338  0.01691285  0.03456718
   0.09922773  0.02673718  0.15861797  0.155328   -0.04304902  0.14939436
   0.01789944 -0.0383221   0.13447034  0.09280194  0.10794359 -0.05354434
  -0.08274301  0.12926017  0.05169606 -0.08213755  0.01320162  0.07607505
   0.16512105 -0.07462019  0.22587971 -0.08738271 -0.06389588  0.01172925
   0.00768723  0.09695753  0.15612756 -0.00649367  0.11516405 -0.03204703
   0.01372661 -0.01798942 -0.10011455  0.0871373   0.25106755 -0.06758399
   0.09673955  0.15521121 -0.12202975 -0.0927058   0.08247459 -0.08313386
   0.11560845  0.08275336  0.16003343 -0.07303985 -0.08881232  0.02849035
  -0.01865167 -0.06626844 -0.00307752  0.2458461  -0.00108529 -0.06598358
  -0.00559105 -0.09118468  0.12230583 -0.00902398  0.07185867 -0.04973279
  -0.02735133 -0.07940321  0.10888837 -0.08631197 -0.09439731  0.15708154
   0.09660817 -0.11404913  0.08327238  0.09599265  0.00049173 -0.08871763
  -0.08747747  0.07826596  0.13257259 -0.07921651  0.02917062  0.06543157
   0.11063087 -0.02993977 -0.05412497  0.02362953 -0.07726103 -0.09537823
   0.026739   -0.06973889 -0.03409171  0.06301112  0.00834879 -0.03320286
  -0.08072641  0.08159     0.0115983   0.04612895  0.13115093  0.07604918
   0.00747614  0.0109968  -0.05628801  0.12143657 -0.03072634  0.04456292
  -0.05261164 -0.07119729  0.09916382 -0.08121888  0.05115187 -0.05932131
   0.0877996  -0.00845499]]
[[ 0.22495797 -0.12922089 -0.16288598 -0.10680261 -0.05450336  0.05405071
  -0.01033987 -0.0267231   0.1297698   0.08977599 -0.16244537  0.1278522
  -0.03628267 -0.03507458 -0.00352968 -0.06314134  0.05446868 -0.04580007
   0.07530495 -0.06897441 -0.070256   -0.08678925 -0.06134143 -0.05879144
  -0.09677105 -0.09831458  0.04188856  0.15032905  0.02474196 -0.08943269
  -0.09793491  0.10137536  0.08683488  0.01920995  0.03887668 -0.03777905
   0.1471088  -0.1107558  -0.02595612 -0.06395689 -0.03436304  0.03793469
   0.13713928  0.05917628  0.1167259   0.1449156   0.12100868 -0.12279222
  -0.09240093 -0.01404335 -0.13070792 -0.06513248 -0.06383297 -0.09190176
   0.03513385  0.01105252 -0.15634263 -0.03054817  0.09459873 -0.09920678
   0.07710537  0.00284908 -0.05091842 -0.17924993 -0.01073716 -0.06939939
  -0.02105155  0.01457591 -0.00944819  0.11526745 -0.08582162 -0.09928071
  -0.02414012 -0.03897256  0.07134189  0.20876715 -0.04756847 -0.07681528
  -0.07687641 -0.1473992   0.15895532  0.02453494 -0.12216903  0.07348055
  -0.03144645 -0.07635456 -0.03401642  0.1797581  -0.02746965 -0.12121539
  -0.03673914 -0.08331019  0.10626636 -0.05859277  0.00719307 -0.08074384
  -0.04344601 -0.02106105 -0.09182569 -0.02094196  0.02380109  0.12889579
  -0.10107678 -0.04283835  0.02502475  0.00407486 -0.05525164 -0.20559345
  -0.07602705  0.01530703 -0.06737261 -0.09709376  0.07071    -0.00724633
   0.05769127 -0.1384058   0.01441994  0.09202545 -0.03294234 -0.08650555
  -0.15218292 -0.04669194 -0.04068698  0.01010269 -0.03032009 -0.07182121
  -0.02505323  0.0014471 ]
 [ 0.03585158 -0.10024766 -0.11543278 -0.04507267 -0.05517057  0.07618798
  -0.05692413  0.00227505  0.14013723  0.05848502 -0.07336597 -0.02271008
   0.04483199  0.07400186 -0.07955524 -0.00764338  0.01691285  0.03456718
   0.09922773  0.02673718  0.15861797  0.155328   -0.04304902  0.14939436
   0.01789944 -0.0383221   0.13447034  0.09280194  0.10794359 -0.05354434
  -0.08274301  0.12926017  0.05169606 -0.08213755  0.01320162  0.07607505
   0.16512105 -0.07462019  0.22587971 -0.08738271 -0.06389588  0.01172925
   0.00768723  0.09695753  0.15612756 -0.00649367  0.11516405 -0.03204703
   0.01372661 -0.01798942 -0.10011455  0.0871373   0.25106755 -0.06758399
   0.09673955  0.15521121 -0.12202975 -0.0927058   0.08247459 -0.08313386
   0.11560845  0.08275336  0.16003343 -0.07303985 -0.08881232  0.02849035
  -0.01865167 -0.06626844 -0.00307752  0.2458461  -0.00108529 -0.06598358
  -0.00559105 -0.09118468  0.12230583 -0.00902398  0.07185867 -0.04973279
  -0.02735133 -0.07940321  0.10888837 -0.08631197 -0.09439731  0.15708154
   0.09660817 -0.11404913  0.08327238  0.09599265  0.00049173 -0.08871763
  -0.08747747  0.07826596  0.13257259 -0.07921651  0.02917062  0.06543157
   0.11063087 -0.02993977 -0.05412497  0.02362953 -0.07726103 -0.09537823
   0.026739   -0.06973889 -0.03409171  0.06301112  0.00834879 -0.03320286
  -0.08072641  0.08159     0.0115983   0.04612895  0.13115093  0.07604918
   0.00747614  0.0109968  -0.05628801  0.12143657 -0.03072634  0.04456292
  -0.05261164 -0.07119729  0.09916382 -0.08121888  0.05115187 -0.05932131
   0.0877996  -0.00845499]]
