[[ 3.61555652e-03 -1.01447858e-01 -1.20550677e-01 -4.79197837e-02
  -5.99650741e-02  7.79544935e-02 -5.59551865e-02  1.60647295e-02
   1.37754232e-01  2.41711680e-02 -6.71818107e-02 -3.96301001e-02
   5.62054925e-02  8.88059735e-02 -8.33598077e-02 -1.64744779e-02
   3.25777456e-02  7.27377608e-02  9.80239287e-02  3.09143756e-02
   1.51922077e-01  1.58669457e-01 -4.93399017e-02  1.39803886e-01
   2.75534205e-02 -2.48142406e-02  1.37426421e-01  9.51299369e-02
   1.00684047e-01 -4.48629446e-02 -8.73724967e-02  1.26163915e-01
   7.47563094e-02 -8.01092610e-02  3.04021384e-03  6.52871430e-02
   1.51545912e-01 -6.96521029e-02  2.00309977e-01 -8.50237310e-02
  -6.23433255e-02  6.91507885e-04 -1.67185580e-03  1.05436973e-01
   1.61444902e-01 -4.71607782e-03  4.12829332e-02 -2.86109205e-02
   1.10244480e-04 -1.72881205e-02 -8.98008421e-02  1.11542150e-01
   2.66476065e-01 -6.14445060e-02  8.38689432e-02  1.53989717e-01
  -1.23464987e-01 -9.23556164e-02  7.90949464e-02 -8.47101808e-02
   1.27013147e-01  9.07505527e-02  1.93815753e-01 -6.63712844e-02
  -9.42754969e-02  5.70215955e-02 -7.52406614e-03 -6.09391183e-02
   3.14676110e-03  2.38073096e-01  9.55567788e-03 -6.02254160e-02
  -2.99346521e-02 -9.23001170e-02  1.15616255e-01 -2.90921647e-02
   6.37593940e-02 -5.04430756e-02 -4.41625416e-02 -5.58385998e-02
   9.31864604e-02 -9.12634432e-02 -9.63205472e-02  1.82701945e-01
   1.01108871e-01 -1.06297515e-01  8.46969336e-02  6.79244846e-02
  -1.29732015e-02 -8.37965533e-02 -8.71486813e-02  9.40804780e-02
   1.34593934e-01 -7.97182173e-02 -7.92803243e-04  7.14035705e-02
   1.18305385e-01 -3.41544226e-02 -4.16569896e-02  3.43533233e-02
  -7.24167898e-02 -9.32573155e-02  1.92385204e-02 -6.77422807e-02
  -3.76081765e-02  8.15941095e-02  2.85995677e-02 -4.46095914e-02
  -8.25446248e-02  7.52831846e-02  2.84930728e-02  4.48992997e-02
   9.20539573e-02  7.63158351e-02  6.86220778e-03  2.67308205e-02
  -6.54774904e-02  1.28378808e-01 -3.22401263e-02  6.45869672e-02
  -3.98124084e-02 -6.81219101e-02  9.29753557e-02 -8.47208574e-02
   5.94534948e-02 -5.52345999e-02  8.95068794e-02  1.12245334e-02]
 [ 2.41485700e-01 -1.13055073e-01 -1.44108117e-01 -1.31368369e-01
  -1.94180931e-03  3.48017439e-02  1.53446877e-02 -6.03351370e-02
   1.12088956e-01  8.29678327e-02 -1.67642012e-01  1.27240568e-01
  -1.69216900e-03 -2.47706659e-02 -3.09119336e-02 -7.86884874e-02
   5.52021079e-02 -3.79073992e-02  7.69988522e-02 -6.52659386e-02
  -6.94016889e-02 -7.67164379e-02 -5.64988554e-02 -4.74788658e-02
  -9.40755531e-02 -7.86690861e-02  1.25716133e-02  1.54979736e-01
   9.53282788e-03 -8.09579119e-02 -7.98402876e-02  1.29100442e-01
   9.24224183e-02  8.50317534e-03  3.79062481e-02 -3.22674438e-02
   1.58264533e-01 -1.23078175e-01 -2.39487365e-02 -6.20262511e-02
  -1.70854349e-02  4.38382886e-02  8.28619599e-02  7.93289542e-02
   9.73571241e-02  1.40406922e-01  9.10174623e-02 -1.21302649e-01
  -9.68588069e-02 -3.40530500e-02 -1.36842057e-01 -6.56900257e-02
  -6.96231425e-02 -8.21653754e-02  6.07940219e-02  1.91442936e-03
  -1.57410398e-01 -1.97518766e-02  1.12937890e-01 -9.70828235e-02
   1.07544862e-01 -9.08307917e-03 -6.26535565e-02 -1.75672546e-01
  -2.45467667e-02 -8.11838731e-02 -1.13946730e-02 -1.05952695e-02
  -9.18838568e-03  9.87271592e-02 -8.35193470e-02 -1.02903403e-01
  -2.97220442e-02 -6.67033717e-02  6.95012733e-02  2.03020036e-01
  -6.22236095e-02 -8.31284970e-02 -7.17924610e-02 -1.21357366e-01
   1.74387500e-01  5.18089943e-02 -1.29230797e-01  5.68824075e-02
  -2.12296732e-02 -6.03131168e-02 -9.99189797e-04  1.73908606e-01
  -4.24618572e-02 -1.35014415e-01 -4.11111750e-02 -6.49179816e-02
   1.11403778e-01 -7.34698921e-02  1.36213480e-02 -7.96106160e-02
  -2.80402564e-02 -2.24773623e-02 -7.26191178e-02 -1.18542621e-02
   4.93378788e-02  1.32662535e-01 -1.03503913e-01 -1.87078137e-02
  -9.90347285e-03 -9.03708674e-03 -5.12217283e-02 -2.08409294e-01
  -9.16995779e-02  1.98863875e-02 -8.67466778e-02 -9.25706998e-02
   9.00545493e-02  1.36732999e-02  6.18524812e-02 -1.30306020e-01
  -6.73206756e-03  8.49805325e-02 -2.49200668e-02 -1.00127712e-01
  -1.54496729e-01 -2.75369305e-02 -2.98768189e-02  1.45064695e-02
  -2.50576530e-02 -9.83219370e-02 -3.37089412e-02 -3.15801501e-02]]
[[ 3.61555652e-03 -1.01447858e-01 -1.20550677e-01 -4.79197837e-02
  -5.99650741e-02  7.79544935e-02 -5.59551865e-02  1.60647295e-02
   1.37754232e-01  2.41711680e-02 -6.71818107e-02 -3.96301001e-02
   5.62054925e-02  8.88059735e-02 -8.33598077e-02 -1.64744779e-02
   3.25777456e-02  7.27377608e-02  9.80239287e-02  3.09143756e-02
   1.51922077e-01  1.58669457e-01 -4.93399017e-02  1.39803886e-01
   2.75534205e-02 -2.48142406e-02  1.37426421e-01  9.51299369e-02
   1.00684047e-01 -4.48629446e-02 -8.73724967e-02  1.26163915e-01
   7.47563094e-02 -8.01092610e-02  3.04021384e-03  6.52871430e-02
   1.51545912e-01 -6.96521029e-02  2.00309977e-01 -8.50237310e-02
  -6.23433255e-02  6.91507885e-04 -1.67185580e-03  1.05436973e-01
   1.61444902e-01 -4.71607782e-03  4.12829332e-02 -2.86109205e-02
   1.10244480e-04 -1.72881205e-02 -8.98008421e-02  1.11542150e-01
   2.66476065e-01 -6.14445060e-02  8.38689432e-02  1.53989717e-01
  -1.23464987e-01 -9.23556164e-02  7.90949464e-02 -8.47101808e-02
   1.27013147e-01  9.07505527e-02  1.93815753e-01 -6.63712844e-02
  -9.42754969e-02  5.70215955e-02 -7.52406614e-03 -6.09391183e-02
   3.14676110e-03  2.38073096e-01  9.55567788e-03 -6.02254160e-02
  -2.99346521e-02 -9.23001170e-02  1.15616255e-01 -2.90921647e-02
   6.37593940e-02 -5.04430756e-02 -4.41625416e-02 -5.58385998e-02
   9.31864604e-02 -9.12634432e-02 -9.63205472e-02  1.82701945e-01
   1.01108871e-01 -1.06297515e-01  8.46969336e-02  6.79244846e-02
  -1.29732015e-02 -8.37965533e-02 -8.71486813e-02  9.40804780e-02
   1.34593934e-01 -7.97182173e-02 -7.92803243e-04  7.14035705e-02
   1.18305385e-01 -3.41544226e-02 -4.16569896e-02  3.43533233e-02
  -7.24167898e-02 -9.32573155e-02  1.92385204e-02 -6.77422807e-02
  -3.76081765e-02  8.15941095e-02  2.85995677e-02 -4.46095914e-02
  -8.25446248e-02  7.52831846e-02  2.84930728e-02  4.48992997e-02
   9.20539573e-02  7.63158351e-02  6.86220778e-03  2.67308205e-02
  -6.54774904e-02  1.28378808e-01 -3.22401263e-02  6.45869672e-02
  -3.98124084e-02 -6.81219101e-02  9.29753557e-02 -8.47208574e-02
   5.94534948e-02 -5.52345999e-02  8.95068794e-02  1.12245334e-02]
 [ 2.41485700e-01 -1.13055073e-01 -1.44108117e-01 -1.31368369e-01
  -1.94180931e-03  3.48017439e-02  1.53446877e-02 -6.03351370e-02
   1.12088956e-01  8.29678327e-02 -1.67642012e-01  1.27240568e-01
  -1.69216900e-03 -2.47706659e-02 -3.09119336e-02 -7.86884874e-02
   5.52021079e-02 -3.79073992e-02  7.69988522e-02 -6.52659386e-02
  -6.94016889e-02 -7.67164379e-02 -5.64988554e-02 -4.74788658e-02
  -9.40755531e-02 -7.86690861e-02  1.25716133e-02  1.54979736e-01
   9.53282788e-03 -8.09579119e-02 -7.98402876e-02  1.29100442e-01
   9.24224183e-02  8.50317534e-03  3.79062481e-02 -3.22674438e-02
   1.58264533e-01 -1.23078175e-01 -2.39487365e-02 -6.20262511e-02
  -1.70854349e-02  4.38382886e-02  8.28619599e-02  7.93289542e-02
   9.73571241e-02  1.40406922e-01  9.10174623e-02 -1.21302649e-01
  -9.68588069e-02 -3.40530500e-02 -1.36842057e-01 -6.56900257e-02
  -6.96231425e-02 -8.21653754e-02  6.07940219e-02  1.91442936e-03
  -1.57410398e-01 -1.97518766e-02  1.12937890e-01 -9.70828235e-02
   1.07544862e-01 -9.08307917e-03 -6.26535565e-02 -1.75672546e-01
  -2.45467667e-02 -8.11838731e-02 -1.13946730e-02 -1.05952695e-02
  -9.18838568e-03  9.87271592e-02 -8.35193470e-02 -1.02903403e-01
  -2.97220442e-02 -6.67033717e-02  6.95012733e-02  2.03020036e-01
  -6.22236095e-02 -8.31284970e-02 -7.17924610e-02 -1.21357366e-01
   1.74387500e-01  5.18089943e-02 -1.29230797e-01  5.68824075e-02
  -2.12296732e-02 -6.03131168e-02 -9.99189797e-04  1.73908606e-01
  -4.24618572e-02 -1.35014415e-01 -4.11111750e-02 -6.49179816e-02
   1.11403778e-01 -7.34698921e-02  1.36213480e-02 -7.96106160e-02
  -2.80402564e-02 -2.24773623e-02 -7.26191178e-02 -1.18542621e-02
   4.93378788e-02  1.32662535e-01 -1.03503913e-01 -1.87078137e-02
  -9.90347285e-03 -9.03708674e-03 -5.12217283e-02 -2.08409294e-01
  -9.16995779e-02  1.98863875e-02 -8.67466778e-02 -9.25706998e-02
   9.00545493e-02  1.36732999e-02  6.18524812e-02 -1.30306020e-01
  -6.73206756e-03  8.49805325e-02 -2.49200668e-02 -1.00127712e-01
  -1.54496729e-01 -2.75369305e-02 -2.98768189e-02  1.45064695e-02
  -2.50576530e-02 -9.83219370e-02 -3.37089412e-02 -3.15801501e-02]]
[[ 3.61555652e-03 -1.01447858e-01 -1.20550677e-01 -4.79197837e-02
  -5.99650741e-02  7.79544935e-02 -5.59551865e-02  1.60647295e-02
   1.37754232e-01  2.41711680e-02 -6.71818107e-02 -3.96301001e-02
   5.62054925e-02  8.88059735e-02 -8.33598077e-02 -1.64744779e-02
   3.25777456e-02  7.27377608e-02  9.80239287e-02  3.09143756e-02
   1.51922077e-01  1.58669457e-01 -4.93399017e-02  1.39803886e-01
   2.75534205e-02 -2.48142406e-02  1.37426421e-01  9.51299369e-02
   1.00684047e-01 -4.48629446e-02 -8.73724967e-02  1.26163915e-01
   7.47563094e-02 -8.01092610e-02  3.04021384e-03  6.52871430e-02
   1.51545912e-01 -6.96521029e-02  2.00309977e-01 -8.50237310e-02
  -6.23433255e-02  6.91507885e-04 -1.67185580e-03  1.05436973e-01
   1.61444902e-01 -4.71607782e-03  4.12829332e-02 -2.86109205e-02
   1.10244480e-04 -1.72881205e-02 -8.98008421e-02  1.11542150e-01
   2.66476065e-01 -6.14445060e-02  8.38689432e-02  1.53989717e-01
  -1.23464987e-01 -9.23556164e-02  7.90949464e-02 -8.47101808e-02
   1.27013147e-01  9.07505527e-02  1.93815753e-01 -6.63712844e-02
  -9.42754969e-02  5.70215955e-02 -7.52406614e-03 -6.09391183e-02
   3.14676110e-03  2.38073096e-01  9.55567788e-03 -6.02254160e-02
  -2.99346521e-02 -9.23001170e-02  1.15616255e-01 -2.90921647e-02
   6.37593940e-02 -5.04430756e-02 -4.41625416e-02 -5.58385998e-02
   9.31864604e-02 -9.12634432e-02 -9.63205472e-02  1.82701945e-01
   1.01108871e-01 -1.06297515e-01  8.46969336e-02  6.79244846e-02
  -1.29732015e-02 -8.37965533e-02 -8.71486813e-02  9.40804780e-02
   1.34593934e-01 -7.97182173e-02 -7.92803243e-04  7.14035705e-02
   1.18305385e-01 -3.41544226e-02 -4.16569896e-02  3.43533233e-02
  -7.24167898e-02 -9.32573155e-02  1.92385204e-02 -6.77422807e-02
  -3.76081765e-02  8.15941095e-02  2.85995677e-02 -4.46095914e-02
  -8.25446248e-02  7.52831846e-02  2.84930728e-02  4.48992997e-02
   9.20539573e-02  7.63158351e-02  6.86220778e-03  2.67308205e-02
  -6.54774904e-02  1.28378808e-01 -3.22401263e-02  6.45869672e-02
  -3.98124084e-02 -6.81219101e-02  9.29753557e-02 -8.47208574e-02
   5.94534948e-02 -5.52345999e-02  8.95068794e-02  1.12245334e-02]
 [ 2.41485700e-01 -1.13055073e-01 -1.44108117e-01 -1.31368369e-01
  -1.94180931e-03  3.48017439e-02  1.53446877e-02 -6.03351370e-02
   1.12088956e-01  8.29678327e-02 -1.67642012e-01  1.27240568e-01
  -1.69216900e-03 -2.47706659e-02 -3.09119336e-02 -7.86884874e-02
   5.52021079e-02 -3.79073992e-02  7.69988522e-02 -6.52659386e-02
  -6.94016889e-02 -7.67164379e-02 -5.64988554e-02 -4.74788658e-02
  -9.40755531e-02 -7.86690861e-02  1.25716133e-02  1.54979736e-01
   9.53282788e-03 -8.09579119e-02 -7.98402876e-02  1.29100442e-01
   9.24224183e-02  8.50317534e-03  3.79062481e-02 -3.22674438e-02
   1.58264533e-01 -1.23078175e-01 -2.39487365e-02 -6.20262511e-02
  -1.70854349e-02  4.38382886e-02  8.28619599e-02  7.93289542e-02
   9.73571241e-02  1.40406922e-01  9.10174623e-02 -1.21302649e-01
  -9.68588069e-02 -3.40530500e-02 -1.36842057e-01 -6.56900257e-02
  -6.96231425e-02 -8.21653754e-02  6.07940219e-02  1.91442936e-03
  -1.57410398e-01 -1.97518766e-02  1.12937890e-01 -9.70828235e-02
   1.07544862e-01 -9.08307917e-03 -6.26535565e-02 -1.75672546e-01
  -2.45467667e-02 -8.11838731e-02 -1.13946730e-02 -1.05952695e-02
  -9.18838568e-03  9.87271592e-02 -8.35193470e-02 -1.02903403e-01
  -2.97220442e-02 -6.67033717e-02  6.95012733e-02  2.03020036e-01
  -6.22236095e-02 -8.31284970e-02 -7.17924610e-02 -1.21357366e-01
   1.74387500e-01  5.18089943e-02 -1.29230797e-01  5.68824075e-02
  -2.12296732e-02 -6.03131168e-02 -9.99189797e-04  1.73908606e-01
  -4.24618572e-02 -1.35014415e-01 -4.11111750e-02 -6.49179816e-02
   1.11403778e-01 -7.34698921e-02  1.36213480e-02 -7.96106160e-02
  -2.80402564e-02 -2.24773623e-02 -7.26191178e-02 -1.18542621e-02
   4.93378788e-02  1.32662535e-01 -1.03503913e-01 -1.87078137e-02
  -9.90347285e-03 -9.03708674e-03 -5.12217283e-02 -2.08409294e-01
  -9.16995779e-02  1.98863875e-02 -8.67466778e-02 -9.25706998e-02
   9.00545493e-02  1.36732999e-02  6.18524812e-02 -1.30306020e-01
  -6.73206756e-03  8.49805325e-02 -2.49200668e-02 -1.00127712e-01
  -1.54496729e-01 -2.75369305e-02 -2.98768189e-02  1.45064695e-02
  -2.50576530e-02 -9.83219370e-02 -3.37089412e-02 -3.15801501e-02]]
