[[ 0.22795452 -0.12960353 -0.1846729  -0.134113   -0.02394796  0.05549086
  -0.01720621  0.0076713   0.10501643  0.12506612 -0.14147224  0.09426973
   0.01502398 -0.03965582  0.05344865 -0.06861521  0.09525899 -0.04623765
   0.07717767 -0.01149078 -0.04071671 -0.04094345  0.0077329  -0.00939833
  -0.07496605 -0.07144826  0.05312068  0.19782941  0.07402305 -0.08257063
  -0.08392221  0.13952215  0.15324125 -0.01472542  0.05168255  0.00957787
   0.12226245 -0.11501441  0.01317328 -0.08497264 -0.03232786  0.01398113
   0.10014617  0.02582996  0.17816854  0.14903446  0.18321437 -0.0937331
  -0.05508322 -0.00167111 -0.14332251 -0.0535075  -0.02721628 -0.05741576
   0.11436541  0.078367   -0.13989288 -0.00880146  0.09627815 -0.05448144
   0.12514666  0.07666046 -0.01136643 -0.15338047  0.03951618 -0.03944978
  -0.04985425  0.01167686  0.00589159  0.20954907 -0.06524832 -0.06574547
  -0.00952792 -0.03377828  0.08225127  0.21878731 -0.02070371 -0.04580509
  -0.03018568 -0.12930487  0.15153009  0.01162673 -0.11764599  0.10623342
  -0.05212915 -0.07014674  0.02640234  0.16364948  0.04613875 -0.09279622
  -0.03316523 -0.03824013  0.1559232  -0.04622869  0.01533815 -0.03542329
  -0.03134048 -0.01528381 -0.07710319 -0.01394172 -0.00249893  0.10675697
  -0.05010688 -0.0422973  -0.05271245  0.02425961  0.02517147 -0.17156582
  -0.04078145  0.08450083 -0.07332548 -0.07296337  0.01351512  0.01826647
   0.03423992 -0.11548193  0.06790715  0.12405699 -0.00356806 -0.08444009
  -0.12811986 -0.02329171 -0.0033211  -0.03666602 -0.00418129 -0.03640876
   0.0624604   0.01693005]
 [ 0.04036124 -0.10151392 -0.11277886 -0.05074723 -0.02752936  0.07269395
  -0.06526803  0.00245167  0.15483782  0.05444768 -0.0687979  -0.0271834
   0.04512321  0.01423001 -0.08807582 -0.00531534  0.03100814  0.04161802
   0.1006525   0.03003052  0.15398563  0.16920698 -0.02721009  0.14749417
   0.00622566 -0.04044706  0.11504227  0.08897299  0.11584679 -0.0631188
  -0.074133    0.10973918  0.03916514 -0.06448602  0.03496695  0.05600948
   0.17840825 -0.08449772  0.22556828 -0.08745536 -0.05808596  0.02158796
   0.00642647  0.06812162  0.147353    0.00606383  0.10573486 -0.03781532
   0.02624601 -0.01013732 -0.10022865  0.04786669  0.23852573 -0.06298923
   0.12338971  0.1738115  -0.12371073 -0.08047164  0.08965527 -0.08142887
   0.11509929  0.07693958  0.13304399 -0.07202143 -0.09230808  0.03029107
  -0.00450597 -0.07168402  0.01202299  0.23939133  0.01976205 -0.0663984
   0.0027348  -0.08842129  0.14373334  0.01346953  0.09749096 -0.05510319
  -0.01224672 -0.081682    0.15666272 -0.08821964 -0.09561637  0.15332536
   0.09738552 -0.12043693  0.07847777  0.11927359  0.00115513 -0.07631974
  -0.07796194  0.05426477  0.16483758 -0.07470459  0.04090123  0.04169719
   0.11582151 -0.03539867 -0.04785416  0.02949279 -0.08063861 -0.09472463
   0.03218159 -0.06263919  0.00566598  0.03645249  0.02500893 -0.04461795
  -0.07858012  0.08673123 -0.00764208  0.01326788  0.10826331  0.09668868
   0.01042954  0.00381024 -0.04146844  0.11506159 -0.03825277 -0.00122877
  -0.05489351 -0.07833389  0.11683312 -0.08025011  0.05293607 -0.05979191
   0.09849589 -0.03138327]]
[[ 0.22795452 -0.12960353 -0.1846729  -0.134113   -0.02394796  0.05549086
  -0.01720621  0.0076713   0.10501643  0.12506612 -0.14147224  0.09426973
   0.01502398 -0.03965582  0.05344865 -0.06861521  0.09525899 -0.04623765
   0.07717767 -0.01149078 -0.04071671 -0.04094345  0.0077329  -0.00939833
  -0.07496605 -0.07144826  0.05312068  0.19782941  0.07402305 -0.08257063
  -0.08392221  0.13952215  0.15324125 -0.01472542  0.05168255  0.00957787
   0.12226245 -0.11501441  0.01317328 -0.08497264 -0.03232786  0.01398113
   0.10014617  0.02582996  0.17816854  0.14903446  0.18321437 -0.0937331
  -0.05508322 -0.00167111 -0.14332251 -0.0535075  -0.02721628 -0.05741576
   0.11436541  0.078367   -0.13989288 -0.00880146  0.09627815 -0.05448144
   0.12514666  0.07666046 -0.01136643 -0.15338047  0.03951618 -0.03944978
  -0.04985425  0.01167686  0.00589159  0.20954907 -0.06524832 -0.06574547
  -0.00952792 -0.03377828  0.08225127  0.21878731 -0.02070371 -0.04580509
  -0.03018568 -0.12930487  0.15153009  0.01162673 -0.11764599  0.10623342
  -0.05212915 -0.07014674  0.02640234  0.16364948  0.04613875 -0.09279622
  -0.03316523 -0.03824013  0.1559232  -0.04622869  0.01533815 -0.03542329
  -0.03134048 -0.01528381 -0.07710319 -0.01394172 -0.00249893  0.10675697
  -0.05010688 -0.0422973  -0.05271245  0.02425961  0.02517147 -0.17156582
  -0.04078145  0.08450083 -0.07332548 -0.07296337  0.01351512  0.01826647
   0.03423992 -0.11548193  0.06790715  0.12405699 -0.00356806 -0.08444009
  -0.12811986 -0.02329171 -0.0033211  -0.03666602 -0.00418129 -0.03640876
   0.0624604   0.01693005]
 [ 0.04036124 -0.10151392 -0.11277886 -0.05074723 -0.02752936  0.07269395
  -0.06526803  0.00245167  0.15483782  0.05444768 -0.0687979  -0.0271834
   0.04512321  0.01423001 -0.08807582 -0.00531534  0.03100814  0.04161802
   0.1006525   0.03003052  0.15398563  0.16920698 -0.02721009  0.14749417
   0.00622566 -0.04044706  0.11504227  0.08897299  0.11584679 -0.0631188
  -0.074133    0.10973918  0.03916514 -0.06448602  0.03496695  0.05600948
   0.17840825 -0.08449772  0.22556828 -0.08745536 -0.05808596  0.02158796
   0.00642647  0.06812162  0.147353    0.00606383  0.10573486 -0.03781532
   0.02624601 -0.01013732 -0.10022865  0.04786669  0.23852573 -0.06298923
   0.12338971  0.1738115  -0.12371073 -0.08047164  0.08965527 -0.08142887
   0.11509929  0.07693958  0.13304399 -0.07202143 -0.09230808  0.03029107
  -0.00450597 -0.07168402  0.01202299  0.23939133  0.01976205 -0.0663984
   0.0027348  -0.08842129  0.14373334  0.01346953  0.09749096 -0.05510319
  -0.01224672 -0.081682    0.15666272 -0.08821964 -0.09561637  0.15332536
   0.09738552 -0.12043693  0.07847777  0.11927359  0.00115513 -0.07631974
  -0.07796194  0.05426477  0.16483758 -0.07470459  0.04090123  0.04169719
   0.11582151 -0.03539867 -0.04785416  0.02949279 -0.08063861 -0.09472463
   0.03218159 -0.06263919  0.00566598  0.03645249  0.02500893 -0.04461795
  -0.07858012  0.08673123 -0.00764208  0.01326788  0.10826331  0.09668868
   0.01042954  0.00381024 -0.04146844  0.11506159 -0.03825277 -0.00122877
  -0.05489351 -0.07833389  0.11683312 -0.08025011  0.05293607 -0.05979191
   0.09849589 -0.03138327]]
[[ 0.22795452 -0.12960353 -0.1846729  -0.134113   -0.02394796  0.05549086
  -0.01720621  0.0076713   0.10501643  0.12506612 -0.14147224  0.09426973
   0.01502398 -0.03965582  0.05344865 -0.06861521  0.09525899 -0.04623765
   0.07717767 -0.01149078 -0.04071671 -0.04094345  0.0077329  -0.00939833
  -0.07496605 -0.07144826  0.05312068  0.19782941  0.07402305 -0.08257063
  -0.08392221  0.13952215  0.15324125 -0.01472542  0.05168255  0.00957787
   0.12226245 -0.11501441  0.01317328 -0.08497264 -0.03232786  0.01398113
   0.10014617  0.02582996  0.17816854  0.14903446  0.18321437 -0.0937331
  -0.05508322 -0.00167111 -0.14332251 -0.0535075  -0.02721628 -0.05741576
   0.11436541  0.078367   -0.13989288 -0.00880146  0.09627815 -0.05448144
   0.12514666  0.07666046 -0.01136643 -0.15338047  0.03951618 -0.03944978
  -0.04985425  0.01167686  0.00589159  0.20954907 -0.06524832 -0.06574547
  -0.00952792 -0.03377828  0.08225127  0.21878731 -0.02070371 -0.04580509
  -0.03018568 -0.12930487  0.15153009  0.01162673 -0.11764599  0.10623342
  -0.05212915 -0.07014674  0.02640234  0.16364948  0.04613875 -0.09279622
  -0.03316523 -0.03824013  0.1559232  -0.04622869  0.01533815 -0.03542329
  -0.03134048 -0.01528381 -0.07710319 -0.01394172 -0.00249893  0.10675697
  -0.05010688 -0.0422973  -0.05271245  0.02425961  0.02517147 -0.17156582
  -0.04078145  0.08450083 -0.07332548 -0.07296337  0.01351512  0.01826647
   0.03423992 -0.11548193  0.06790715  0.12405699 -0.00356806 -0.08444009
  -0.12811986 -0.02329171 -0.0033211  -0.03666602 -0.00418129 -0.03640876
   0.0624604   0.01693005]
 [ 0.04036124 -0.10151392 -0.11277886 -0.05074723 -0.02752936  0.07269395
  -0.06526803  0.00245167  0.15483782  0.05444768 -0.0687979  -0.0271834
   0.04512321  0.01423001 -0.08807582 -0.00531534  0.03100814  0.04161802
   0.1006525   0.03003052  0.15398563  0.16920698 -0.02721009  0.14749417
   0.00622566 -0.04044706  0.11504227  0.08897299  0.11584679 -0.0631188
  -0.074133    0.10973918  0.03916514 -0.06448602  0.03496695  0.05600948
   0.17840825 -0.08449772  0.22556828 -0.08745536 -0.05808596  0.02158796
   0.00642647  0.06812162  0.147353    0.00606383  0.10573486 -0.03781532
   0.02624601 -0.01013732 -0.10022865  0.04786669  0.23852573 -0.06298923
   0.12338971  0.1738115  -0.12371073 -0.08047164  0.08965527 -0.08142887
   0.11509929  0.07693958  0.13304399 -0.07202143 -0.09230808  0.03029107
  -0.00450597 -0.07168402  0.01202299  0.23939133  0.01976205 -0.0663984
   0.0027348  -0.08842129  0.14373334  0.01346953  0.09749096 -0.05510319
  -0.01224672 -0.081682    0.15666272 -0.08821964 -0.09561637  0.15332536
   0.09738552 -0.12043693  0.07847777  0.11927359  0.00115513 -0.07631974
  -0.07796194  0.05426477  0.16483758 -0.07470459  0.04090123  0.04169719
   0.11582151 -0.03539867 -0.04785416  0.02949279 -0.08063861 -0.09472463
   0.03218159 -0.06263919  0.00566598  0.03645249  0.02500893 -0.04461795
  -0.07858012  0.08673123 -0.00764208  0.01326788  0.10826331  0.09668868
   0.01042954  0.00381024 -0.04146844  0.11506159 -0.03825277 -0.00122877
  -0.05489351 -0.07833389  0.11683312 -0.08025011  0.05293607 -0.05979191
   0.09849589 -0.03138327]]
