[[ 0.2383151  -0.1359527  -0.18511422 -0.10832551 -0.06369989  0.06214984
  -0.02783228 -0.0261394   0.12325568  0.11728987 -0.1586931   0.11652122
  -0.03185379 -0.00642413  0.01729424 -0.04725304  0.04097637 -0.06982312
   0.09349542 -0.03657148 -0.0638428  -0.0802671  -0.05232022 -0.05750261
  -0.09411756 -0.09716231  0.04773716  0.15911663  0.04456215 -0.09031546
  -0.09478426  0.08752681  0.11256476  0.01616864  0.03891795 -0.01396878
   0.11696543 -0.10980666 -0.015256   -0.06384957 -0.03284351  0.03526962
   0.15199594  0.0712564   0.12387807  0.1501489   0.15940464 -0.11671318
  -0.09343197 -0.00977843 -0.13415854 -0.07098026 -0.04175539 -0.0862555
   0.06669217  0.01646448 -0.14076757 -0.0198912   0.08496445 -0.08810496
   0.07354899  0.01146621 -0.02942277 -0.17365704  0.02999534 -0.06786329
  -0.02876218  0.02768586 -0.00861323  0.13894463 -0.08236385 -0.08231615
  -0.02699741 -0.02502426  0.05848608  0.22844815 -0.06201242 -0.06854362
  -0.07214296 -0.13653626  0.13884006  0.01384494 -0.1185015   0.08376274
  -0.04766386 -0.06633524 -0.02812257  0.19437426  0.00698281 -0.10918502
  -0.02159183 -0.06698556  0.12866575 -0.04430027  0.03514805 -0.06527194
  -0.04952291 -0.01587646 -0.09296028 -0.023871    0.00258341  0.12551242
  -0.08444225 -0.05016505  0.01640216  0.0136682  -0.04547572 -0.20017616
  -0.05157929  0.0408421  -0.06213811 -0.09254778  0.0396367  -0.0149507
   0.03761619 -0.13984531  0.04799441  0.09702062 -0.01281308 -0.07327539
  -0.14587544 -0.04833816 -0.03103371 -0.00246656 -0.02284406 -0.05708722
   0.0048873   0.03675688]
 [ 0.05406641 -0.09865697 -0.11312301 -0.05306466 -0.03620175  0.08697438
  -0.06274045 -0.01127733  0.13952552  0.04671673 -0.07010678 -0.03253131
   0.04809805  0.06301635 -0.0780476  -0.00634081  0.02103445  0.03342586
   0.10481879  0.02153803  0.18385696  0.1679615  -0.04364243  0.15785417
   0.01747965 -0.03605249  0.12123738  0.08281322  0.10346898 -0.05819436
  -0.07755286  0.1396243   0.06077668 -0.06540772  0.02511624  0.06546904
   0.15955077 -0.0743234   0.23831403 -0.08048543 -0.06620882  0.01430904
   0.00337682  0.08828549  0.16155681 -0.01213594  0.11629904 -0.0216454
   0.01132821 -0.00836897 -0.09862319  0.0720716   0.24214275 -0.06889234
   0.10289341  0.16501172 -0.11914802 -0.07846218  0.08449666 -0.08173858
   0.10117225  0.08788721  0.1670258  -0.07426659 -0.08421913  0.03089051
  -0.01520237 -0.06616082 -0.00673406  0.2467584   0.01807192 -0.06147439
  -0.00027151 -0.09222998  0.10602713 -0.01497364  0.07538529 -0.05015419
  -0.02320348 -0.0756695   0.11025652 -0.08426247 -0.09280249  0.15495431
   0.09114616 -0.10723981  0.08201864  0.09291581  0.01662384 -0.08914857
  -0.08236589  0.07394767  0.12639289 -0.07773197  0.02618699  0.06731281
   0.11733835 -0.02435111 -0.05290553  0.02505214 -0.07723986 -0.09242972
   0.02005471 -0.06396164 -0.0233337   0.05252381  0.01371578 -0.03461227
  -0.08055456  0.09336074 -0.00115606  0.0456872   0.13205867  0.07932362
   0.00244382  0.01202574 -0.05038471  0.11382533 -0.02275774  0.03900582
  -0.05509154 -0.07077496  0.11472288 -0.08138071  0.06239171 -0.0598342
   0.09934814 -0.01589412]]
[[ 0.2383151  -0.1359527  -0.18511422 -0.10832551 -0.06369989  0.06214984
  -0.02783228 -0.0261394   0.12325568  0.11728987 -0.1586931   0.11652122
  -0.03185379 -0.00642413  0.01729424 -0.04725304  0.04097637 -0.06982312
   0.09349542 -0.03657148 -0.0638428  -0.0802671  -0.05232022 -0.05750261
  -0.09411756 -0.09716231  0.04773716  0.15911663  0.04456215 -0.09031546
  -0.09478426  0.08752681  0.11256476  0.01616864  0.03891795 -0.01396878
   0.11696543 -0.10980666 -0.015256   -0.06384957 -0.03284351  0.03526962
   0.15199594  0.0712564   0.12387807  0.1501489   0.15940464 -0.11671318
  -0.09343197 -0.00977843 -0.13415854 -0.07098026 -0.04175539 -0.0862555
   0.06669217  0.01646448 -0.14076757 -0.0198912   0.08496445 -0.08810496
   0.07354899  0.01146621 -0.02942277 -0.17365704  0.02999534 -0.06786329
  -0.02876218  0.02768586 -0.00861323  0.13894463 -0.08236385 -0.08231615
  -0.02699741 -0.02502426  0.05848608  0.22844815 -0.06201242 -0.06854362
  -0.07214296 -0.13653626  0.13884006  0.01384494 -0.1185015   0.08376274
  -0.04766386 -0.06633524 -0.02812257  0.19437426  0.00698281 -0.10918502
  -0.02159183 -0.06698556  0.12866575 -0.04430027  0.03514805 -0.06527194
  -0.04952291 -0.01587646 -0.09296028 -0.023871    0.00258341  0.12551242
  -0.08444225 -0.05016505  0.01640216  0.0136682  -0.04547572 -0.20017616
  -0.05157929  0.0408421  -0.06213811 -0.09254778  0.0396367  -0.0149507
   0.03761619 -0.13984531  0.04799441  0.09702062 -0.01281308 -0.07327539
  -0.14587544 -0.04833816 -0.03103371 -0.00246656 -0.02284406 -0.05708722
   0.0048873   0.03675688]
 [ 0.05406641 -0.09865697 -0.11312301 -0.05306466 -0.03620175  0.08697438
  -0.06274045 -0.01127733  0.13952552  0.04671673 -0.07010678 -0.03253131
   0.04809805  0.06301635 -0.0780476  -0.00634081  0.02103445  0.03342586
   0.10481879  0.02153803  0.18385696  0.1679615  -0.04364243  0.15785417
   0.01747965 -0.03605249  0.12123738  0.08281322  0.10346898 -0.05819436
  -0.07755286  0.1396243   0.06077668 -0.06540772  0.02511624  0.06546904
   0.15955077 -0.0743234   0.23831403 -0.08048543 -0.06620882  0.01430904
   0.00337682  0.08828549  0.16155681 -0.01213594  0.11629904 -0.0216454
   0.01132821 -0.00836897 -0.09862319  0.0720716   0.24214275 -0.06889234
   0.10289341  0.16501172 -0.11914802 -0.07846218  0.08449666 -0.08173858
   0.10117225  0.08788721  0.1670258  -0.07426659 -0.08421913  0.03089051
  -0.01520237 -0.06616082 -0.00673406  0.2467584   0.01807192 -0.06147439
  -0.00027151 -0.09222998  0.10602713 -0.01497364  0.07538529 -0.05015419
  -0.02320348 -0.0756695   0.11025652 -0.08426247 -0.09280249  0.15495431
   0.09114616 -0.10723981  0.08201864  0.09291581  0.01662384 -0.08914857
  -0.08236589  0.07394767  0.12639289 -0.07773197  0.02618699  0.06731281
   0.11733835 -0.02435111 -0.05290553  0.02505214 -0.07723986 -0.09242972
   0.02005471 -0.06396164 -0.0233337   0.05252381  0.01371578 -0.03461227
  -0.08055456  0.09336074 -0.00115606  0.0456872   0.13205867  0.07932362
   0.00244382  0.01202574 -0.05038471  0.11382533 -0.02275774  0.03900582
  -0.05509154 -0.07077496  0.11472288 -0.08138071  0.06239171 -0.0598342
   0.09934814 -0.01589412]]
[[ 0.2383151  -0.1359527  -0.18511422 -0.10832551 -0.06369989  0.06214984
  -0.02783228 -0.0261394   0.12325568  0.11728987 -0.1586931   0.11652122
  -0.03185379 -0.00642413  0.01729424 -0.04725304  0.04097637 -0.06982312
   0.09349542 -0.03657148 -0.0638428  -0.0802671  -0.05232022 -0.05750261
  -0.09411756 -0.09716231  0.04773716  0.15911663  0.04456215 -0.09031546
  -0.09478426  0.08752681  0.11256476  0.01616864  0.03891795 -0.01396878
   0.11696543 -0.10980666 -0.015256   -0.06384957 -0.03284351  0.03526962
   0.15199594  0.0712564   0.12387807  0.1501489   0.15940464 -0.11671318
  -0.09343197 -0.00977843 -0.13415854 -0.07098026 -0.04175539 -0.0862555
   0.06669217  0.01646448 -0.14076757 -0.0198912   0.08496445 -0.08810496
   0.07354899  0.01146621 -0.02942277 -0.17365704  0.02999534 -0.06786329
  -0.02876218  0.02768586 -0.00861323  0.13894463 -0.08236385 -0.08231615
  -0.02699741 -0.02502426  0.05848608  0.22844815 -0.06201242 -0.06854362
  -0.07214296 -0.13653626  0.13884006  0.01384494 -0.1185015   0.08376274
  -0.04766386 -0.06633524 -0.02812257  0.19437426  0.00698281 -0.10918502
  -0.02159183 -0.06698556  0.12866575 -0.04430027  0.03514805 -0.06527194
  -0.04952291 -0.01587646 -0.09296028 -0.023871    0.00258341  0.12551242
  -0.08444225 -0.05016505  0.01640216  0.0136682  -0.04547572 -0.20017616
  -0.05157929  0.0408421  -0.06213811 -0.09254778  0.0396367  -0.0149507
   0.03761619 -0.13984531  0.04799441  0.09702062 -0.01281308 -0.07327539
  -0.14587544 -0.04833816 -0.03103371 -0.00246656 -0.02284406 -0.05708722
   0.0048873   0.03675688]
 [ 0.05406641 -0.09865697 -0.11312301 -0.05306466 -0.03620175  0.08697438
  -0.06274045 -0.01127733  0.13952552  0.04671673 -0.07010678 -0.03253131
   0.04809805  0.06301635 -0.0780476  -0.00634081  0.02103445  0.03342586
   0.10481879  0.02153803  0.18385696  0.1679615  -0.04364243  0.15785417
   0.01747965 -0.03605249  0.12123738  0.08281322  0.10346898 -0.05819436
  -0.07755286  0.1396243   0.06077668 -0.06540772  0.02511624  0.06546904
   0.15955077 -0.0743234   0.23831403 -0.08048543 -0.06620882  0.01430904
   0.00337682  0.08828549  0.16155681 -0.01213594  0.11629904 -0.0216454
   0.01132821 -0.00836897 -0.09862319  0.0720716   0.24214275 -0.06889234
   0.10289341  0.16501172 -0.11914802 -0.07846218  0.08449666 -0.08173858
   0.10117225  0.08788721  0.1670258  -0.07426659 -0.08421913  0.03089051
  -0.01520237 -0.06616082 -0.00673406  0.2467584   0.01807192 -0.06147439
  -0.00027151 -0.09222998  0.10602713 -0.01497364  0.07538529 -0.05015419
  -0.02320348 -0.0756695   0.11025652 -0.08426247 -0.09280249  0.15495431
   0.09114616 -0.10723981  0.08201864  0.09291581  0.01662384 -0.08914857
  -0.08236589  0.07394767  0.12639289 -0.07773197  0.02618699  0.06731281
   0.11733835 -0.02435111 -0.05290553  0.02505214 -0.07723986 -0.09242972
   0.02005471 -0.06396164 -0.0233337   0.05252381  0.01371578 -0.03461227
  -0.08055456  0.09336074 -0.00115606  0.0456872   0.13205867  0.07932362
   0.00244382  0.01202574 -0.05038471  0.11382533 -0.02275774  0.03900582
  -0.05509154 -0.07077496  0.11472288 -0.08138071  0.06239171 -0.0598342
   0.09934814 -0.01589412]]
