[[ 0.23281635 -0.1303987  -0.18833111 -0.13879223 -0.0238341   0.04288035
  -0.01136194  0.01666532  0.10306368  0.1151468  -0.13831067  0.08829065
   0.0098146  -0.04987146  0.04407228 -0.08914077  0.11652451 -0.0451111
   0.0821007  -0.03008426 -0.04997488 -0.02977273  0.02260089 -0.01304111
  -0.07353621 -0.07227203  0.03837066  0.21480523  0.07653888 -0.08669518
  -0.08916336  0.14655897  0.11945037 -0.01403238  0.07550122  0.0185861
   0.10929203 -0.11469805  0.00647487 -0.08538412 -0.02051442  0.01268515
   0.07172206  0.01791842  0.17498738  0.15127051  0.19685204 -0.09089917
  -0.04303649 -0.01193031 -0.14253217 -0.05032283 -0.04071084 -0.04102401
   0.11415804  0.07284255 -0.15255654 -0.00482955  0.10060927 -0.05101542
   0.13193609  0.06550214 -0.00820514 -0.15045892  0.05549617 -0.03275875
  -0.05514899 -0.01021271  0.00990521  0.21386482 -0.05789315 -0.06592813
  -0.01244492 -0.03501854  0.08288632  0.20153262 -0.00805371 -0.04074102
  -0.01918198 -0.12618855  0.15840176  0.00688237 -0.11713314  0.10763396
  -0.04955205 -0.06678764  0.03280229  0.15825246  0.03572171 -0.10187257
  -0.03768829 -0.04398241  0.14175968 -0.04020756  0.02516868 -0.03339222
  -0.02977479 -0.00873208 -0.08011948 -0.0100904   0.00294537  0.09371761
  -0.05120633 -0.04771753 -0.0617222   0.02173619  0.02917285 -0.16536163
  -0.05386363  0.09153991 -0.07851755 -0.08162849  0.00079734  0.02258819
   0.04149115 -0.11698631  0.07447551  0.11291476 -0.01392374 -0.08733397
  -0.12567614 -0.02745352 -0.0077444  -0.04301507 -0.00686553 -0.03717482
   0.06091201 -0.00921659]
 [ 0.03601402 -0.10498816 -0.12212439 -0.0669488  -0.01449489  0.06964227
  -0.05556051  0.00741586  0.15259969  0.06775869 -0.06635638 -0.03018891
   0.05024075  0.03611049 -0.08697852  0.00093     0.03639859  0.04491735
   0.0932592   0.01647421  0.16473606  0.17053793 -0.02302559  0.13841726
   0.01229597 -0.04843463  0.12154999  0.07229204  0.10572856 -0.06484074
  -0.07336099  0.07560095  0.03942294 -0.05792039  0.04335722  0.04941935
   0.18008782 -0.08776192  0.21057071 -0.08751847 -0.06101425  0.00862886
   0.01891267  0.08817545  0.14160146  0.01696791  0.10507365 -0.04288756
   0.02797562 -0.01611661 -0.10620755  0.03474676  0.24243501 -0.06667444
   0.12959468  0.17169732 -0.12182357 -0.0692075   0.09069604 -0.08591872
   0.12157952  0.06646683  0.13417037 -0.07308039 -0.08845217  0.03871917
  -0.01533324 -0.06946936 -0.00351051  0.2513422   0.01077642 -0.06811376
   0.00662343 -0.08488759  0.1379595   0.01819812  0.08573619 -0.05931054
  -0.00545091 -0.0898188   0.1711113  -0.09125387 -0.09781353  0.13268416
   0.09961657 -0.10939658  0.07009739  0.12750709  0.01822027 -0.07916691
  -0.07492467  0.07745647  0.15616791 -0.07394498  0.03683617  0.04353945
   0.10763329 -0.04179088 -0.05516881  0.04676278 -0.09364067 -0.09462109
   0.02719274 -0.0568081  -0.00075069  0.05233439  0.03436382 -0.03784465
  -0.07314263  0.09388813 -0.00971734  0.01119528  0.11519957  0.08328108
   0.02651962 -0.00812335 -0.03579572  0.11713117 -0.03852344  0.01113457
  -0.05251025 -0.07859877  0.11225104 -0.08110362  0.04903022 -0.05381471
   0.10809246 -0.03522771]]
[[ 0.23281635 -0.1303987  -0.18833111 -0.13879223 -0.0238341   0.04288035
  -0.01136194  0.01666532  0.10306368  0.1151468  -0.13831067  0.08829065
   0.0098146  -0.04987146  0.04407228 -0.08914077  0.11652451 -0.0451111
   0.0821007  -0.03008426 -0.04997488 -0.02977273  0.02260089 -0.01304111
  -0.07353621 -0.07227203  0.03837066  0.21480523  0.07653888 -0.08669518
  -0.08916336  0.14655897  0.11945037 -0.01403238  0.07550122  0.0185861
   0.10929203 -0.11469805  0.00647487 -0.08538412 -0.02051442  0.01268515
   0.07172206  0.01791842  0.17498738  0.15127051  0.19685204 -0.09089917
  -0.04303649 -0.01193031 -0.14253217 -0.05032283 -0.04071084 -0.04102401
   0.11415804  0.07284255 -0.15255654 -0.00482955  0.10060927 -0.05101542
   0.13193609  0.06550214 -0.00820514 -0.15045892  0.05549617 -0.03275875
  -0.05514899 -0.01021271  0.00990521  0.21386482 -0.05789315 -0.06592813
  -0.01244492 -0.03501854  0.08288632  0.20153262 -0.00805371 -0.04074102
  -0.01918198 -0.12618855  0.15840176  0.00688237 -0.11713314  0.10763396
  -0.04955205 -0.06678764  0.03280229  0.15825246  0.03572171 -0.10187257
  -0.03768829 -0.04398241  0.14175968 -0.04020756  0.02516868 -0.03339222
  -0.02977479 -0.00873208 -0.08011948 -0.0100904   0.00294537  0.09371761
  -0.05120633 -0.04771753 -0.0617222   0.02173619  0.02917285 -0.16536163
  -0.05386363  0.09153991 -0.07851755 -0.08162849  0.00079734  0.02258819
   0.04149115 -0.11698631  0.07447551  0.11291476 -0.01392374 -0.08733397
  -0.12567614 -0.02745352 -0.0077444  -0.04301507 -0.00686553 -0.03717482
   0.06091201 -0.00921659]
 [ 0.03601402 -0.10498816 -0.12212439 -0.0669488  -0.01449489  0.06964227
  -0.05556051  0.00741586  0.15259969  0.06775869 -0.06635638 -0.03018891
   0.05024075  0.03611049 -0.08697852  0.00093     0.03639859  0.04491735
   0.0932592   0.01647421  0.16473606  0.17053793 -0.02302559  0.13841726
   0.01229597 -0.04843463  0.12154999  0.07229204  0.10572856 -0.06484074
  -0.07336099  0.07560095  0.03942294 -0.05792039  0.04335722  0.04941935
   0.18008782 -0.08776192  0.21057071 -0.08751847 -0.06101425  0.00862886
   0.01891267  0.08817545  0.14160146  0.01696791  0.10507365 -0.04288756
   0.02797562 -0.01611661 -0.10620755  0.03474676  0.24243501 -0.06667444
   0.12959468  0.17169732 -0.12182357 -0.0692075   0.09069604 -0.08591872
   0.12157952  0.06646683  0.13417037 -0.07308039 -0.08845217  0.03871917
  -0.01533324 -0.06946936 -0.00351051  0.2513422   0.01077642 -0.06811376
   0.00662343 -0.08488759  0.1379595   0.01819812  0.08573619 -0.05931054
  -0.00545091 -0.0898188   0.1711113  -0.09125387 -0.09781353  0.13268416
   0.09961657 -0.10939658  0.07009739  0.12750709  0.01822027 -0.07916691
  -0.07492467  0.07745647  0.15616791 -0.07394498  0.03683617  0.04353945
   0.10763329 -0.04179088 -0.05516881  0.04676278 -0.09364067 -0.09462109
   0.02719274 -0.0568081  -0.00075069  0.05233439  0.03436382 -0.03784465
  -0.07314263  0.09388813 -0.00971734  0.01119528  0.11519957  0.08328108
   0.02651962 -0.00812335 -0.03579572  0.11713117 -0.03852344  0.01113457
  -0.05251025 -0.07859877  0.11225104 -0.08110362  0.04903022 -0.05381471
   0.10809246 -0.03522771]]
[[ 0.23281635 -0.1303987  -0.18833111 -0.13879223 -0.0238341   0.04288035
  -0.01136194  0.01666532  0.10306368  0.1151468  -0.13831067  0.08829065
   0.0098146  -0.04987146  0.04407228 -0.08914077  0.11652451 -0.0451111
   0.0821007  -0.03008426 -0.04997488 -0.02977273  0.02260089 -0.01304111
  -0.07353621 -0.07227203  0.03837066  0.21480523  0.07653888 -0.08669518
  -0.08916336  0.14655897  0.11945037 -0.01403238  0.07550122  0.0185861
   0.10929203 -0.11469805  0.00647487 -0.08538412 -0.02051442  0.01268515
   0.07172206  0.01791842  0.17498738  0.15127051  0.19685204 -0.09089917
  -0.04303649 -0.01193031 -0.14253217 -0.05032283 -0.04071084 -0.04102401
   0.11415804  0.07284255 -0.15255654 -0.00482955  0.10060927 -0.05101542
   0.13193609  0.06550214 -0.00820514 -0.15045892  0.05549617 -0.03275875
  -0.05514899 -0.01021271  0.00990521  0.21386482 -0.05789315 -0.06592813
  -0.01244492 -0.03501854  0.08288632  0.20153262 -0.00805371 -0.04074102
  -0.01918198 -0.12618855  0.15840176  0.00688237 -0.11713314  0.10763396
  -0.04955205 -0.06678764  0.03280229  0.15825246  0.03572171 -0.10187257
  -0.03768829 -0.04398241  0.14175968 -0.04020756  0.02516868 -0.03339222
  -0.02977479 -0.00873208 -0.08011948 -0.0100904   0.00294537  0.09371761
  -0.05120633 -0.04771753 -0.0617222   0.02173619  0.02917285 -0.16536163
  -0.05386363  0.09153991 -0.07851755 -0.08162849  0.00079734  0.02258819
   0.04149115 -0.11698631  0.07447551  0.11291476 -0.01392374 -0.08733397
  -0.12567614 -0.02745352 -0.0077444  -0.04301507 -0.00686553 -0.03717482
   0.06091201 -0.00921659]
 [ 0.03601402 -0.10498816 -0.12212439 -0.0669488  -0.01449489  0.06964227
  -0.05556051  0.00741586  0.15259969  0.06775869 -0.06635638 -0.03018891
   0.05024075  0.03611049 -0.08697852  0.00093     0.03639859  0.04491735
   0.0932592   0.01647421  0.16473606  0.17053793 -0.02302559  0.13841726
   0.01229597 -0.04843463  0.12154999  0.07229204  0.10572856 -0.06484074
  -0.07336099  0.07560095  0.03942294 -0.05792039  0.04335722  0.04941935
   0.18008782 -0.08776192  0.21057071 -0.08751847 -0.06101425  0.00862886
   0.01891267  0.08817545  0.14160146  0.01696791  0.10507365 -0.04288756
   0.02797562 -0.01611661 -0.10620755  0.03474676  0.24243501 -0.06667444
   0.12959468  0.17169732 -0.12182357 -0.0692075   0.09069604 -0.08591872
   0.12157952  0.06646683  0.13417037 -0.07308039 -0.08845217  0.03871917
  -0.01533324 -0.06946936 -0.00351051  0.2513422   0.01077642 -0.06811376
   0.00662343 -0.08488759  0.1379595   0.01819812  0.08573619 -0.05931054
  -0.00545091 -0.0898188   0.1711113  -0.09125387 -0.09781353  0.13268416
   0.09961657 -0.10939658  0.07009739  0.12750709  0.01822027 -0.07916691
  -0.07492467  0.07745647  0.15616791 -0.07394498  0.03683617  0.04353945
   0.10763329 -0.04179088 -0.05516881  0.04676278 -0.09364067 -0.09462109
   0.02719274 -0.0568081  -0.00075069  0.05233439  0.03436382 -0.03784465
  -0.07314263  0.09388813 -0.00971734  0.01119528  0.11519957  0.08328108
   0.02651962 -0.00812335 -0.03579572  0.11713117 -0.03852344  0.01113457
  -0.05251025 -0.07859877  0.11225104 -0.08110362  0.04903022 -0.05381471
   0.10809246 -0.03522771]]
