[[ 0.25577262 -0.12648115 -0.16384818 -0.12613578 -0.02010648  0.05820605
   0.00422502 -0.05599813  0.08950231  0.07694545 -0.16458009  0.11669059
  -0.00730406 -0.03541596 -0.02072469 -0.07751787  0.04821323 -0.04351733
   0.05084373 -0.0762607  -0.06879396 -0.07482173 -0.06033586 -0.04674555
  -0.09256767 -0.08589199  0.01272163  0.15566973 -0.00364471 -0.07951342
  -0.08597554  0.12288836  0.0909888  -0.00246028  0.03239123 -0.03000434
   0.15239644 -0.11672902 -0.00928149 -0.06282385 -0.03948331  0.05173211
   0.09405278  0.07298757  0.10602545  0.13412958  0.13422722 -0.11838721
  -0.0971691  -0.01478367 -0.13281512 -0.06381196 -0.06664639 -0.072555
   0.06167181  0.03445222 -0.15018354 -0.02284686  0.10585388 -0.1019467
   0.0841918   0.03591818 -0.0473198  -0.17573075 -0.00411072 -0.07196216
  -0.02358855 -0.00664566  0.00478645  0.11540244 -0.08079917 -0.10353812
  -0.02056429 -0.04351502  0.07944804  0.20736636 -0.06024169 -0.08616729
  -0.06446523 -0.1335093   0.1532138   0.03777082 -0.13030107  0.06406995
  -0.0224812  -0.07964204 -0.01195286  0.19177349 -0.04494462 -0.13333978
  -0.02481327 -0.0619874   0.10104218 -0.07578137  0.03285384 -0.06776641
  -0.01925426  0.00521785 -0.09687708 -0.02171673  0.03226289  0.13650788
  -0.09332813 -0.02843725  0.01126198 -0.01176928 -0.0496473  -0.2045528
  -0.08582447  0.02173229 -0.09163645 -0.09166089  0.0913944   0.00960569
   0.05929608 -0.12733495  0.01085728  0.06723358 -0.03506948 -0.09101906
  -0.15440132 -0.04114161 -0.05197174  0.00720143 -0.02056311 -0.09118322
   0.00153359 -0.02875357]
 [ 0.01947695 -0.10086322 -0.11099081 -0.0405379  -0.04819044  0.07799134
  -0.05690324  0.00997905  0.13213386  0.0404808  -0.07634299 -0.03302104
   0.05319729  0.07585681 -0.08462771 -0.00896374  0.01870191  0.04260216
   0.1076839   0.0339298   0.1499679   0.16587596 -0.05317688  0.15907256
   0.01856731 -0.03114976  0.13186325  0.08404984  0.10012516 -0.05106305
  -0.08765006  0.12711678  0.05348751 -0.08190427  0.01755104  0.07289576
   0.15583211 -0.06956045  0.19895627 -0.09137322 -0.06657247  0.0043629
   0.00183668  0.10028116  0.17020608 -0.00790749  0.07032835 -0.03230089
   0.00343744 -0.0216046  -0.09635253  0.0973962   0.24233823 -0.07052416
   0.09398324  0.16520573 -0.11959202 -0.1003041   0.08655434 -0.08528167
   0.13071345  0.09674206  0.17348622 -0.07339059 -0.09141937  0.04303167
  -0.00911377 -0.06190272  0.01264381  0.23895188  0.01837441 -0.07070041
  -0.01530443 -0.09382305  0.11410579 -0.03012273  0.0738892  -0.04855881
  -0.03079108 -0.06851847  0.10452067 -0.0897613  -0.09605116  0.17287737
   0.1134373  -0.10172079  0.09106157  0.0879252  -0.01518347 -0.09030945
  -0.08723046  0.09376537  0.12866178 -0.07833821  0.01557448  0.05592788
   0.11095248 -0.03765339 -0.0413392   0.02686487 -0.07813408 -0.0944213
   0.03380174 -0.06886467 -0.04343039  0.08325823  0.02068934 -0.05342999
  -0.08086848  0.0734914   0.01818835  0.05203363  0.10307253  0.07884035
   0.01758244  0.0178351  -0.05294641  0.12498412 -0.02720238  0.04110713
  -0.05100736 -0.06918833  0.10094254 -0.08317539  0.05464905 -0.05751707
   0.10015261 -0.00936699]]
[[ 0.25577262 -0.12648115 -0.16384818 -0.12613578 -0.02010648  0.05820605
   0.00422502 -0.05599813  0.08950231  0.07694545 -0.16458009  0.11669059
  -0.00730406 -0.03541596 -0.02072469 -0.07751787  0.04821323 -0.04351733
   0.05084373 -0.0762607  -0.06879396 -0.07482173 -0.06033586 -0.04674555
  -0.09256767 -0.08589199  0.01272163  0.15566973 -0.00364471 -0.07951342
  -0.08597554  0.12288836  0.0909888  -0.00246028  0.03239123 -0.03000434
   0.15239644 -0.11672902 -0.00928149 -0.06282385 -0.03948331  0.05173211
   0.09405278  0.07298757  0.10602545  0.13412958  0.13422722 -0.11838721
  -0.0971691  -0.01478367 -0.13281512 -0.06381196 -0.06664639 -0.072555
   0.06167181  0.03445222 -0.15018354 -0.02284686  0.10585388 -0.1019467
   0.0841918   0.03591818 -0.0473198  -0.17573075 -0.00411072 -0.07196216
  -0.02358855 -0.00664566  0.00478645  0.11540244 -0.08079917 -0.10353812
  -0.02056429 -0.04351502  0.07944804  0.20736636 -0.06024169 -0.08616729
  -0.06446523 -0.1335093   0.1532138   0.03777082 -0.13030107  0.06406995
  -0.0224812  -0.07964204 -0.01195286  0.19177349 -0.04494462 -0.13333978
  -0.02481327 -0.0619874   0.10104218 -0.07578137  0.03285384 -0.06776641
  -0.01925426  0.00521785 -0.09687708 -0.02171673  0.03226289  0.13650788
  -0.09332813 -0.02843725  0.01126198 -0.01176928 -0.0496473  -0.2045528
  -0.08582447  0.02173229 -0.09163645 -0.09166089  0.0913944   0.00960569
   0.05929608 -0.12733495  0.01085728  0.06723358 -0.03506948 -0.09101906
  -0.15440132 -0.04114161 -0.05197174  0.00720143 -0.02056311 -0.09118322
   0.00153359 -0.02875357]
 [ 0.01947695 -0.10086322 -0.11099081 -0.0405379  -0.04819044  0.07799134
  -0.05690324  0.00997905  0.13213386  0.0404808  -0.07634299 -0.03302104
   0.05319729  0.07585681 -0.08462771 -0.00896374  0.01870191  0.04260216
   0.1076839   0.0339298   0.1499679   0.16587596 -0.05317688  0.15907256
   0.01856731 -0.03114976  0.13186325  0.08404984  0.10012516 -0.05106305
  -0.08765006  0.12711678  0.05348751 -0.08190427  0.01755104  0.07289576
   0.15583211 -0.06956045  0.19895627 -0.09137322 -0.06657247  0.0043629
   0.00183668  0.10028116  0.17020608 -0.00790749  0.07032835 -0.03230089
   0.00343744 -0.0216046  -0.09635253  0.0973962   0.24233823 -0.07052416
   0.09398324  0.16520573 -0.11959202 -0.1003041   0.08655434 -0.08528167
   0.13071345  0.09674206  0.17348622 -0.07339059 -0.09141937  0.04303167
  -0.00911377 -0.06190272  0.01264381  0.23895188  0.01837441 -0.07070041
  -0.01530443 -0.09382305  0.11410579 -0.03012273  0.0738892  -0.04855881
  -0.03079108 -0.06851847  0.10452067 -0.0897613  -0.09605116  0.17287737
   0.1134373  -0.10172079  0.09106157  0.0879252  -0.01518347 -0.09030945
  -0.08723046  0.09376537  0.12866178 -0.07833821  0.01557448  0.05592788
   0.11095248 -0.03765339 -0.0413392   0.02686487 -0.07813408 -0.0944213
   0.03380174 -0.06886467 -0.04343039  0.08325823  0.02068934 -0.05342999
  -0.08086848  0.0734914   0.01818835  0.05203363  0.10307253  0.07884035
   0.01758244  0.0178351  -0.05294641  0.12498412 -0.02720238  0.04110713
  -0.05100736 -0.06918833  0.10094254 -0.08317539  0.05464905 -0.05751707
   0.10015261 -0.00936699]]
[[ 0.25577262 -0.12648115 -0.16384818 -0.12613578 -0.02010648  0.05820605
   0.00422502 -0.05599813  0.08950231  0.07694545 -0.16458009  0.11669059
  -0.00730406 -0.03541596 -0.02072469 -0.07751787  0.04821323 -0.04351733
   0.05084373 -0.0762607  -0.06879396 -0.07482173 -0.06033586 -0.04674555
  -0.09256767 -0.08589199  0.01272163  0.15566973 -0.00364471 -0.07951342
  -0.08597554  0.12288836  0.0909888  -0.00246028  0.03239123 -0.03000434
   0.15239644 -0.11672902 -0.00928149 -0.06282385 -0.03948331  0.05173211
   0.09405278  0.07298757  0.10602545  0.13412958  0.13422722 -0.11838721
  -0.0971691  -0.01478367 -0.13281512 -0.06381196 -0.06664639 -0.072555
   0.06167181  0.03445222 -0.15018354 -0.02284686  0.10585388 -0.1019467
   0.0841918   0.03591818 -0.0473198  -0.17573075 -0.00411072 -0.07196216
  -0.02358855 -0.00664566  0.00478645  0.11540244 -0.08079917 -0.10353812
  -0.02056429 -0.04351502  0.07944804  0.20736636 -0.06024169 -0.08616729
  -0.06446523 -0.1335093   0.1532138   0.03777082 -0.13030107  0.06406995
  -0.0224812  -0.07964204 -0.01195286  0.19177349 -0.04494462 -0.13333978
  -0.02481327 -0.0619874   0.10104218 -0.07578137  0.03285384 -0.06776641
  -0.01925426  0.00521785 -0.09687708 -0.02171673  0.03226289  0.13650788
  -0.09332813 -0.02843725  0.01126198 -0.01176928 -0.0496473  -0.2045528
  -0.08582447  0.02173229 -0.09163645 -0.09166089  0.0913944   0.00960569
   0.05929608 -0.12733495  0.01085728  0.06723358 -0.03506948 -0.09101906
  -0.15440132 -0.04114161 -0.05197174  0.00720143 -0.02056311 -0.09118322
   0.00153359 -0.02875357]
 [ 0.01947695 -0.10086322 -0.11099081 -0.0405379  -0.04819044  0.07799134
  -0.05690324  0.00997905  0.13213386  0.0404808  -0.07634299 -0.03302104
   0.05319729  0.07585681 -0.08462771 -0.00896374  0.01870191  0.04260216
   0.1076839   0.0339298   0.1499679   0.16587596 -0.05317688  0.15907256
   0.01856731 -0.03114976  0.13186325  0.08404984  0.10012516 -0.05106305
  -0.08765006  0.12711678  0.05348751 -0.08190427  0.01755104  0.07289576
   0.15583211 -0.06956045  0.19895627 -0.09137322 -0.06657247  0.0043629
   0.00183668  0.10028116  0.17020608 -0.00790749  0.07032835 -0.03230089
   0.00343744 -0.0216046  -0.09635253  0.0973962   0.24233823 -0.07052416
   0.09398324  0.16520573 -0.11959202 -0.1003041   0.08655434 -0.08528167
   0.13071345  0.09674206  0.17348622 -0.07339059 -0.09141937  0.04303167
  -0.00911377 -0.06190272  0.01264381  0.23895188  0.01837441 -0.07070041
  -0.01530443 -0.09382305  0.11410579 -0.03012273  0.0738892  -0.04855881
  -0.03079108 -0.06851847  0.10452067 -0.0897613  -0.09605116  0.17287737
   0.1134373  -0.10172079  0.09106157  0.0879252  -0.01518347 -0.09030945
  -0.08723046  0.09376537  0.12866178 -0.07833821  0.01557448  0.05592788
   0.11095248 -0.03765339 -0.0413392   0.02686487 -0.07813408 -0.0944213
   0.03380174 -0.06886467 -0.04343039  0.08325823  0.02068934 -0.05342999
  -0.08086848  0.0734914   0.01818835  0.05203363  0.10307253  0.07884035
   0.01758244  0.0178351  -0.05294641  0.12498412 -0.02720238  0.04110713
  -0.05100736 -0.06918833  0.10094254 -0.08317539  0.05464905 -0.05751707
   0.10015261 -0.00936699]]
