[[-0.0011458  -0.09992208 -0.11216793 -0.05957461 -0.05109897  0.05643487
  -0.05441376  0.00806972  0.12228435  0.01547915 -0.06292687 -0.05335347
   0.05867326  0.11571612 -0.08287718 -0.01119024  0.0319509   0.06898065
   0.08659778  0.04343109  0.17398965  0.15535988 -0.05640075  0.13414147
   0.05169476 -0.03363562  0.13941051  0.07211027  0.07636917 -0.03859726
  -0.08571438  0.10978581  0.10036331 -0.08836269 -0.00776258  0.06687699
   0.1419397  -0.06597383  0.212239   -0.08234399 -0.06694116  0.00453381
  -0.01416704  0.1107989   0.14167611 -0.01671251  0.02766771 -0.04513802
  -0.01068466 -0.00984129 -0.08171314  0.12083447  0.28083953 -0.0593485
   0.08537491  0.16263409 -0.11477295 -0.08682754  0.06569383 -0.08429494
   0.12226587  0.08639524  0.19294988 -0.06028041 -0.09259908  0.06428006
  -0.01677261 -0.05747153 -0.01087578  0.24521105  0.00151573 -0.05672795
  -0.0392121  -0.09302675  0.1119248  -0.03555765  0.063908   -0.04637898
  -0.03700471 -0.04623302  0.08857569 -0.09344626 -0.09638849  0.18374735
   0.10597067 -0.10662652  0.09169543  0.06481225 -0.01404563 -0.08137298
  -0.0798685   0.12399571  0.12256964 -0.07932357  0.0054428   0.07013803
   0.11392398 -0.03442415 -0.04601474  0.02725169 -0.07650928 -0.09075453
   0.01071885 -0.06487363 -0.05216575  0.05627579  0.02351302 -0.03944514
  -0.07899177  0.06736205  0.02397151  0.04549794  0.08888489  0.05660794
   0.00786893  0.03324486 -0.07357018  0.14006773 -0.03335064  0.07464355
  -0.03040389 -0.06745913  0.10026228 -0.08478646  0.06770318 -0.05263133
   0.08420952  0.01607206]
 [ 0.25415388 -0.10157807 -0.15269627 -0.15389203 -0.00625584  0.03504373
   0.02753746 -0.05400802  0.13539176  0.08143402 -0.16253804  0.11837939
  -0.02435085 -0.02226551 -0.01643945 -0.08421707  0.06134641 -0.01868952
   0.05272255 -0.07503034 -0.06580804 -0.08860581 -0.04349071 -0.06212841
  -0.08582135 -0.07631486  0.03690386  0.1685914   0.03476474 -0.07689393
  -0.06754736  0.14278172  0.07727757  0.00677857  0.0242486  -0.0345495
   0.14322233 -0.12386376 -0.00246461 -0.06305088 -0.00438425  0.05284748
   0.06944931  0.03974278  0.08719534  0.1449364   0.0643006  -0.12171632
  -0.08929128 -0.03603029 -0.13686432 -0.08006787 -0.05350453 -0.08400844
   0.08049397 -0.01347126 -0.16132051 -0.01249635  0.09990111 -0.09757128
   0.12235316 -0.00680478 -0.07203489 -0.16855763 -0.03752111 -0.08946237
  -0.00183099 -0.01224542 -0.01353139  0.0959489  -0.10029608 -0.1150794
  -0.02948612 -0.08188877  0.06817792  0.16986287 -0.0348083  -0.07984672
  -0.07658465 -0.11585378  0.1842284   0.04350604 -0.12430227  0.06598911
  -0.0174116  -0.06058298 -0.01984053  0.15613928 -0.02581696 -0.12119291
  -0.03658234 -0.08805346  0.09280657 -0.08457785 -0.0104892  -0.09547928
  -0.04373629 -0.02836737 -0.05694048 -0.00799411  0.06625124  0.13308954
  -0.10351972 -0.0143854  -0.00770801 -0.01488154 -0.06468248 -0.20420839
  -0.08119179  0.00433411 -0.07678082 -0.09516025  0.08615702 -0.00360938
   0.06705593 -0.12856662 -0.02765931  0.11097624 -0.04320466 -0.09951613
  -0.14984217 -0.0130968  -0.02811919  0.0287583  -0.02844516 -0.09537464
  -0.06482557 -0.04034292]]
[[-0.0011458  -0.09992208 -0.11216793 -0.05957461 -0.05109897  0.05643487
  -0.05441376  0.00806972  0.12228435  0.01547915 -0.06292687 -0.05335347
   0.05867326  0.11571612 -0.08287718 -0.01119024  0.0319509   0.06898065
   0.08659778  0.04343109  0.17398965  0.15535988 -0.05640075  0.13414147
   0.05169476 -0.03363562  0.13941051  0.07211027  0.07636917 -0.03859726
  -0.08571438  0.10978581  0.10036331 -0.08836269 -0.00776258  0.06687699
   0.1419397  -0.06597383  0.212239   -0.08234399 -0.06694116  0.00453381
  -0.01416704  0.1107989   0.14167611 -0.01671251  0.02766771 -0.04513802
  -0.01068466 -0.00984129 -0.08171314  0.12083447  0.28083953 -0.0593485
   0.08537491  0.16263409 -0.11477295 -0.08682754  0.06569383 -0.08429494
   0.12226587  0.08639524  0.19294988 -0.06028041 -0.09259908  0.06428006
  -0.01677261 -0.05747153 -0.01087578  0.24521105  0.00151573 -0.05672795
  -0.0392121  -0.09302675  0.1119248  -0.03555765  0.063908   -0.04637898
  -0.03700471 -0.04623302  0.08857569 -0.09344626 -0.09638849  0.18374735
   0.10597067 -0.10662652  0.09169543  0.06481225 -0.01404563 -0.08137298
  -0.0798685   0.12399571  0.12256964 -0.07932357  0.0054428   0.07013803
   0.11392398 -0.03442415 -0.04601474  0.02725169 -0.07650928 -0.09075453
   0.01071885 -0.06487363 -0.05216575  0.05627579  0.02351302 -0.03944514
  -0.07899177  0.06736205  0.02397151  0.04549794  0.08888489  0.05660794
   0.00786893  0.03324486 -0.07357018  0.14006773 -0.03335064  0.07464355
  -0.03040389 -0.06745913  0.10026228 -0.08478646  0.06770318 -0.05263133
   0.08420952  0.01607206]
 [ 0.25415388 -0.10157807 -0.15269627 -0.15389203 -0.00625584  0.03504373
   0.02753746 -0.05400802  0.13539176  0.08143402 -0.16253804  0.11837939
  -0.02435085 -0.02226551 -0.01643945 -0.08421707  0.06134641 -0.01868952
   0.05272255 -0.07503034 -0.06580804 -0.08860581 -0.04349071 -0.06212841
  -0.08582135 -0.07631486  0.03690386  0.1685914   0.03476474 -0.07689393
  -0.06754736  0.14278172  0.07727757  0.00677857  0.0242486  -0.0345495
   0.14322233 -0.12386376 -0.00246461 -0.06305088 -0.00438425  0.05284748
   0.06944931  0.03974278  0.08719534  0.1449364   0.0643006  -0.12171632
  -0.08929128 -0.03603029 -0.13686432 -0.08006787 -0.05350453 -0.08400844
   0.08049397 -0.01347126 -0.16132051 -0.01249635  0.09990111 -0.09757128
   0.12235316 -0.00680478 -0.07203489 -0.16855763 -0.03752111 -0.08946237
  -0.00183099 -0.01224542 -0.01353139  0.0959489  -0.10029608 -0.1150794
  -0.02948612 -0.08188877  0.06817792  0.16986287 -0.0348083  -0.07984672
  -0.07658465 -0.11585378  0.1842284   0.04350604 -0.12430227  0.06598911
  -0.0174116  -0.06058298 -0.01984053  0.15613928 -0.02581696 -0.12119291
  -0.03658234 -0.08805346  0.09280657 -0.08457785 -0.0104892  -0.09547928
  -0.04373629 -0.02836737 -0.05694048 -0.00799411  0.06625124  0.13308954
  -0.10351972 -0.0143854  -0.00770801 -0.01488154 -0.06468248 -0.20420839
  -0.08119179  0.00433411 -0.07678082 -0.09516025  0.08615702 -0.00360938
   0.06705593 -0.12856662 -0.02765931  0.11097624 -0.04320466 -0.09951613
  -0.14984217 -0.0130968  -0.02811919  0.0287583  -0.02844516 -0.09537464
  -0.06482557 -0.04034292]]
[[-0.0011458  -0.09992208 -0.11216793 -0.05957461 -0.05109897  0.05643487
  -0.05441376  0.00806972  0.12228435  0.01547915 -0.06292687 -0.05335347
   0.05867326  0.11571612 -0.08287718 -0.01119024  0.0319509   0.06898065
   0.08659778  0.04343109  0.17398965  0.15535988 -0.05640075  0.13414147
   0.05169476 -0.03363562  0.13941051  0.07211027  0.07636917 -0.03859726
  -0.08571438  0.10978581  0.10036331 -0.08836269 -0.00776258  0.06687699
   0.1419397  -0.06597383  0.212239   -0.08234399 -0.06694116  0.00453381
  -0.01416704  0.1107989   0.14167611 -0.01671251  0.02766771 -0.04513802
  -0.01068466 -0.00984129 -0.08171314  0.12083447  0.28083953 -0.0593485
   0.08537491  0.16263409 -0.11477295 -0.08682754  0.06569383 -0.08429494
   0.12226587  0.08639524  0.19294988 -0.06028041 -0.09259908  0.06428006
  -0.01677261 -0.05747153 -0.01087578  0.24521105  0.00151573 -0.05672795
  -0.0392121  -0.09302675  0.1119248  -0.03555765  0.063908   -0.04637898
  -0.03700471 -0.04623302  0.08857569 -0.09344626 -0.09638849  0.18374735
   0.10597067 -0.10662652  0.09169543  0.06481225 -0.01404563 -0.08137298
  -0.0798685   0.12399571  0.12256964 -0.07932357  0.0054428   0.07013803
   0.11392398 -0.03442415 -0.04601474  0.02725169 -0.07650928 -0.09075453
   0.01071885 -0.06487363 -0.05216575  0.05627579  0.02351302 -0.03944514
  -0.07899177  0.06736205  0.02397151  0.04549794  0.08888489  0.05660794
   0.00786893  0.03324486 -0.07357018  0.14006773 -0.03335064  0.07464355
  -0.03040389 -0.06745913  0.10026228 -0.08478646  0.06770318 -0.05263133
   0.08420952  0.01607206]
 [ 0.25415388 -0.10157807 -0.15269627 -0.15389203 -0.00625584  0.03504373
   0.02753746 -0.05400802  0.13539176  0.08143402 -0.16253804  0.11837939
  -0.02435085 -0.02226551 -0.01643945 -0.08421707  0.06134641 -0.01868952
   0.05272255 -0.07503034 -0.06580804 -0.08860581 -0.04349071 -0.06212841
  -0.08582135 -0.07631486  0.03690386  0.1685914   0.03476474 -0.07689393
  -0.06754736  0.14278172  0.07727757  0.00677857  0.0242486  -0.0345495
   0.14322233 -0.12386376 -0.00246461 -0.06305088 -0.00438425  0.05284748
   0.06944931  0.03974278  0.08719534  0.1449364   0.0643006  -0.12171632
  -0.08929128 -0.03603029 -0.13686432 -0.08006787 -0.05350453 -0.08400844
   0.08049397 -0.01347126 -0.16132051 -0.01249635  0.09990111 -0.09757128
   0.12235316 -0.00680478 -0.07203489 -0.16855763 -0.03752111 -0.08946237
  -0.00183099 -0.01224542 -0.01353139  0.0959489  -0.10029608 -0.1150794
  -0.02948612 -0.08188877  0.06817792  0.16986287 -0.0348083  -0.07984672
  -0.07658465 -0.11585378  0.1842284   0.04350604 -0.12430227  0.06598911
  -0.0174116  -0.06058298 -0.01984053  0.15613928 -0.02581696 -0.12119291
  -0.03658234 -0.08805346  0.09280657 -0.08457785 -0.0104892  -0.09547928
  -0.04373629 -0.02836737 -0.05694048 -0.00799411  0.06625124  0.13308954
  -0.10351972 -0.0143854  -0.00770801 -0.01488154 -0.06468248 -0.20420839
  -0.08119179  0.00433411 -0.07678082 -0.09516025  0.08615702 -0.00360938
   0.06705593 -0.12856662 -0.02765931  0.11097624 -0.04320466 -0.09951613
  -0.14984217 -0.0130968  -0.02811919  0.0287583  -0.02844516 -0.09537464
  -0.06482557 -0.04034292]]
