[[-0.00908839 -0.09529275 -0.06970762 -0.07959109 -0.04977027  0.02233653
   0.00702456  0.03440467  0.07337141 -0.04326735 -0.0410682  -0.03702153
   0.10045528  0.20096792 -0.09094725 -0.06379133  0.06529775  0.08435742
   0.06591271  0.06119034  0.13287783  0.2328292  -0.00380568  0.06076123
   0.1056518  -0.03027587  0.02874116  0.04499694  0.0294893  -0.04678064
  -0.08395092  0.13177088  0.15041086 -0.11268827  0.01224356  0.02156325
   0.14747234 -0.07766889  0.15920259 -0.07878359 -0.07579791  0.01213833
  -0.04567183  0.1574003   0.12680194 -0.05265687  0.01855772 -0.05521794
  -0.00375891  0.01415503 -0.10050078  0.15726402  0.24399942 -0.03808043
   0.0604653   0.13376024 -0.11441204 -0.0764295   0.05001682 -0.08751359
   0.10030561  0.06760812  0.19114241 -0.01859787 -0.07615633  0.11671038
  -0.00868593 -0.06267381 -0.03645282  0.22280061  0.05406203 -0.04032104
   0.01931758 -0.08188882  0.13333036 -0.02273369  0.03085873 -0.05390985
  -0.01031066 -0.02170897  0.10607255 -0.09974349 -0.09153792  0.18503144
   0.09873    -0.1276032   0.1477234   0.05626953 -0.0432362  -0.07969177
  -0.04427342  0.16376586  0.126382   -0.0785611   0.08587769  0.08277969
   0.14203316 -0.04309418 -0.05107024 -0.01047124 -0.04028191 -0.03996722
   0.03556722 -0.0480376  -0.05934519 -0.00483815  0.01398146  0.01587488
  -0.08364853  0.1173192  -0.01122529  0.0187816   0.09768327  0.08694395
  -0.00650215  0.04618926 -0.05805266  0.08210678 -0.03303147  0.02881036
  -0.0122521  -0.0579515   0.08862433 -0.08778803  0.02940159 -0.02830918
   0.09799716  0.03206703]
 [ 0.24150029 -0.08380601 -0.12347156 -0.14599007  0.00538904  0.06420777
   0.01450239 -0.06101787  0.12468945  0.03087562 -0.16216052  0.06646141
   0.03395285 -0.02932855  0.01810959 -0.06205966  0.05042517  0.02544856
   0.05963207 -0.05113633 -0.0769139  -0.04898978 -0.04572815 -0.03234464
  -0.07677724 -0.07593562  0.04650872  0.17204182  0.04426922 -0.08862638
  -0.05099642  0.18359184  0.04252163 -0.01143177  0.05181359 -0.01038805
   0.08260188 -0.13483977  0.03055449 -0.09349272  0.01382506  0.05949709
   0.01050953  0.09119429  0.09632386  0.14638866 -0.01234851 -0.09708086
  -0.04200759 -0.07654531 -0.16772345 -0.05332233 -0.04162825 -0.06914164
   0.09359117  0.07722284 -0.19663106 -0.04391457  0.14251928 -0.08530874
   0.13493884  0.08120297 -0.08590423 -0.15856968 -0.04801539 -0.0810728
   0.00419933 -0.01887351 -0.04927648  0.11594739 -0.08369363 -0.11398977
  -0.01871013 -0.11442874  0.09512433  0.13695271 -0.06816021 -0.07994148
  -0.0711235  -0.08785285  0.17272913  0.03251346 -0.13004045  0.09120986
   0.02271884 -0.06252062 -0.05236496  0.1435138  -0.00901161 -0.0951096
  -0.0343037  -0.09808163  0.1627766  -0.07786153 -0.02704953 -0.07750357
  -0.05215646 -0.06595404 -0.04743505  0.00194583  0.0639599   0.1254516
  -0.10155091  0.02293281 -0.06242176 -0.02375669 -0.02992013 -0.19211604
  -0.06275696  0.02362664 -0.06780135 -0.11458474  0.05454416 -0.04475801
  -0.02262335 -0.11507917  0.00418065  0.11291617 -0.0797365  -0.11178833
  -0.14640157 -0.01440631  0.03777342  0.0271734  -0.00477175 -0.09425642
  -0.04696335 -0.07750157]]
[[-0.00908839 -0.09529275 -0.06970762 -0.07959109 -0.04977027  0.02233653
   0.00702456  0.03440467  0.07337141 -0.04326735 -0.0410682  -0.03702153
   0.10045528  0.20096792 -0.09094725 -0.06379133  0.06529775  0.08435742
   0.06591271  0.06119034  0.13287783  0.2328292  -0.00380568  0.06076123
   0.1056518  -0.03027587  0.02874116  0.04499694  0.0294893  -0.04678064
  -0.08395092  0.13177088  0.15041086 -0.11268827  0.01224356  0.02156325
   0.14747234 -0.07766889  0.15920259 -0.07878359 -0.07579791  0.01213833
  -0.04567183  0.1574003   0.12680194 -0.05265687  0.01855772 -0.05521794
  -0.00375891  0.01415503 -0.10050078  0.15726402  0.24399942 -0.03808043
   0.0604653   0.13376024 -0.11441204 -0.0764295   0.05001682 -0.08751359
   0.10030561  0.06760812  0.19114241 -0.01859787 -0.07615633  0.11671038
  -0.00868593 -0.06267381 -0.03645282  0.22280061  0.05406203 -0.04032104
   0.01931758 -0.08188882  0.13333036 -0.02273369  0.03085873 -0.05390985
  -0.01031066 -0.02170897  0.10607255 -0.09974349 -0.09153792  0.18503144
   0.09873    -0.1276032   0.1477234   0.05626953 -0.0432362  -0.07969177
  -0.04427342  0.16376586  0.126382   -0.0785611   0.08587769  0.08277969
   0.14203316 -0.04309418 -0.05107024 -0.01047124 -0.04028191 -0.03996722
   0.03556722 -0.0480376  -0.05934519 -0.00483815  0.01398146  0.01587488
  -0.08364853  0.1173192  -0.01122529  0.0187816   0.09768327  0.08694395
  -0.00650215  0.04618926 -0.05805266  0.08210678 -0.03303147  0.02881036
  -0.0122521  -0.0579515   0.08862433 -0.08778803  0.02940159 -0.02830918
   0.09799716  0.03206703]
 [ 0.24150029 -0.08380601 -0.12347156 -0.14599007  0.00538904  0.06420777
   0.01450239 -0.06101787  0.12468945  0.03087562 -0.16216052  0.06646141
   0.03395285 -0.02932855  0.01810959 -0.06205966  0.05042517  0.02544856
   0.05963207 -0.05113633 -0.0769139  -0.04898978 -0.04572815 -0.03234464
  -0.07677724 -0.07593562  0.04650872  0.17204182  0.04426922 -0.08862638
  -0.05099642  0.18359184  0.04252163 -0.01143177  0.05181359 -0.01038805
   0.08260188 -0.13483977  0.03055449 -0.09349272  0.01382506  0.05949709
   0.01050953  0.09119429  0.09632386  0.14638866 -0.01234851 -0.09708086
  -0.04200759 -0.07654531 -0.16772345 -0.05332233 -0.04162825 -0.06914164
   0.09359117  0.07722284 -0.19663106 -0.04391457  0.14251928 -0.08530874
   0.13493884  0.08120297 -0.08590423 -0.15856968 -0.04801539 -0.0810728
   0.00419933 -0.01887351 -0.04927648  0.11594739 -0.08369363 -0.11398977
  -0.01871013 -0.11442874  0.09512433  0.13695271 -0.06816021 -0.07994148
  -0.0711235  -0.08785285  0.17272913  0.03251346 -0.13004045  0.09120986
   0.02271884 -0.06252062 -0.05236496  0.1435138  -0.00901161 -0.0951096
  -0.0343037  -0.09808163  0.1627766  -0.07786153 -0.02704953 -0.07750357
  -0.05215646 -0.06595404 -0.04743505  0.00194583  0.0639599   0.1254516
  -0.10155091  0.02293281 -0.06242176 -0.02375669 -0.02992013 -0.19211604
  -0.06275696  0.02362664 -0.06780135 -0.11458474  0.05454416 -0.04475801
  -0.02262335 -0.11507917  0.00418065  0.11291617 -0.0797365  -0.11178833
  -0.14640157 -0.01440631  0.03777342  0.0271734  -0.00477175 -0.09425642
  -0.04696335 -0.07750157]]
[[-0.00908839 -0.09529275 -0.06970762 -0.07959109 -0.04977027  0.02233653
   0.00702456  0.03440467  0.07337141 -0.04326735 -0.0410682  -0.03702153
   0.10045528  0.20096792 -0.09094725 -0.06379133  0.06529775  0.08435742
   0.06591271  0.06119034  0.13287783  0.2328292  -0.00380568  0.06076123
   0.1056518  -0.03027587  0.02874116  0.04499694  0.0294893  -0.04678064
  -0.08395092  0.13177088  0.15041086 -0.11268827  0.01224356  0.02156325
   0.14747234 -0.07766889  0.15920259 -0.07878359 -0.07579791  0.01213833
  -0.04567183  0.1574003   0.12680194 -0.05265687  0.01855772 -0.05521794
  -0.00375891  0.01415503 -0.10050078  0.15726402  0.24399942 -0.03808043
   0.0604653   0.13376024 -0.11441204 -0.0764295   0.05001682 -0.08751359
   0.10030561  0.06760812  0.19114241 -0.01859787 -0.07615633  0.11671038
  -0.00868593 -0.06267381 -0.03645282  0.22280061  0.05406203 -0.04032104
   0.01931758 -0.08188882  0.13333036 -0.02273369  0.03085873 -0.05390985
  -0.01031066 -0.02170897  0.10607255 -0.09974349 -0.09153792  0.18503144
   0.09873    -0.1276032   0.1477234   0.05626953 -0.0432362  -0.07969177
  -0.04427342  0.16376586  0.126382   -0.0785611   0.08587769  0.08277969
   0.14203316 -0.04309418 -0.05107024 -0.01047124 -0.04028191 -0.03996722
   0.03556722 -0.0480376  -0.05934519 -0.00483815  0.01398146  0.01587488
  -0.08364853  0.1173192  -0.01122529  0.0187816   0.09768327  0.08694395
  -0.00650215  0.04618926 -0.05805266  0.08210678 -0.03303147  0.02881036
  -0.0122521  -0.0579515   0.08862433 -0.08778803  0.02940159 -0.02830918
   0.09799716  0.03206703]
 [ 0.24150029 -0.08380601 -0.12347156 -0.14599007  0.00538904  0.06420777
   0.01450239 -0.06101787  0.12468945  0.03087562 -0.16216052  0.06646141
   0.03395285 -0.02932855  0.01810959 -0.06205966  0.05042517  0.02544856
   0.05963207 -0.05113633 -0.0769139  -0.04898978 -0.04572815 -0.03234464
  -0.07677724 -0.07593562  0.04650872  0.17204182  0.04426922 -0.08862638
  -0.05099642  0.18359184  0.04252163 -0.01143177  0.05181359 -0.01038805
   0.08260188 -0.13483977  0.03055449 -0.09349272  0.01382506  0.05949709
   0.01050953  0.09119429  0.09632386  0.14638866 -0.01234851 -0.09708086
  -0.04200759 -0.07654531 -0.16772345 -0.05332233 -0.04162825 -0.06914164
   0.09359117  0.07722284 -0.19663106 -0.04391457  0.14251928 -0.08530874
   0.13493884  0.08120297 -0.08590423 -0.15856968 -0.04801539 -0.0810728
   0.00419933 -0.01887351 -0.04927648  0.11594739 -0.08369363 -0.11398977
  -0.01871013 -0.11442874  0.09512433  0.13695271 -0.06816021 -0.07994148
  -0.0711235  -0.08785285  0.17272913  0.03251346 -0.13004045  0.09120986
   0.02271884 -0.06252062 -0.05236496  0.1435138  -0.00901161 -0.0951096
  -0.0343037  -0.09808163  0.1627766  -0.07786153 -0.02704953 -0.07750357
  -0.05215646 -0.06595404 -0.04743505  0.00194583  0.0639599   0.1254516
  -0.10155091  0.02293281 -0.06242176 -0.02375669 -0.02992013 -0.19211604
  -0.06275696  0.02362664 -0.06780135 -0.11458474  0.05454416 -0.04475801
  -0.02262335 -0.11507917  0.00418065  0.11291617 -0.0797365  -0.11178833
  -0.14640157 -0.01440631  0.03777342  0.0271734  -0.00477175 -0.09425642
  -0.04696335 -0.07750157]]
