[[-1.92202795e-02 -7.89319724e-02 -8.91264230e-02 -9.00867805e-02
  -4.91007790e-02  4.67110565e-03  5.38616395e-03 -1.33822919e-04
   7.50647709e-02 -3.65378894e-02 -5.74596450e-02 -5.21124676e-02
   1.27920449e-01  1.49612844e-01 -8.72979090e-02 -3.18400860e-02
   4.30356041e-02  9.22351852e-02  2.74404380e-02  6.60176948e-02
   1.76222309e-01  1.61031261e-01 -2.77885757e-02  8.43046233e-02
   1.62086517e-01 -4.13472727e-02  1.63817219e-02  5.09851202e-02
  -8.97589326e-03 -4.67445292e-02 -7.08466172e-02  1.29017651e-01
   1.25514001e-01 -8.96685570e-02  3.31752226e-02  3.50470319e-02
   1.50065392e-01 -7.12591931e-02  2.07966805e-01 -7.99770206e-02
  -7.68373162e-02  1.63688511e-02 -6.12543374e-02  1.93049327e-01
   8.31644759e-02 -5.18664122e-02  4.20600139e-02 -5.54448739e-02
  -1.19871963e-02  7.07384199e-03 -8.75895172e-02  1.56041116e-01
   2.33830616e-01 -4.45302725e-02  9.77924168e-02  1.30815357e-01
  -8.38604420e-02 -7.08536580e-02  3.40720005e-02 -8.63253623e-02
   9.07521173e-02  7.67491162e-02  1.90078810e-01 -3.60590108e-02
  -7.15974048e-02  1.08313806e-01 -7.08436361e-03 -5.01258485e-02
  -2.35004369e-02  2.08909437e-01  7.87668675e-03 -4.96680662e-02
   2.80555952e-02 -8.79726782e-02  1.40821069e-01 -1.95729006e-02
   5.31362146e-02 -4.59014364e-02 -1.15938503e-02 -4.82945032e-02
   6.93688691e-02 -1.00047186e-01 -8.89266580e-02  1.87072545e-01
   8.53700116e-02 -1.38519719e-01  1.40011311e-01  4.95477393e-02
  -4.26428840e-02 -8.10843483e-02 -5.08921631e-02  1.85183585e-01
   1.27700925e-01 -7.94213191e-02  1.00758858e-01  7.79824629e-02
   1.27407819e-01 -7.97756016e-03 -6.49250746e-02  1.46724004e-02
  -9.26887617e-03 -3.48356143e-02  1.51521834e-02 -4.40992974e-02
  -6.34701774e-02 -2.95881424e-02 -4.21636412e-03  2.28770860e-02
  -7.51230419e-02  9.36125889e-02 -1.25477202e-02  6.12341911e-02
   1.52582616e-01  8.08492750e-02 -1.35455187e-02  1.85135268e-02
  -6.05918802e-02  1.02093458e-01 -3.02828979e-02  3.55708338e-02
  -3.02888118e-02 -5.92394285e-02  9.00368690e-02 -8.26983079e-02
   1.09123522e-02 -4.18956131e-02  1.31521329e-01  2.86561921e-02]
 [ 1.91510692e-01 -8.26551765e-02 -1.44024909e-01 -9.72275659e-02
   4.14525270e-02  4.28913087e-02 -5.02417237e-02 -7.11713508e-02
   6.44021854e-02  2.67994162e-02 -1.64350033e-01  6.37716278e-02
   5.67943156e-02  2.79769916e-02 -1.33490721e-02 -6.37938222e-03
   3.31540667e-02 -3.12150288e-02  8.46487209e-02  7.42077455e-02
  -9.27912667e-02 -4.09470797e-02 -9.52875242e-02 -3.47462073e-02
  -8.39613453e-02 -2.66653001e-02 -1.51268877e-02  2.36436039e-01
   5.76252975e-02 -1.14265263e-01 -5.48864640e-02  1.93708554e-01
  -1.94262713e-02  7.71684712e-03  9.88300666e-02  5.36624156e-02
   8.25708807e-02 -1.38432264e-01  2.01344918e-02 -1.24839157e-01
   2.80312430e-02  1.78450439e-02 -1.73707101e-02  1.68107376e-01
   1.86836720e-02  1.00058824e-01  2.38694120e-02 -8.31025392e-02
  -1.83093511e-02 -1.16534010e-01 -1.70010045e-01 -3.73488404e-02
  -5.19529693e-02 -6.26665130e-02  9.17000920e-02  7.34244958e-02
  -1.84851825e-01 -2.91572511e-02  1.50995865e-01 -4.90800403e-02
   1.54221654e-01  9.36713815e-02 -5.75296693e-02 -1.44192606e-01
  -2.06308477e-02 -7.10883737e-02 -2.74760212e-04 -1.29606174e-02
  -6.45313561e-02  5.22008389e-02 -8.15295652e-02 -8.74659643e-02
  -2.57275533e-02 -2.63736341e-02  9.10795406e-02  1.65150464e-01
  -1.38630152e-01 -7.89469108e-02 -5.73436283e-02 -1.15776330e-01
   8.64780769e-02 -1.12650059e-02 -1.35284290e-01  1.05137341e-01
  -9.03860182e-02 -7.48935342e-02  5.14716804e-02  8.98183435e-02
   5.95447382e-05 -5.73132336e-02 -2.48079514e-03 -3.25504579e-02
   1.75618172e-01 -4.14881185e-02  6.19151667e-02 -1.24036878e-01
  -7.43513703e-02 -6.39037788e-02 -6.00824356e-02  1.63324531e-02
   1.45252973e-01  1.68801129e-01 -1.01799749e-01  2.72716805e-02
  -7.15990067e-02 -2.44568158e-02 -1.53816482e-02 -1.83122724e-01
  -2.66005974e-02  2.83555966e-02 -9.91966501e-02 -7.37322941e-02
  -3.00647283e-04 -6.33628434e-03 -5.50051145e-02 -1.40147567e-01
   7.84538686e-02  6.25916198e-02 -2.22182348e-02 -8.94086882e-02
  -1.43966451e-01 -4.58987355e-02 -4.68827002e-02  5.20654861e-03
  -4.55191471e-02 -9.37759504e-02  1.19654313e-02 -5.88844493e-02]]
[[-1.92202795e-02 -7.89319724e-02 -8.91264230e-02 -9.00867805e-02
  -4.91007790e-02  4.67110565e-03  5.38616395e-03 -1.33822919e-04
   7.50647709e-02 -3.65378894e-02 -5.74596450e-02 -5.21124676e-02
   1.27920449e-01  1.49612844e-01 -8.72979090e-02 -3.18400860e-02
   4.30356041e-02  9.22351852e-02  2.74404380e-02  6.60176948e-02
   1.76222309e-01  1.61031261e-01 -2.77885757e-02  8.43046233e-02
   1.62086517e-01 -4.13472727e-02  1.63817219e-02  5.09851202e-02
  -8.97589326e-03 -4.67445292e-02 -7.08466172e-02  1.29017651e-01
   1.25514001e-01 -8.96685570e-02  3.31752226e-02  3.50470319e-02
   1.50065392e-01 -7.12591931e-02  2.07966805e-01 -7.99770206e-02
  -7.68373162e-02  1.63688511e-02 -6.12543374e-02  1.93049327e-01
   8.31644759e-02 -5.18664122e-02  4.20600139e-02 -5.54448739e-02
  -1.19871963e-02  7.07384199e-03 -8.75895172e-02  1.56041116e-01
   2.33830616e-01 -4.45302725e-02  9.77924168e-02  1.30815357e-01
  -8.38604420e-02 -7.08536580e-02  3.40720005e-02 -8.63253623e-02
   9.07521173e-02  7.67491162e-02  1.90078810e-01 -3.60590108e-02
  -7.15974048e-02  1.08313806e-01 -7.08436361e-03 -5.01258485e-02
  -2.35004369e-02  2.08909437e-01  7.87668675e-03 -4.96680662e-02
   2.80555952e-02 -8.79726782e-02  1.40821069e-01 -1.95729006e-02
   5.31362146e-02 -4.59014364e-02 -1.15938503e-02 -4.82945032e-02
   6.93688691e-02 -1.00047186e-01 -8.89266580e-02  1.87072545e-01
   8.53700116e-02 -1.38519719e-01  1.40011311e-01  4.95477393e-02
  -4.26428840e-02 -8.10843483e-02 -5.08921631e-02  1.85183585e-01
   1.27700925e-01 -7.94213191e-02  1.00758858e-01  7.79824629e-02
   1.27407819e-01 -7.97756016e-03 -6.49250746e-02  1.46724004e-02
  -9.26887617e-03 -3.48356143e-02  1.51521834e-02 -4.40992974e-02
  -6.34701774e-02 -2.95881424e-02 -4.21636412e-03  2.28770860e-02
  -7.51230419e-02  9.36125889e-02 -1.25477202e-02  6.12341911e-02
   1.52582616e-01  8.08492750e-02 -1.35455187e-02  1.85135268e-02
  -6.05918802e-02  1.02093458e-01 -3.02828979e-02  3.55708338e-02
  -3.02888118e-02 -5.92394285e-02  9.00368690e-02 -8.26983079e-02
   1.09123522e-02 -4.18956131e-02  1.31521329e-01  2.86561921e-02]
 [ 1.91510692e-01 -8.26551765e-02 -1.44024909e-01 -9.72275659e-02
   4.14525270e-02  4.28913087e-02 -5.02417237e-02 -7.11713508e-02
   6.44021854e-02  2.67994162e-02 -1.64350033e-01  6.37716278e-02
   5.67943156e-02  2.79769916e-02 -1.33490721e-02 -6.37938222e-03
   3.31540667e-02 -3.12150288e-02  8.46487209e-02  7.42077455e-02
  -9.27912667e-02 -4.09470797e-02 -9.52875242e-02 -3.47462073e-02
  -8.39613453e-02 -2.66653001e-02 -1.51268877e-02  2.36436039e-01
   5.76252975e-02 -1.14265263e-01 -5.48864640e-02  1.93708554e-01
  -1.94262713e-02  7.71684712e-03  9.88300666e-02  5.36624156e-02
   8.25708807e-02 -1.38432264e-01  2.01344918e-02 -1.24839157e-01
   2.80312430e-02  1.78450439e-02 -1.73707101e-02  1.68107376e-01
   1.86836720e-02  1.00058824e-01  2.38694120e-02 -8.31025392e-02
  -1.83093511e-02 -1.16534010e-01 -1.70010045e-01 -3.73488404e-02
  -5.19529693e-02 -6.26665130e-02  9.17000920e-02  7.34244958e-02
  -1.84851825e-01 -2.91572511e-02  1.50995865e-01 -4.90800403e-02
   1.54221654e-01  9.36713815e-02 -5.75296693e-02 -1.44192606e-01
  -2.06308477e-02 -7.10883737e-02 -2.74760212e-04 -1.29606174e-02
  -6.45313561e-02  5.22008389e-02 -8.15295652e-02 -8.74659643e-02
  -2.57275533e-02 -2.63736341e-02  9.10795406e-02  1.65150464e-01
  -1.38630152e-01 -7.89469108e-02 -5.73436283e-02 -1.15776330e-01
   8.64780769e-02 -1.12650059e-02 -1.35284290e-01  1.05137341e-01
  -9.03860182e-02 -7.48935342e-02  5.14716804e-02  8.98183435e-02
   5.95447382e-05 -5.73132336e-02 -2.48079514e-03 -3.25504579e-02
   1.75618172e-01 -4.14881185e-02  6.19151667e-02 -1.24036878e-01
  -7.43513703e-02 -6.39037788e-02 -6.00824356e-02  1.63324531e-02
   1.45252973e-01  1.68801129e-01 -1.01799749e-01  2.72716805e-02
  -7.15990067e-02 -2.44568158e-02 -1.53816482e-02 -1.83122724e-01
  -2.66005974e-02  2.83555966e-02 -9.91966501e-02 -7.37322941e-02
  -3.00647283e-04 -6.33628434e-03 -5.50051145e-02 -1.40147567e-01
   7.84538686e-02  6.25916198e-02 -2.22182348e-02 -8.94086882e-02
  -1.43966451e-01 -4.58987355e-02 -4.68827002e-02  5.20654861e-03
  -4.55191471e-02 -9.37759504e-02  1.19654313e-02 -5.88844493e-02]]
[[-1.92202795e-02 -7.89319724e-02 -8.91264230e-02 -9.00867805e-02
  -4.91007790e-02  4.67110565e-03  5.38616395e-03 -1.33822919e-04
   7.50647709e-02 -3.65378894e-02 -5.74596450e-02 -5.21124676e-02
   1.27920449e-01  1.49612844e-01 -8.72979090e-02 -3.18400860e-02
   4.30356041e-02  9.22351852e-02  2.74404380e-02  6.60176948e-02
   1.76222309e-01  1.61031261e-01 -2.77885757e-02  8.43046233e-02
   1.62086517e-01 -4.13472727e-02  1.63817219e-02  5.09851202e-02
  -8.97589326e-03 -4.67445292e-02 -7.08466172e-02  1.29017651e-01
   1.25514001e-01 -8.96685570e-02  3.31752226e-02  3.50470319e-02
   1.50065392e-01 -7.12591931e-02  2.07966805e-01 -7.99770206e-02
  -7.68373162e-02  1.63688511e-02 -6.12543374e-02  1.93049327e-01
   8.31644759e-02 -5.18664122e-02  4.20600139e-02 -5.54448739e-02
  -1.19871963e-02  7.07384199e-03 -8.75895172e-02  1.56041116e-01
   2.33830616e-01 -4.45302725e-02  9.77924168e-02  1.30815357e-01
  -8.38604420e-02 -7.08536580e-02  3.40720005e-02 -8.63253623e-02
   9.07521173e-02  7.67491162e-02  1.90078810e-01 -3.60590108e-02
  -7.15974048e-02  1.08313806e-01 -7.08436361e-03 -5.01258485e-02
  -2.35004369e-02  2.08909437e-01  7.87668675e-03 -4.96680662e-02
   2.80555952e-02 -8.79726782e-02  1.40821069e-01 -1.95729006e-02
   5.31362146e-02 -4.59014364e-02 -1.15938503e-02 -4.82945032e-02
   6.93688691e-02 -1.00047186e-01 -8.89266580e-02  1.87072545e-01
   8.53700116e-02 -1.38519719e-01  1.40011311e-01  4.95477393e-02
  -4.26428840e-02 -8.10843483e-02 -5.08921631e-02  1.85183585e-01
   1.27700925e-01 -7.94213191e-02  1.00758858e-01  7.79824629e-02
   1.27407819e-01 -7.97756016e-03 -6.49250746e-02  1.46724004e-02
  -9.26887617e-03 -3.48356143e-02  1.51521834e-02 -4.40992974e-02
  -6.34701774e-02 -2.95881424e-02 -4.21636412e-03  2.28770860e-02
  -7.51230419e-02  9.36125889e-02 -1.25477202e-02  6.12341911e-02
   1.52582616e-01  8.08492750e-02 -1.35455187e-02  1.85135268e-02
  -6.05918802e-02  1.02093458e-01 -3.02828979e-02  3.55708338e-02
  -3.02888118e-02 -5.92394285e-02  9.00368690e-02 -8.26983079e-02
   1.09123522e-02 -4.18956131e-02  1.31521329e-01  2.86561921e-02]
 [ 1.91510692e-01 -8.26551765e-02 -1.44024909e-01 -9.72275659e-02
   4.14525270e-02  4.28913087e-02 -5.02417237e-02 -7.11713508e-02
   6.44021854e-02  2.67994162e-02 -1.64350033e-01  6.37716278e-02
   5.67943156e-02  2.79769916e-02 -1.33490721e-02 -6.37938222e-03
   3.31540667e-02 -3.12150288e-02  8.46487209e-02  7.42077455e-02
  -9.27912667e-02 -4.09470797e-02 -9.52875242e-02 -3.47462073e-02
  -8.39613453e-02 -2.66653001e-02 -1.51268877e-02  2.36436039e-01
   5.76252975e-02 -1.14265263e-01 -5.48864640e-02  1.93708554e-01
  -1.94262713e-02  7.71684712e-03  9.88300666e-02  5.36624156e-02
   8.25708807e-02 -1.38432264e-01  2.01344918e-02 -1.24839157e-01
   2.80312430e-02  1.78450439e-02 -1.73707101e-02  1.68107376e-01
   1.86836720e-02  1.00058824e-01  2.38694120e-02 -8.31025392e-02
  -1.83093511e-02 -1.16534010e-01 -1.70010045e-01 -3.73488404e-02
  -5.19529693e-02 -6.26665130e-02  9.17000920e-02  7.34244958e-02
  -1.84851825e-01 -2.91572511e-02  1.50995865e-01 -4.90800403e-02
   1.54221654e-01  9.36713815e-02 -5.75296693e-02 -1.44192606e-01
  -2.06308477e-02 -7.10883737e-02 -2.74760212e-04 -1.29606174e-02
  -6.45313561e-02  5.22008389e-02 -8.15295652e-02 -8.74659643e-02
  -2.57275533e-02 -2.63736341e-02  9.10795406e-02  1.65150464e-01
  -1.38630152e-01 -7.89469108e-02 -5.73436283e-02 -1.15776330e-01
   8.64780769e-02 -1.12650059e-02 -1.35284290e-01  1.05137341e-01
  -9.03860182e-02 -7.48935342e-02  5.14716804e-02  8.98183435e-02
   5.95447382e-05 -5.73132336e-02 -2.48079514e-03 -3.25504579e-02
   1.75618172e-01 -4.14881185e-02  6.19151667e-02 -1.24036878e-01
  -7.43513703e-02 -6.39037788e-02 -6.00824356e-02  1.63324531e-02
   1.45252973e-01  1.68801129e-01 -1.01799749e-01  2.72716805e-02
  -7.15990067e-02 -2.44568158e-02 -1.53816482e-02 -1.83122724e-01
  -2.66005974e-02  2.83555966e-02 -9.91966501e-02 -7.37322941e-02
  -3.00647283e-04 -6.33628434e-03 -5.50051145e-02 -1.40147567e-01
   7.84538686e-02  6.25916198e-02 -2.22182348e-02 -8.94086882e-02
  -1.43966451e-01 -4.58987355e-02 -4.68827002e-02  5.20654861e-03
  -4.55191471e-02 -9.37759504e-02  1.19654313e-02 -5.88844493e-02]]
