[[ 1.89774945e-01 -3.61265242e-02 -1.28611535e-01 -1.02899194e-01
   3.86576653e-02  7.41774514e-02 -7.21208528e-02 -4.33178693e-02
   1.37490295e-02  1.53580140e-02 -1.53228864e-01  5.52616008e-02
   2.02081613e-02 -5.30453548e-02 -4.29573795e-03  6.49371818e-02
   1.66545864e-02 -6.00793958e-02  6.90602213e-02  8.16856474e-02
  -8.87628943e-02 -7.01111481e-02 -9.51667577e-02 -2.11234037e-02
  -8.43773037e-02 -5.21507449e-02 -3.26865315e-02  1.91477448e-01
   4.63726409e-02 -1.14396304e-01  4.84341802e-03  1.66401476e-01
  -2.33834311e-02  2.17043012e-02  9.53683853e-02  7.49473944e-02
   9.84742716e-02 -1.11353107e-01  4.50220704e-02 -1.31723285e-01
   8.60020444e-02 -2.18262412e-02 -5.66130430e-02  1.13820188e-01
  -4.85602655e-02  9.19065773e-02  2.71482319e-02 -9.07354429e-02
  -1.52869755e-02 -1.12028770e-01 -1.63781762e-01 -4.53599207e-02
  -8.56261328e-02 -7.38058984e-02  1.20782025e-01  1.19738765e-01
  -1.32054478e-01 -2.89022755e-02  1.56701475e-01 -3.31214145e-02
   1.40603244e-01  1.01702750e-01 -9.04144049e-02 -1.40442267e-01
  -1.62626747e-02 -8.85081664e-02  3.30865346e-02 -2.20727567e-02
  -7.33083114e-02  6.50415793e-02 -7.85160363e-02 -9.93649885e-02
  -2.15269048e-02 -1.78587791e-02  1.02055997e-01  1.27105221e-01
  -7.16443956e-02 -6.10036701e-02 -2.81762816e-02 -1.13473035e-01
   1.07916795e-01  4.74129580e-02 -1.29635856e-01  6.75649792e-02
  -9.92205441e-02 -8.72432217e-02 -9.29691363e-03  5.56402877e-02
  -6.86132815e-03 -2.90549956e-02 -1.32098254e-02 -5.78529909e-02
   1.50968477e-01  2.41101012e-02  4.06748690e-02 -1.95681736e-01
  -1.04702987e-01 -6.68855608e-02 -6.53702840e-02  6.75640209e-03
   1.35064006e-01  2.14055479e-01 -9.01770368e-02  7.15074653e-04
  -4.96025346e-02 -3.58743854e-02 -4.79856730e-02 -1.83040440e-01
   4.55665886e-02 -3.09547521e-02 -1.09236501e-01 -8.55641142e-02
   1.09427618e-02 -3.08776125e-02 -2.09138542e-02 -1.42619744e-01
   1.60183355e-01  7.02432245e-02 -2.02820096e-02 -1.02268182e-01
  -1.27253056e-01 -6.54626712e-02 -6.47357553e-02  8.72514248e-02
  -6.11784570e-02 -4.23536971e-02  2.23269053e-02 -9.12969038e-02]
 [ 3.56098302e-02 -8.31734762e-02 -1.09682821e-01 -9.55075100e-02
  -2.90618110e-02  1.94212254e-02  1.57484077e-02 -2.39034612e-02
   7.95035139e-02 -2.95709912e-02 -4.95607741e-02 -5.94937205e-02
   1.04153961e-01  1.65777355e-01 -9.22152922e-02 -5.65463305e-02
   4.80800457e-02  6.11207969e-02 -1.20130479e-02  5.03487885e-02
   1.62977591e-01  1.83233455e-01 -3.56299356e-02  9.06212181e-02
   1.47573605e-01 -3.88124995e-02 -1.63387973e-02  8.09437633e-02
   8.18091939e-05 -5.53166717e-02 -6.75523505e-02  6.50887266e-02
   1.01488046e-01 -6.01214394e-02  3.01729012e-02  7.30014145e-02
   1.19914070e-01 -6.79064766e-02  2.08844498e-01 -7.07975850e-02
  -8.20325613e-02  9.09592863e-03 -6.82873800e-02  1.83471397e-01
   7.46855736e-02 -5.94821237e-02  4.93104160e-02 -5.73913567e-02
  -3.18256877e-02 -8.75104591e-03 -8.45059976e-02  1.24911427e-01
   2.51742870e-01 -2.99004670e-02  1.17566332e-01  1.48070052e-01
  -6.25193715e-02 -6.71806559e-02  4.42109220e-02 -8.86738673e-02
   7.67471343e-02  1.02482311e-01  2.03778580e-01 -3.71252522e-02
  -6.90938681e-02  1.19824678e-01 -1.14879794e-02 -5.63298538e-02
   4.59246896e-03  1.70887038e-01  2.56156269e-03 -5.25769852e-02
   3.86335254e-02 -7.70638585e-02  1.27022132e-01  9.05941520e-03
   4.53459881e-02 -4.49953526e-02 -6.82982709e-03 -3.64868045e-02
   4.49175909e-02 -9.88664404e-02 -8.93905908e-02  1.62092254e-01
   1.08048037e-01 -1.12951308e-01  1.12249158e-01  1.41828880e-01
  -2.66963728e-02 -8.94899741e-02 -3.50131243e-02  2.18852744e-01
   1.55864969e-01 -8.17215070e-02  1.18550800e-01  6.74905106e-02
   1.44655421e-01 -9.93263163e-03 -8.24340582e-02  2.99344715e-02
   1.68234855e-02 -1.43489186e-02  4.94379066e-02 -2.70970340e-04
  -2.45071445e-02 -9.63426102e-03  1.14905676e-02 -3.43243056e-03
  -8.14298689e-02  8.13689604e-02 -7.19947228e-03  8.81532356e-02
   1.57163620e-01  1.17431395e-01 -3.59290913e-02  4.13749069e-02
  -6.89542741e-02  5.46142347e-02 -1.39426589e-02  2.60461327e-02
  -4.59080338e-02 -4.53411415e-02  3.12620252e-02 -8.22417066e-02
   1.92944482e-02 -4.87810820e-02  1.52412310e-01  1.54051688e-02]]
[[ 1.89774945e-01 -3.61265242e-02 -1.28611535e-01 -1.02899194e-01
   3.86576653e-02  7.41774514e-02 -7.21208528e-02 -4.33178693e-02
   1.37490295e-02  1.53580140e-02 -1.53228864e-01  5.52616008e-02
   2.02081613e-02 -5.30453548e-02 -4.29573795e-03  6.49371818e-02
   1.66545864e-02 -6.00793958e-02  6.90602213e-02  8.16856474e-02
  -8.87628943e-02 -7.01111481e-02 -9.51667577e-02 -2.11234037e-02
  -8.43773037e-02 -5.21507449e-02 -3.26865315e-02  1.91477448e-01
   4.63726409e-02 -1.14396304e-01  4.84341802e-03  1.66401476e-01
  -2.33834311e-02  2.17043012e-02  9.53683853e-02  7.49473944e-02
   9.84742716e-02 -1.11353107e-01  4.50220704e-02 -1.31723285e-01
   8.60020444e-02 -2.18262412e-02 -5.66130430e-02  1.13820188e-01
  -4.85602655e-02  9.19065773e-02  2.71482319e-02 -9.07354429e-02
  -1.52869755e-02 -1.12028770e-01 -1.63781762e-01 -4.53599207e-02
  -8.56261328e-02 -7.38058984e-02  1.20782025e-01  1.19738765e-01
  -1.32054478e-01 -2.89022755e-02  1.56701475e-01 -3.31214145e-02
   1.40603244e-01  1.01702750e-01 -9.04144049e-02 -1.40442267e-01
  -1.62626747e-02 -8.85081664e-02  3.30865346e-02 -2.20727567e-02
  -7.33083114e-02  6.50415793e-02 -7.85160363e-02 -9.93649885e-02
  -2.15269048e-02 -1.78587791e-02  1.02055997e-01  1.27105221e-01
  -7.16443956e-02 -6.10036701e-02 -2.81762816e-02 -1.13473035e-01
   1.07916795e-01  4.74129580e-02 -1.29635856e-01  6.75649792e-02
  -9.92205441e-02 -8.72432217e-02 -9.29691363e-03  5.56402877e-02
  -6.86132815e-03 -2.90549956e-02 -1.32098254e-02 -5.78529909e-02
   1.50968477e-01  2.41101012e-02  4.06748690e-02 -1.95681736e-01
  -1.04702987e-01 -6.68855608e-02 -6.53702840e-02  6.75640209e-03
   1.35064006e-01  2.14055479e-01 -9.01770368e-02  7.15074653e-04
  -4.96025346e-02 -3.58743854e-02 -4.79856730e-02 -1.83040440e-01
   4.55665886e-02 -3.09547521e-02 -1.09236501e-01 -8.55641142e-02
   1.09427618e-02 -3.08776125e-02 -2.09138542e-02 -1.42619744e-01
   1.60183355e-01  7.02432245e-02 -2.02820096e-02 -1.02268182e-01
  -1.27253056e-01 -6.54626712e-02 -6.47357553e-02  8.72514248e-02
  -6.11784570e-02 -4.23536971e-02  2.23269053e-02 -9.12969038e-02]
 [ 3.56098302e-02 -8.31734762e-02 -1.09682821e-01 -9.55075100e-02
  -2.90618110e-02  1.94212254e-02  1.57484077e-02 -2.39034612e-02
   7.95035139e-02 -2.95709912e-02 -4.95607741e-02 -5.94937205e-02
   1.04153961e-01  1.65777355e-01 -9.22152922e-02 -5.65463305e-02
   4.80800457e-02  6.11207969e-02 -1.20130479e-02  5.03487885e-02
   1.62977591e-01  1.83233455e-01 -3.56299356e-02  9.06212181e-02
   1.47573605e-01 -3.88124995e-02 -1.63387973e-02  8.09437633e-02
   8.18091939e-05 -5.53166717e-02 -6.75523505e-02  6.50887266e-02
   1.01488046e-01 -6.01214394e-02  3.01729012e-02  7.30014145e-02
   1.19914070e-01 -6.79064766e-02  2.08844498e-01 -7.07975850e-02
  -8.20325613e-02  9.09592863e-03 -6.82873800e-02  1.83471397e-01
   7.46855736e-02 -5.94821237e-02  4.93104160e-02 -5.73913567e-02
  -3.18256877e-02 -8.75104591e-03 -8.45059976e-02  1.24911427e-01
   2.51742870e-01 -2.99004670e-02  1.17566332e-01  1.48070052e-01
  -6.25193715e-02 -6.71806559e-02  4.42109220e-02 -8.86738673e-02
   7.67471343e-02  1.02482311e-01  2.03778580e-01 -3.71252522e-02
  -6.90938681e-02  1.19824678e-01 -1.14879794e-02 -5.63298538e-02
   4.59246896e-03  1.70887038e-01  2.56156269e-03 -5.25769852e-02
   3.86335254e-02 -7.70638585e-02  1.27022132e-01  9.05941520e-03
   4.53459881e-02 -4.49953526e-02 -6.82982709e-03 -3.64868045e-02
   4.49175909e-02 -9.88664404e-02 -8.93905908e-02  1.62092254e-01
   1.08048037e-01 -1.12951308e-01  1.12249158e-01  1.41828880e-01
  -2.66963728e-02 -8.94899741e-02 -3.50131243e-02  2.18852744e-01
   1.55864969e-01 -8.17215070e-02  1.18550800e-01  6.74905106e-02
   1.44655421e-01 -9.93263163e-03 -8.24340582e-02  2.99344715e-02
   1.68234855e-02 -1.43489186e-02  4.94379066e-02 -2.70970340e-04
  -2.45071445e-02 -9.63426102e-03  1.14905676e-02 -3.43243056e-03
  -8.14298689e-02  8.13689604e-02 -7.19947228e-03  8.81532356e-02
   1.57163620e-01  1.17431395e-01 -3.59290913e-02  4.13749069e-02
  -6.89542741e-02  5.46142347e-02 -1.39426589e-02  2.60461327e-02
  -4.59080338e-02 -4.53411415e-02  3.12620252e-02 -8.22417066e-02
   1.92944482e-02 -4.87810820e-02  1.52412310e-01  1.54051688e-02]]
[[ 1.89774945e-01 -3.61265242e-02 -1.28611535e-01 -1.02899194e-01
   3.86576653e-02  7.41774514e-02 -7.21208528e-02 -4.33178693e-02
   1.37490295e-02  1.53580140e-02 -1.53228864e-01  5.52616008e-02
   2.02081613e-02 -5.30453548e-02 -4.29573795e-03  6.49371818e-02
   1.66545864e-02 -6.00793958e-02  6.90602213e-02  8.16856474e-02
  -8.87628943e-02 -7.01111481e-02 -9.51667577e-02 -2.11234037e-02
  -8.43773037e-02 -5.21507449e-02 -3.26865315e-02  1.91477448e-01
   4.63726409e-02 -1.14396304e-01  4.84341802e-03  1.66401476e-01
  -2.33834311e-02  2.17043012e-02  9.53683853e-02  7.49473944e-02
   9.84742716e-02 -1.11353107e-01  4.50220704e-02 -1.31723285e-01
   8.60020444e-02 -2.18262412e-02 -5.66130430e-02  1.13820188e-01
  -4.85602655e-02  9.19065773e-02  2.71482319e-02 -9.07354429e-02
  -1.52869755e-02 -1.12028770e-01 -1.63781762e-01 -4.53599207e-02
  -8.56261328e-02 -7.38058984e-02  1.20782025e-01  1.19738765e-01
  -1.32054478e-01 -2.89022755e-02  1.56701475e-01 -3.31214145e-02
   1.40603244e-01  1.01702750e-01 -9.04144049e-02 -1.40442267e-01
  -1.62626747e-02 -8.85081664e-02  3.30865346e-02 -2.20727567e-02
  -7.33083114e-02  6.50415793e-02 -7.85160363e-02 -9.93649885e-02
  -2.15269048e-02 -1.78587791e-02  1.02055997e-01  1.27105221e-01
  -7.16443956e-02 -6.10036701e-02 -2.81762816e-02 -1.13473035e-01
   1.07916795e-01  4.74129580e-02 -1.29635856e-01  6.75649792e-02
  -9.92205441e-02 -8.72432217e-02 -9.29691363e-03  5.56402877e-02
  -6.86132815e-03 -2.90549956e-02 -1.32098254e-02 -5.78529909e-02
   1.50968477e-01  2.41101012e-02  4.06748690e-02 -1.95681736e-01
  -1.04702987e-01 -6.68855608e-02 -6.53702840e-02  6.75640209e-03
   1.35064006e-01  2.14055479e-01 -9.01770368e-02  7.15074653e-04
  -4.96025346e-02 -3.58743854e-02 -4.79856730e-02 -1.83040440e-01
   4.55665886e-02 -3.09547521e-02 -1.09236501e-01 -8.55641142e-02
   1.09427618e-02 -3.08776125e-02 -2.09138542e-02 -1.42619744e-01
   1.60183355e-01  7.02432245e-02 -2.02820096e-02 -1.02268182e-01
  -1.27253056e-01 -6.54626712e-02 -6.47357553e-02  8.72514248e-02
  -6.11784570e-02 -4.23536971e-02  2.23269053e-02 -9.12969038e-02]
 [ 3.56098302e-02 -8.31734762e-02 -1.09682821e-01 -9.55075100e-02
  -2.90618110e-02  1.94212254e-02  1.57484077e-02 -2.39034612e-02
   7.95035139e-02 -2.95709912e-02 -4.95607741e-02 -5.94937205e-02
   1.04153961e-01  1.65777355e-01 -9.22152922e-02 -5.65463305e-02
   4.80800457e-02  6.11207969e-02 -1.20130479e-02  5.03487885e-02
   1.62977591e-01  1.83233455e-01 -3.56299356e-02  9.06212181e-02
   1.47573605e-01 -3.88124995e-02 -1.63387973e-02  8.09437633e-02
   8.18091939e-05 -5.53166717e-02 -6.75523505e-02  6.50887266e-02
   1.01488046e-01 -6.01214394e-02  3.01729012e-02  7.30014145e-02
   1.19914070e-01 -6.79064766e-02  2.08844498e-01 -7.07975850e-02
  -8.20325613e-02  9.09592863e-03 -6.82873800e-02  1.83471397e-01
   7.46855736e-02 -5.94821237e-02  4.93104160e-02 -5.73913567e-02
  -3.18256877e-02 -8.75104591e-03 -8.45059976e-02  1.24911427e-01
   2.51742870e-01 -2.99004670e-02  1.17566332e-01  1.48070052e-01
  -6.25193715e-02 -6.71806559e-02  4.42109220e-02 -8.86738673e-02
   7.67471343e-02  1.02482311e-01  2.03778580e-01 -3.71252522e-02
  -6.90938681e-02  1.19824678e-01 -1.14879794e-02 -5.63298538e-02
   4.59246896e-03  1.70887038e-01  2.56156269e-03 -5.25769852e-02
   3.86335254e-02 -7.70638585e-02  1.27022132e-01  9.05941520e-03
   4.53459881e-02 -4.49953526e-02 -6.82982709e-03 -3.64868045e-02
   4.49175909e-02 -9.88664404e-02 -8.93905908e-02  1.62092254e-01
   1.08048037e-01 -1.12951308e-01  1.12249158e-01  1.41828880e-01
  -2.66963728e-02 -8.94899741e-02 -3.50131243e-02  2.18852744e-01
   1.55864969e-01 -8.17215070e-02  1.18550800e-01  6.74905106e-02
   1.44655421e-01 -9.93263163e-03 -8.24340582e-02  2.99344715e-02
   1.68234855e-02 -1.43489186e-02  4.94379066e-02 -2.70970340e-04
  -2.45071445e-02 -9.63426102e-03  1.14905676e-02 -3.43243056e-03
  -8.14298689e-02  8.13689604e-02 -7.19947228e-03  8.81532356e-02
   1.57163620e-01  1.17431395e-01 -3.59290913e-02  4.13749069e-02
  -6.89542741e-02  5.46142347e-02 -1.39426589e-02  2.60461327e-02
  -4.59080338e-02 -4.53411415e-02  3.12620252e-02 -8.22417066e-02
   1.92944482e-02 -4.87810820e-02  1.52412310e-01  1.54051688e-02]]
