[[-0.00481921 -0.09916694 -0.0858504  -0.07292558 -0.04901767  0.05287328
  -0.01020143  0.01538685  0.07417274 -0.0225391  -0.05768219 -0.04880153
   0.07784224  0.17905709 -0.08884235 -0.0288186   0.05142643  0.07096513
   0.04854172  0.07691692  0.13581552  0.19139704 -0.03863173  0.09405323
   0.08448449 -0.03435296  0.09461455  0.05245851  0.02878522 -0.0400839
  -0.08702177  0.13557555  0.1559134  -0.12748058 -0.0200999   0.03787958
   0.13866006 -0.06496857  0.17352109 -0.07817292 -0.07373071  0.01609838
  -0.01113286  0.13120049  0.15304668 -0.02481448  0.00970095 -0.06782573
  -0.03162687  0.03645945 -0.10245995  0.15865447  0.25845644 -0.03828304
   0.08144344  0.17547944 -0.12069388 -0.08220028  0.06424218 -0.0866796
   0.09637918  0.09948455  0.18349339 -0.03323085 -0.09173992  0.09843623
  -0.00303686 -0.06047956 -0.02483395  0.21479303  0.04038341 -0.06441694
  -0.02987981 -0.09926587  0.14300899 -0.03101012  0.01296618 -0.0585481
  -0.0261434  -0.01001642  0.09124929 -0.10237012 -0.09637464  0.19863144
   0.114595   -0.11777071  0.11502524  0.05916343 -0.04334021 -0.08058827
  -0.0556737   0.13295956  0.1141251  -0.07220748  0.04561333  0.07351206
   0.11362985 -0.04012675 -0.0537152   0.00865261 -0.07264704 -0.07024271
   0.03352705 -0.05455562 -0.05383272  0.01423205  0.03220167 -0.02921323
  -0.08523368  0.08040875  0.00159283  0.01352507  0.09004796  0.05717563
   0.01845632  0.04546021 -0.06353723  0.09694072 -0.02675162  0.06714053
  -0.03266461 -0.06151531  0.09104779 -0.08944709  0.0624386  -0.04932544
   0.09641863  0.04699976]
 [ 0.24269007 -0.07655882 -0.13703598 -0.14990081  0.00375617  0.07898455
   0.00880736 -0.04225703  0.12761404  0.04019453 -0.1669283   0.07711182
   0.02856955 -0.02701741 -0.00318429 -0.05514033  0.04510161  0.02316832
   0.0489246  -0.06803148 -0.06861628 -0.06507685 -0.03843349 -0.05554304
  -0.08757602 -0.07788736  0.04088781  0.15883203  0.04716649 -0.08544163
  -0.04940765  0.17922606  0.04064883 -0.0138579   0.05972864 -0.02102182
   0.09386282 -0.13034059  0.02551533 -0.07223594  0.00044971  0.05895003
   0.02287945  0.10658956  0.07174841  0.14673485 -0.0167423  -0.10755797
  -0.03583686 -0.07746718 -0.16267906 -0.07132642 -0.03958459 -0.0690801
   0.07112502  0.0637176  -0.19587012 -0.03757186  0.14552556 -0.08972058
   0.14235792  0.0714414  -0.08840141 -0.16235569 -0.04203652 -0.08830833
  -0.01198155 -0.01598037 -0.06266109  0.0865614  -0.08999685 -0.11441499
  -0.03547105 -0.11219919  0.08578274  0.13897468 -0.07198714 -0.07964139
  -0.07748509 -0.08551147  0.15823404  0.0284177  -0.13553073  0.07807216
  -0.0182787  -0.05889215 -0.04580317  0.13994142 -0.01749578 -0.10831317
  -0.02383751 -0.09671781  0.16528526 -0.08248102 -0.02907293 -0.09408589
  -0.05820118 -0.06031686 -0.05054185  0.01926763  0.05857844  0.13970268
  -0.1084909   0.01860972 -0.04435183 -0.02836736 -0.03037268 -0.20117624
  -0.06931899  0.0240009  -0.06458205 -0.11006074  0.0485297  -0.03416369
  -0.01063262 -0.11918592  0.01243053  0.1061689  -0.06997988 -0.10843376
  -0.15261324 -0.02889688  0.02878051  0.01024708 -0.01237653 -0.09008987
  -0.04571126 -0.07613129]]
[[-0.00481921 -0.09916694 -0.0858504  -0.07292558 -0.04901767  0.05287328
  -0.01020143  0.01538685  0.07417274 -0.0225391  -0.05768219 -0.04880153
   0.07784224  0.17905709 -0.08884235 -0.0288186   0.05142643  0.07096513
   0.04854172  0.07691692  0.13581552  0.19139704 -0.03863173  0.09405323
   0.08448449 -0.03435296  0.09461455  0.05245851  0.02878522 -0.0400839
  -0.08702177  0.13557555  0.1559134  -0.12748058 -0.0200999   0.03787958
   0.13866006 -0.06496857  0.17352109 -0.07817292 -0.07373071  0.01609838
  -0.01113286  0.13120049  0.15304668 -0.02481448  0.00970095 -0.06782573
  -0.03162687  0.03645945 -0.10245995  0.15865447  0.25845644 -0.03828304
   0.08144344  0.17547944 -0.12069388 -0.08220028  0.06424218 -0.0866796
   0.09637918  0.09948455  0.18349339 -0.03323085 -0.09173992  0.09843623
  -0.00303686 -0.06047956 -0.02483395  0.21479303  0.04038341 -0.06441694
  -0.02987981 -0.09926587  0.14300899 -0.03101012  0.01296618 -0.0585481
  -0.0261434  -0.01001642  0.09124929 -0.10237012 -0.09637464  0.19863144
   0.114595   -0.11777071  0.11502524  0.05916343 -0.04334021 -0.08058827
  -0.0556737   0.13295956  0.1141251  -0.07220748  0.04561333  0.07351206
   0.11362985 -0.04012675 -0.0537152   0.00865261 -0.07264704 -0.07024271
   0.03352705 -0.05455562 -0.05383272  0.01423205  0.03220167 -0.02921323
  -0.08523368  0.08040875  0.00159283  0.01352507  0.09004796  0.05717563
   0.01845632  0.04546021 -0.06353723  0.09694072 -0.02675162  0.06714053
  -0.03266461 -0.06151531  0.09104779 -0.08944709  0.0624386  -0.04932544
   0.09641863  0.04699976]
 [ 0.24269007 -0.07655882 -0.13703598 -0.14990081  0.00375617  0.07898455
   0.00880736 -0.04225703  0.12761404  0.04019453 -0.1669283   0.07711182
   0.02856955 -0.02701741 -0.00318429 -0.05514033  0.04510161  0.02316832
   0.0489246  -0.06803148 -0.06861628 -0.06507685 -0.03843349 -0.05554304
  -0.08757602 -0.07788736  0.04088781  0.15883203  0.04716649 -0.08544163
  -0.04940765  0.17922606  0.04064883 -0.0138579   0.05972864 -0.02102182
   0.09386282 -0.13034059  0.02551533 -0.07223594  0.00044971  0.05895003
   0.02287945  0.10658956  0.07174841  0.14673485 -0.0167423  -0.10755797
  -0.03583686 -0.07746718 -0.16267906 -0.07132642 -0.03958459 -0.0690801
   0.07112502  0.0637176  -0.19587012 -0.03757186  0.14552556 -0.08972058
   0.14235792  0.0714414  -0.08840141 -0.16235569 -0.04203652 -0.08830833
  -0.01198155 -0.01598037 -0.06266109  0.0865614  -0.08999685 -0.11441499
  -0.03547105 -0.11219919  0.08578274  0.13897468 -0.07198714 -0.07964139
  -0.07748509 -0.08551147  0.15823404  0.0284177  -0.13553073  0.07807216
  -0.0182787  -0.05889215 -0.04580317  0.13994142 -0.01749578 -0.10831317
  -0.02383751 -0.09671781  0.16528526 -0.08248102 -0.02907293 -0.09408589
  -0.05820118 -0.06031686 -0.05054185  0.01926763  0.05857844  0.13970268
  -0.1084909   0.01860972 -0.04435183 -0.02836736 -0.03037268 -0.20117624
  -0.06931899  0.0240009  -0.06458205 -0.11006074  0.0485297  -0.03416369
  -0.01063262 -0.11918592  0.01243053  0.1061689  -0.06997988 -0.10843376
  -0.15261324 -0.02889688  0.02878051  0.01024708 -0.01237653 -0.09008987
  -0.04571126 -0.07613129]]
[[-0.00481921 -0.09916694 -0.0858504  -0.07292558 -0.04901767  0.05287328
  -0.01020143  0.01538685  0.07417274 -0.0225391  -0.05768219 -0.04880153
   0.07784224  0.17905709 -0.08884235 -0.0288186   0.05142643  0.07096513
   0.04854172  0.07691692  0.13581552  0.19139704 -0.03863173  0.09405323
   0.08448449 -0.03435296  0.09461455  0.05245851  0.02878522 -0.0400839
  -0.08702177  0.13557555  0.1559134  -0.12748058 -0.0200999   0.03787958
   0.13866006 -0.06496857  0.17352109 -0.07817292 -0.07373071  0.01609838
  -0.01113286  0.13120049  0.15304668 -0.02481448  0.00970095 -0.06782573
  -0.03162687  0.03645945 -0.10245995  0.15865447  0.25845644 -0.03828304
   0.08144344  0.17547944 -0.12069388 -0.08220028  0.06424218 -0.0866796
   0.09637918  0.09948455  0.18349339 -0.03323085 -0.09173992  0.09843623
  -0.00303686 -0.06047956 -0.02483395  0.21479303  0.04038341 -0.06441694
  -0.02987981 -0.09926587  0.14300899 -0.03101012  0.01296618 -0.0585481
  -0.0261434  -0.01001642  0.09124929 -0.10237012 -0.09637464  0.19863144
   0.114595   -0.11777071  0.11502524  0.05916343 -0.04334021 -0.08058827
  -0.0556737   0.13295956  0.1141251  -0.07220748  0.04561333  0.07351206
   0.11362985 -0.04012675 -0.0537152   0.00865261 -0.07264704 -0.07024271
   0.03352705 -0.05455562 -0.05383272  0.01423205  0.03220167 -0.02921323
  -0.08523368  0.08040875  0.00159283  0.01352507  0.09004796  0.05717563
   0.01845632  0.04546021 -0.06353723  0.09694072 -0.02675162  0.06714053
  -0.03266461 -0.06151531  0.09104779 -0.08944709  0.0624386  -0.04932544
   0.09641863  0.04699976]
 [ 0.24269007 -0.07655882 -0.13703598 -0.14990081  0.00375617  0.07898455
   0.00880736 -0.04225703  0.12761404  0.04019453 -0.1669283   0.07711182
   0.02856955 -0.02701741 -0.00318429 -0.05514033  0.04510161  0.02316832
   0.0489246  -0.06803148 -0.06861628 -0.06507685 -0.03843349 -0.05554304
  -0.08757602 -0.07788736  0.04088781  0.15883203  0.04716649 -0.08544163
  -0.04940765  0.17922606  0.04064883 -0.0138579   0.05972864 -0.02102182
   0.09386282 -0.13034059  0.02551533 -0.07223594  0.00044971  0.05895003
   0.02287945  0.10658956  0.07174841  0.14673485 -0.0167423  -0.10755797
  -0.03583686 -0.07746718 -0.16267906 -0.07132642 -0.03958459 -0.0690801
   0.07112502  0.0637176  -0.19587012 -0.03757186  0.14552556 -0.08972058
   0.14235792  0.0714414  -0.08840141 -0.16235569 -0.04203652 -0.08830833
  -0.01198155 -0.01598037 -0.06266109  0.0865614  -0.08999685 -0.11441499
  -0.03547105 -0.11219919  0.08578274  0.13897468 -0.07198714 -0.07964139
  -0.07748509 -0.08551147  0.15823404  0.0284177  -0.13553073  0.07807216
  -0.0182787  -0.05889215 -0.04580317  0.13994142 -0.01749578 -0.10831317
  -0.02383751 -0.09671781  0.16528526 -0.08248102 -0.02907293 -0.09408589
  -0.05820118 -0.06031686 -0.05054185  0.01926763  0.05857844  0.13970268
  -0.1084909   0.01860972 -0.04435183 -0.02836736 -0.03037268 -0.20117624
  -0.06931899  0.0240009  -0.06458205 -0.11006074  0.0485297  -0.03416369
  -0.01063262 -0.11918592  0.01243053  0.1061689  -0.06997988 -0.10843376
  -0.15261324 -0.02889688  0.02878051  0.01024708 -0.01237653 -0.09008987
  -0.04571126 -0.07613129]]
