[[ 8.64076056e-03 -7.81281143e-02 -6.75415546e-02 -8.13212097e-02
  -3.88705432e-02  7.88619090e-03  1.41261714e-02  3.89828235e-02
   6.51359111e-02 -3.89573723e-02 -4.36698310e-02 -3.48575935e-02
   9.82778519e-02  1.79004401e-01 -9.29352120e-02 -3.96425538e-02
   6.68589994e-02  7.16628954e-02  1.82342045e-02  3.17035094e-02
   1.79560810e-01  2.09009990e-01 -1.01520363e-02  1.10041685e-01
   1.23153165e-01 -2.32761968e-02 -1.75171364e-02  4.19898443e-02
  -4.15740302e-03 -3.66152339e-02 -8.27818289e-02  1.57371819e-01
   1.29809394e-01 -1.06578007e-01  2.66490262e-02  1.03519661e-02
   1.41788512e-01 -6.91608340e-02  1.89956903e-01 -8.83122310e-02
  -7.50264525e-02 -8.37611686e-03 -7.17361197e-02  1.93290278e-01
   1.03568017e-01 -5.88792749e-02  3.85828465e-02 -4.88426797e-02
   3.42528448e-02  4.79250262e-03 -9.99098346e-02  1.46750778e-01
   2.53917098e-01 -3.12904976e-02  8.49322528e-02  1.35305062e-01
  -1.02593467e-01 -8.43593925e-02  4.98155057e-02 -8.56160074e-02
   8.71725157e-02  5.91485314e-02  1.59579262e-01 -1.27588902e-02
  -5.75707220e-02  1.21798225e-01 -3.31916399e-02 -5.20289466e-02
  -3.61872911e-02  1.69829816e-01  3.87204029e-02 -7.13527799e-02
   3.01205870e-02 -7.84975886e-02  1.29642814e-01 -3.22512947e-02
   2.69487090e-02 -6.72571957e-02 -8.73527490e-03 -4.95747626e-02
   1.12273574e-01 -7.98192620e-02 -9.11435783e-02  1.68390766e-01
   6.72226176e-02 -1.14813633e-01  1.48631141e-01  6.32635430e-02
  -2.86007449e-02 -9.31714177e-02 -2.75001880e-02  2.22897127e-01
   1.19184792e-01 -8.19553435e-02  1.04587197e-01  7.03717694e-02
   1.21689446e-01 -4.34217490e-02 -6.65630549e-02 -1.31246606e-02
  -1.96174067e-02 -1.88722536e-02  2.18983311e-02 -4.36563082e-02
  -6.72461987e-02 -1.78105514e-02 -2.61099339e-02  3.40715498e-02
  -7.30681047e-02  1.15182780e-01 -3.95889580e-02  4.50986326e-02
   1.39107376e-01  1.00202210e-01  3.26429941e-02  6.41096458e-02
  -3.57739665e-02  5.64256757e-02 -3.35110463e-02  4.28623892e-03
  -1.88820937e-03 -5.56498393e-02  9.82544571e-02 -8.30375478e-02
  -3.25627858e-03 -3.26403081e-02  1.18878357e-01  2.93269679e-02]
 [ 2.11088642e-01 -9.65248197e-02 -1.22827858e-01 -1.21315584e-01
   3.09102573e-02  5.17338775e-02 -7.11553264e-03 -7.07280189e-02
   1.18401378e-01  5.35156950e-02 -1.61256820e-01  6.90935329e-02
   6.27211556e-02  2.68529207e-02 -1.21688647e-02 -5.43758832e-02
   3.36534902e-02  7.40415882e-03  7.09075630e-02  3.05308215e-02
  -7.34484419e-02 -3.86214107e-02 -6.19571842e-02 -4.79341447e-02
  -8.21346492e-02 -3.40106562e-02  8.26378446e-03  2.23826990e-01
   7.93481395e-02 -1.02548569e-01 -5.81398681e-02  1.53958887e-01
   2.23734993e-02  5.93873532e-03  7.84458667e-02  1.22293523e-02
   1.07753925e-01 -1.40194416e-01  2.70776749e-02 -1.15750574e-01
  -1.26212286e-02  9.22707748e-03  1.88427221e-03  1.71296284e-01
   7.27881715e-02  1.12361811e-01  8.63163453e-03 -1.01532780e-01
  -3.24295871e-02 -9.89257395e-02 -1.61363423e-01 -5.42424209e-02
  -3.40565108e-02 -6.68285638e-02  7.74854645e-02  7.05533177e-02
  -1.78452075e-01 -3.19941267e-02  1.29554883e-01 -7.72289708e-02
   1.46811515e-01  8.46647322e-02 -5.43665588e-02 -1.44860610e-01
  -4.34029102e-02 -7.24446252e-02 -1.01114977e-02 -2.57551502e-02
  -6.46421090e-02  5.30489869e-02 -7.91253373e-02 -9.29433033e-02
  -2.05980744e-02 -3.92767787e-02  1.00219622e-01  1.99343666e-01
  -1.30243570e-01 -8.08229372e-02 -7.52444267e-02 -1.14742532e-01
   9.33997855e-02 -1.13427220e-02 -1.34170845e-01  1.25709295e-01
  -8.23120549e-02 -6.91645965e-02  4.86518606e-04  1.33885622e-01
  -1.55841187e-02 -8.57036337e-02 -2.83747688e-02 -5.26577234e-02
   2.15814292e-01 -6.24475852e-02  3.72034647e-02 -8.37701559e-02
  -3.76364663e-02 -5.79649359e-02 -5.58040626e-02 -1.29870750e-04
   1.14540361e-01  1.52642921e-01 -1.06274098e-01  6.88857287e-02
  -4.58849035e-02 -4.67333607e-02  5.81786269e-03 -1.89321220e-01
  -5.63095100e-02  3.30408067e-02 -8.47377777e-02 -8.57921094e-02
   2.47924570e-02  4.58926195e-03 -4.13607433e-02 -1.23091921e-01
  -5.75878657e-03  6.65329024e-02 -3.74890678e-02 -9.81289521e-02
  -1.47281215e-01 -3.40917483e-02 -1.97212901e-02 -1.16522389e-03
  -1.96848623e-02 -9.97040570e-02 -1.96111165e-02 -5.40962741e-02]]
[[ 8.64076056e-03 -7.81281143e-02 -6.75415546e-02 -8.13212097e-02
  -3.88705432e-02  7.88619090e-03  1.41261714e-02  3.89828235e-02
   6.51359111e-02 -3.89573723e-02 -4.36698310e-02 -3.48575935e-02
   9.82778519e-02  1.79004401e-01 -9.29352120e-02 -3.96425538e-02
   6.68589994e-02  7.16628954e-02  1.82342045e-02  3.17035094e-02
   1.79560810e-01  2.09009990e-01 -1.01520363e-02  1.10041685e-01
   1.23153165e-01 -2.32761968e-02 -1.75171364e-02  4.19898443e-02
  -4.15740302e-03 -3.66152339e-02 -8.27818289e-02  1.57371819e-01
   1.29809394e-01 -1.06578007e-01  2.66490262e-02  1.03519661e-02
   1.41788512e-01 -6.91608340e-02  1.89956903e-01 -8.83122310e-02
  -7.50264525e-02 -8.37611686e-03 -7.17361197e-02  1.93290278e-01
   1.03568017e-01 -5.88792749e-02  3.85828465e-02 -4.88426797e-02
   3.42528448e-02  4.79250262e-03 -9.99098346e-02  1.46750778e-01
   2.53917098e-01 -3.12904976e-02  8.49322528e-02  1.35305062e-01
  -1.02593467e-01 -8.43593925e-02  4.98155057e-02 -8.56160074e-02
   8.71725157e-02  5.91485314e-02  1.59579262e-01 -1.27588902e-02
  -5.75707220e-02  1.21798225e-01 -3.31916399e-02 -5.20289466e-02
  -3.61872911e-02  1.69829816e-01  3.87204029e-02 -7.13527799e-02
   3.01205870e-02 -7.84975886e-02  1.29642814e-01 -3.22512947e-02
   2.69487090e-02 -6.72571957e-02 -8.73527490e-03 -4.95747626e-02
   1.12273574e-01 -7.98192620e-02 -9.11435783e-02  1.68390766e-01
   6.72226176e-02 -1.14813633e-01  1.48631141e-01  6.32635430e-02
  -2.86007449e-02 -9.31714177e-02 -2.75001880e-02  2.22897127e-01
   1.19184792e-01 -8.19553435e-02  1.04587197e-01  7.03717694e-02
   1.21689446e-01 -4.34217490e-02 -6.65630549e-02 -1.31246606e-02
  -1.96174067e-02 -1.88722536e-02  2.18983311e-02 -4.36563082e-02
  -6.72461987e-02 -1.78105514e-02 -2.61099339e-02  3.40715498e-02
  -7.30681047e-02  1.15182780e-01 -3.95889580e-02  4.50986326e-02
   1.39107376e-01  1.00202210e-01  3.26429941e-02  6.41096458e-02
  -3.57739665e-02  5.64256757e-02 -3.35110463e-02  4.28623892e-03
  -1.88820937e-03 -5.56498393e-02  9.82544571e-02 -8.30375478e-02
  -3.25627858e-03 -3.26403081e-02  1.18878357e-01  2.93269679e-02]
 [ 2.11088642e-01 -9.65248197e-02 -1.22827858e-01 -1.21315584e-01
   3.09102573e-02  5.17338775e-02 -7.11553264e-03 -7.07280189e-02
   1.18401378e-01  5.35156950e-02 -1.61256820e-01  6.90935329e-02
   6.27211556e-02  2.68529207e-02 -1.21688647e-02 -5.43758832e-02
   3.36534902e-02  7.40415882e-03  7.09075630e-02  3.05308215e-02
  -7.34484419e-02 -3.86214107e-02 -6.19571842e-02 -4.79341447e-02
  -8.21346492e-02 -3.40106562e-02  8.26378446e-03  2.23826990e-01
   7.93481395e-02 -1.02548569e-01 -5.81398681e-02  1.53958887e-01
   2.23734993e-02  5.93873532e-03  7.84458667e-02  1.22293523e-02
   1.07753925e-01 -1.40194416e-01  2.70776749e-02 -1.15750574e-01
  -1.26212286e-02  9.22707748e-03  1.88427221e-03  1.71296284e-01
   7.27881715e-02  1.12361811e-01  8.63163453e-03 -1.01532780e-01
  -3.24295871e-02 -9.89257395e-02 -1.61363423e-01 -5.42424209e-02
  -3.40565108e-02 -6.68285638e-02  7.74854645e-02  7.05533177e-02
  -1.78452075e-01 -3.19941267e-02  1.29554883e-01 -7.72289708e-02
   1.46811515e-01  8.46647322e-02 -5.43665588e-02 -1.44860610e-01
  -4.34029102e-02 -7.24446252e-02 -1.01114977e-02 -2.57551502e-02
  -6.46421090e-02  5.30489869e-02 -7.91253373e-02 -9.29433033e-02
  -2.05980744e-02 -3.92767787e-02  1.00219622e-01  1.99343666e-01
  -1.30243570e-01 -8.08229372e-02 -7.52444267e-02 -1.14742532e-01
   9.33997855e-02 -1.13427220e-02 -1.34170845e-01  1.25709295e-01
  -8.23120549e-02 -6.91645965e-02  4.86518606e-04  1.33885622e-01
  -1.55841187e-02 -8.57036337e-02 -2.83747688e-02 -5.26577234e-02
   2.15814292e-01 -6.24475852e-02  3.72034647e-02 -8.37701559e-02
  -3.76364663e-02 -5.79649359e-02 -5.58040626e-02 -1.29870750e-04
   1.14540361e-01  1.52642921e-01 -1.06274098e-01  6.88857287e-02
  -4.58849035e-02 -4.67333607e-02  5.81786269e-03 -1.89321220e-01
  -5.63095100e-02  3.30408067e-02 -8.47377777e-02 -8.57921094e-02
   2.47924570e-02  4.58926195e-03 -4.13607433e-02 -1.23091921e-01
  -5.75878657e-03  6.65329024e-02 -3.74890678e-02 -9.81289521e-02
  -1.47281215e-01 -3.40917483e-02 -1.97212901e-02 -1.16522389e-03
  -1.96848623e-02 -9.97040570e-02 -1.96111165e-02 -5.40962741e-02]]
[[ 8.64076056e-03 -7.81281143e-02 -6.75415546e-02 -8.13212097e-02
  -3.88705432e-02  7.88619090e-03  1.41261714e-02  3.89828235e-02
   6.51359111e-02 -3.89573723e-02 -4.36698310e-02 -3.48575935e-02
   9.82778519e-02  1.79004401e-01 -9.29352120e-02 -3.96425538e-02
   6.68589994e-02  7.16628954e-02  1.82342045e-02  3.17035094e-02
   1.79560810e-01  2.09009990e-01 -1.01520363e-02  1.10041685e-01
   1.23153165e-01 -2.32761968e-02 -1.75171364e-02  4.19898443e-02
  -4.15740302e-03 -3.66152339e-02 -8.27818289e-02  1.57371819e-01
   1.29809394e-01 -1.06578007e-01  2.66490262e-02  1.03519661e-02
   1.41788512e-01 -6.91608340e-02  1.89956903e-01 -8.83122310e-02
  -7.50264525e-02 -8.37611686e-03 -7.17361197e-02  1.93290278e-01
   1.03568017e-01 -5.88792749e-02  3.85828465e-02 -4.88426797e-02
   3.42528448e-02  4.79250262e-03 -9.99098346e-02  1.46750778e-01
   2.53917098e-01 -3.12904976e-02  8.49322528e-02  1.35305062e-01
  -1.02593467e-01 -8.43593925e-02  4.98155057e-02 -8.56160074e-02
   8.71725157e-02  5.91485314e-02  1.59579262e-01 -1.27588902e-02
  -5.75707220e-02  1.21798225e-01 -3.31916399e-02 -5.20289466e-02
  -3.61872911e-02  1.69829816e-01  3.87204029e-02 -7.13527799e-02
   3.01205870e-02 -7.84975886e-02  1.29642814e-01 -3.22512947e-02
   2.69487090e-02 -6.72571957e-02 -8.73527490e-03 -4.95747626e-02
   1.12273574e-01 -7.98192620e-02 -9.11435783e-02  1.68390766e-01
   6.72226176e-02 -1.14813633e-01  1.48631141e-01  6.32635430e-02
  -2.86007449e-02 -9.31714177e-02 -2.75001880e-02  2.22897127e-01
   1.19184792e-01 -8.19553435e-02  1.04587197e-01  7.03717694e-02
   1.21689446e-01 -4.34217490e-02 -6.65630549e-02 -1.31246606e-02
  -1.96174067e-02 -1.88722536e-02  2.18983311e-02 -4.36563082e-02
  -6.72461987e-02 -1.78105514e-02 -2.61099339e-02  3.40715498e-02
  -7.30681047e-02  1.15182780e-01 -3.95889580e-02  4.50986326e-02
   1.39107376e-01  1.00202210e-01  3.26429941e-02  6.41096458e-02
  -3.57739665e-02  5.64256757e-02 -3.35110463e-02  4.28623892e-03
  -1.88820937e-03 -5.56498393e-02  9.82544571e-02 -8.30375478e-02
  -3.25627858e-03 -3.26403081e-02  1.18878357e-01  2.93269679e-02]
 [ 2.11088642e-01 -9.65248197e-02 -1.22827858e-01 -1.21315584e-01
   3.09102573e-02  5.17338775e-02 -7.11553264e-03 -7.07280189e-02
   1.18401378e-01  5.35156950e-02 -1.61256820e-01  6.90935329e-02
   6.27211556e-02  2.68529207e-02 -1.21688647e-02 -5.43758832e-02
   3.36534902e-02  7.40415882e-03  7.09075630e-02  3.05308215e-02
  -7.34484419e-02 -3.86214107e-02 -6.19571842e-02 -4.79341447e-02
  -8.21346492e-02 -3.40106562e-02  8.26378446e-03  2.23826990e-01
   7.93481395e-02 -1.02548569e-01 -5.81398681e-02  1.53958887e-01
   2.23734993e-02  5.93873532e-03  7.84458667e-02  1.22293523e-02
   1.07753925e-01 -1.40194416e-01  2.70776749e-02 -1.15750574e-01
  -1.26212286e-02  9.22707748e-03  1.88427221e-03  1.71296284e-01
   7.27881715e-02  1.12361811e-01  8.63163453e-03 -1.01532780e-01
  -3.24295871e-02 -9.89257395e-02 -1.61363423e-01 -5.42424209e-02
  -3.40565108e-02 -6.68285638e-02  7.74854645e-02  7.05533177e-02
  -1.78452075e-01 -3.19941267e-02  1.29554883e-01 -7.72289708e-02
   1.46811515e-01  8.46647322e-02 -5.43665588e-02 -1.44860610e-01
  -4.34029102e-02 -7.24446252e-02 -1.01114977e-02 -2.57551502e-02
  -6.46421090e-02  5.30489869e-02 -7.91253373e-02 -9.29433033e-02
  -2.05980744e-02 -3.92767787e-02  1.00219622e-01  1.99343666e-01
  -1.30243570e-01 -8.08229372e-02 -7.52444267e-02 -1.14742532e-01
   9.33997855e-02 -1.13427220e-02 -1.34170845e-01  1.25709295e-01
  -8.23120549e-02 -6.91645965e-02  4.86518606e-04  1.33885622e-01
  -1.55841187e-02 -8.57036337e-02 -2.83747688e-02 -5.26577234e-02
   2.15814292e-01 -6.24475852e-02  3.72034647e-02 -8.37701559e-02
  -3.76364663e-02 -5.79649359e-02 -5.58040626e-02 -1.29870750e-04
   1.14540361e-01  1.52642921e-01 -1.06274098e-01  6.88857287e-02
  -4.58849035e-02 -4.67333607e-02  5.81786269e-03 -1.89321220e-01
  -5.63095100e-02  3.30408067e-02 -8.47377777e-02 -8.57921094e-02
   2.47924570e-02  4.58926195e-03 -4.13607433e-02 -1.23091921e-01
  -5.75878657e-03  6.65329024e-02 -3.74890678e-02 -9.81289521e-02
  -1.47281215e-01 -3.40917483e-02 -1.97212901e-02 -1.16522389e-03
  -1.96848623e-02 -9.97040570e-02 -1.96111165e-02 -5.40962741e-02]]
