[[-6.26353640e-03 -7.65492916e-02 -9.26605836e-02 -8.88806209e-02
  -4.99781743e-02  1.12293810e-02  2.92511936e-02 -2.55903751e-02
   5.89759536e-02 -3.04351095e-02 -5.61166219e-02 -6.01334572e-02
   9.48278382e-02  1.61843732e-01 -9.78565142e-02 -2.39405837e-02
   2.41823383e-02  4.90376800e-02  1.20283375e-02  5.41523658e-02
   1.84629813e-01  1.83339640e-01 -4.16889787e-02  6.42910898e-02
   1.58511534e-01 -5.26196957e-02  3.89522570e-03  5.52847125e-02
  -1.35360444e-02 -4.97293733e-02 -7.12102652e-02  8.28206465e-02
   9.40953270e-02 -7.56364912e-02  2.74612233e-02  5.38365543e-02
   1.31772295e-01 -6.59267306e-02  2.18587160e-01 -8.04523826e-02
  -8.10347497e-02 -6.00371417e-03 -8.01074952e-02  2.05380827e-01
   6.54917136e-02 -6.74366355e-02  5.43948226e-02 -7.05526993e-02
  -2.33914722e-02 -1.69082284e-02 -9.63409618e-02  1.47367582e-01
   2.34155610e-01 -4.91057374e-02  9.37995836e-02  1.43114597e-01
  -8.20905492e-02 -7.62758777e-02  4.46756668e-02 -9.08126384e-02
   8.82089958e-02  7.55351111e-02  1.85051888e-01 -2.20572241e-02
  -7.15518743e-02  1.00953691e-01 -6.54312037e-03 -5.45130111e-02
  -3.18942405e-02  1.94344997e-01  3.00728735e-02 -5.42272516e-02
   3.73174772e-02 -8.89384001e-02  1.43518046e-01 -2.91114636e-02
   5.63685037e-02 -5.04556932e-02 -1.07154138e-02 -4.93597090e-02
   5.39342277e-02 -1.01869792e-01 -9.12967771e-02  1.59102097e-01
   1.11849107e-01 -1.32547393e-01  1.21361084e-01  8.28782842e-02
  -3.67125049e-02 -9.50130597e-02 -3.91662307e-02  2.15893000e-01
   1.20730869e-01 -7.75868893e-02  1.26963720e-01  6.83583096e-02
   1.21365204e-01 -2.96153761e-02 -6.96015507e-02  2.84620207e-02
  -2.71719769e-02 -2.87647936e-02  4.35660854e-02 -3.20359096e-02
  -6.80188388e-02 -2.75729317e-02 -1.86802037e-02  1.69245712e-02
  -7.83920884e-02  9.08045396e-02 -1.38999159e-02  8.36627036e-02
   1.60483733e-01  8.68174657e-02 -2.26905290e-02  2.46643927e-02
  -6.36978522e-02  8.10611993e-02 -2.52338946e-02  7.46157160e-03
  -4.16794904e-02 -5.99018559e-02  7.23098218e-02 -8.26721191e-02
   1.64154954e-02 -5.39201237e-02  1.34479627e-01  2.85479659e-03]
 [ 1.89493313e-01 -7.06827566e-02 -1.47953540e-01 -9.19779912e-02
   3.61583568e-02  2.86091380e-02 -7.00941384e-02 -4.92696688e-02
   1.84878949e-02  1.19887395e-02 -1.55301988e-01  5.83958477e-02
   3.14565413e-02 -3.58066987e-03 -6.86180172e-03  3.77810560e-02
   2.71660946e-02 -4.49164212e-02  9.05319750e-02  7.39856735e-02
  -9.16007012e-02 -2.54264548e-02 -9.94931683e-02 -3.43778580e-02
  -6.63809404e-02 -4.84934337e-02 -4.23292443e-02  2.41848767e-01
   5.67802787e-02 -1.11578181e-01 -3.49960476e-02  1.66025981e-01
  -4.27331626e-02  1.20639736e-02  1.16660625e-01  8.90941545e-02
   8.32157433e-02 -1.28965318e-01  4.46623378e-02 -1.31427824e-01
   4.04515900e-02  2.01899162e-03 -4.12394218e-02  1.41114607e-01
  -2.83334237e-02  7.15810657e-02  4.84035797e-02 -7.55694658e-02
   9.72401910e-03 -1.12188473e-01 -1.64389700e-01 -2.72714607e-02
  -6.05118163e-02 -5.91892712e-02  1.21022202e-01  1.18701652e-01
  -1.73108980e-01 -9.66779701e-03  1.59059241e-01 -3.13191339e-02
   1.39591619e-01  1.29625589e-01 -5.65153062e-02 -1.39571801e-01
   1.37904715e-02 -6.68392479e-02  3.55251785e-03 -8.78424570e-03
  -7.49644935e-02  7.03472868e-02 -8.12461451e-02 -8.38577971e-02
  -2.22243089e-02  4.06378601e-03  1.28971457e-01  1.70311093e-01
  -1.11718059e-01 -6.80996403e-02 -2.82590855e-02 -1.27981544e-01
   6.03698753e-02 -4.23421385e-03 -1.33370027e-01  8.12433511e-02
  -1.00360766e-01 -8.83351043e-02  3.96702439e-02  8.05270523e-02
   1.96198784e-02 -7.59629300e-03 -3.54769290e-03 -3.73782739e-02
   1.72031879e-01 -2.34835010e-04  7.82538429e-02 -1.48555383e-01
  -1.01490058e-01 -5.03993034e-02 -7.19696879e-02  2.64315549e-02
   1.25993595e-01  1.82912618e-01 -9.02829245e-02  1.42209441e-03
  -6.76402226e-02 -2.61544548e-02 -3.79895070e-03 -1.73440322e-01
   3.53947654e-02  1.51789896e-02 -1.12351231e-01 -6.85449168e-02
   4.61913034e-04 -3.90691236e-02 -3.41986045e-02 -1.41651362e-01
   1.49492055e-01  4.88161594e-02 -2.87353117e-02 -8.20377767e-02
  -1.31976992e-01 -5.31901494e-02 -6.06506206e-02  2.64926851e-02
  -3.81335132e-02 -6.15430176e-02  5.08079231e-02 -6.80314228e-02]]
[[-6.26353640e-03 -7.65492916e-02 -9.26605836e-02 -8.88806209e-02
  -4.99781743e-02  1.12293810e-02  2.92511936e-02 -2.55903751e-02
   5.89759536e-02 -3.04351095e-02 -5.61166219e-02 -6.01334572e-02
   9.48278382e-02  1.61843732e-01 -9.78565142e-02 -2.39405837e-02
   2.41823383e-02  4.90376800e-02  1.20283375e-02  5.41523658e-02
   1.84629813e-01  1.83339640e-01 -4.16889787e-02  6.42910898e-02
   1.58511534e-01 -5.26196957e-02  3.89522570e-03  5.52847125e-02
  -1.35360444e-02 -4.97293733e-02 -7.12102652e-02  8.28206465e-02
   9.40953270e-02 -7.56364912e-02  2.74612233e-02  5.38365543e-02
   1.31772295e-01 -6.59267306e-02  2.18587160e-01 -8.04523826e-02
  -8.10347497e-02 -6.00371417e-03 -8.01074952e-02  2.05380827e-01
   6.54917136e-02 -6.74366355e-02  5.43948226e-02 -7.05526993e-02
  -2.33914722e-02 -1.69082284e-02 -9.63409618e-02  1.47367582e-01
   2.34155610e-01 -4.91057374e-02  9.37995836e-02  1.43114597e-01
  -8.20905492e-02 -7.62758777e-02  4.46756668e-02 -9.08126384e-02
   8.82089958e-02  7.55351111e-02  1.85051888e-01 -2.20572241e-02
  -7.15518743e-02  1.00953691e-01 -6.54312037e-03 -5.45130111e-02
  -3.18942405e-02  1.94344997e-01  3.00728735e-02 -5.42272516e-02
   3.73174772e-02 -8.89384001e-02  1.43518046e-01 -2.91114636e-02
   5.63685037e-02 -5.04556932e-02 -1.07154138e-02 -4.93597090e-02
   5.39342277e-02 -1.01869792e-01 -9.12967771e-02  1.59102097e-01
   1.11849107e-01 -1.32547393e-01  1.21361084e-01  8.28782842e-02
  -3.67125049e-02 -9.50130597e-02 -3.91662307e-02  2.15893000e-01
   1.20730869e-01 -7.75868893e-02  1.26963720e-01  6.83583096e-02
   1.21365204e-01 -2.96153761e-02 -6.96015507e-02  2.84620207e-02
  -2.71719769e-02 -2.87647936e-02  4.35660854e-02 -3.20359096e-02
  -6.80188388e-02 -2.75729317e-02 -1.86802037e-02  1.69245712e-02
  -7.83920884e-02  9.08045396e-02 -1.38999159e-02  8.36627036e-02
   1.60483733e-01  8.68174657e-02 -2.26905290e-02  2.46643927e-02
  -6.36978522e-02  8.10611993e-02 -2.52338946e-02  7.46157160e-03
  -4.16794904e-02 -5.99018559e-02  7.23098218e-02 -8.26721191e-02
   1.64154954e-02 -5.39201237e-02  1.34479627e-01  2.85479659e-03]
 [ 1.89493313e-01 -7.06827566e-02 -1.47953540e-01 -9.19779912e-02
   3.61583568e-02  2.86091380e-02 -7.00941384e-02 -4.92696688e-02
   1.84878949e-02  1.19887395e-02 -1.55301988e-01  5.83958477e-02
   3.14565413e-02 -3.58066987e-03 -6.86180172e-03  3.77810560e-02
   2.71660946e-02 -4.49164212e-02  9.05319750e-02  7.39856735e-02
  -9.16007012e-02 -2.54264548e-02 -9.94931683e-02 -3.43778580e-02
  -6.63809404e-02 -4.84934337e-02 -4.23292443e-02  2.41848767e-01
   5.67802787e-02 -1.11578181e-01 -3.49960476e-02  1.66025981e-01
  -4.27331626e-02  1.20639736e-02  1.16660625e-01  8.90941545e-02
   8.32157433e-02 -1.28965318e-01  4.46623378e-02 -1.31427824e-01
   4.04515900e-02  2.01899162e-03 -4.12394218e-02  1.41114607e-01
  -2.83334237e-02  7.15810657e-02  4.84035797e-02 -7.55694658e-02
   9.72401910e-03 -1.12188473e-01 -1.64389700e-01 -2.72714607e-02
  -6.05118163e-02 -5.91892712e-02  1.21022202e-01  1.18701652e-01
  -1.73108980e-01 -9.66779701e-03  1.59059241e-01 -3.13191339e-02
   1.39591619e-01  1.29625589e-01 -5.65153062e-02 -1.39571801e-01
   1.37904715e-02 -6.68392479e-02  3.55251785e-03 -8.78424570e-03
  -7.49644935e-02  7.03472868e-02 -8.12461451e-02 -8.38577971e-02
  -2.22243089e-02  4.06378601e-03  1.28971457e-01  1.70311093e-01
  -1.11718059e-01 -6.80996403e-02 -2.82590855e-02 -1.27981544e-01
   6.03698753e-02 -4.23421385e-03 -1.33370027e-01  8.12433511e-02
  -1.00360766e-01 -8.83351043e-02  3.96702439e-02  8.05270523e-02
   1.96198784e-02 -7.59629300e-03 -3.54769290e-03 -3.73782739e-02
   1.72031879e-01 -2.34835010e-04  7.82538429e-02 -1.48555383e-01
  -1.01490058e-01 -5.03993034e-02 -7.19696879e-02  2.64315549e-02
   1.25993595e-01  1.82912618e-01 -9.02829245e-02  1.42209441e-03
  -6.76402226e-02 -2.61544548e-02 -3.79895070e-03 -1.73440322e-01
   3.53947654e-02  1.51789896e-02 -1.12351231e-01 -6.85449168e-02
   4.61913034e-04 -3.90691236e-02 -3.41986045e-02 -1.41651362e-01
   1.49492055e-01  4.88161594e-02 -2.87353117e-02 -8.20377767e-02
  -1.31976992e-01 -5.31901494e-02 -6.06506206e-02  2.64926851e-02
  -3.81335132e-02 -6.15430176e-02  5.08079231e-02 -6.80314228e-02]]
[[-6.26353640e-03 -7.65492916e-02 -9.26605836e-02 -8.88806209e-02
  -4.99781743e-02  1.12293810e-02  2.92511936e-02 -2.55903751e-02
   5.89759536e-02 -3.04351095e-02 -5.61166219e-02 -6.01334572e-02
   9.48278382e-02  1.61843732e-01 -9.78565142e-02 -2.39405837e-02
   2.41823383e-02  4.90376800e-02  1.20283375e-02  5.41523658e-02
   1.84629813e-01  1.83339640e-01 -4.16889787e-02  6.42910898e-02
   1.58511534e-01 -5.26196957e-02  3.89522570e-03  5.52847125e-02
  -1.35360444e-02 -4.97293733e-02 -7.12102652e-02  8.28206465e-02
   9.40953270e-02 -7.56364912e-02  2.74612233e-02  5.38365543e-02
   1.31772295e-01 -6.59267306e-02  2.18587160e-01 -8.04523826e-02
  -8.10347497e-02 -6.00371417e-03 -8.01074952e-02  2.05380827e-01
   6.54917136e-02 -6.74366355e-02  5.43948226e-02 -7.05526993e-02
  -2.33914722e-02 -1.69082284e-02 -9.63409618e-02  1.47367582e-01
   2.34155610e-01 -4.91057374e-02  9.37995836e-02  1.43114597e-01
  -8.20905492e-02 -7.62758777e-02  4.46756668e-02 -9.08126384e-02
   8.82089958e-02  7.55351111e-02  1.85051888e-01 -2.20572241e-02
  -7.15518743e-02  1.00953691e-01 -6.54312037e-03 -5.45130111e-02
  -3.18942405e-02  1.94344997e-01  3.00728735e-02 -5.42272516e-02
   3.73174772e-02 -8.89384001e-02  1.43518046e-01 -2.91114636e-02
   5.63685037e-02 -5.04556932e-02 -1.07154138e-02 -4.93597090e-02
   5.39342277e-02 -1.01869792e-01 -9.12967771e-02  1.59102097e-01
   1.11849107e-01 -1.32547393e-01  1.21361084e-01  8.28782842e-02
  -3.67125049e-02 -9.50130597e-02 -3.91662307e-02  2.15893000e-01
   1.20730869e-01 -7.75868893e-02  1.26963720e-01  6.83583096e-02
   1.21365204e-01 -2.96153761e-02 -6.96015507e-02  2.84620207e-02
  -2.71719769e-02 -2.87647936e-02  4.35660854e-02 -3.20359096e-02
  -6.80188388e-02 -2.75729317e-02 -1.86802037e-02  1.69245712e-02
  -7.83920884e-02  9.08045396e-02 -1.38999159e-02  8.36627036e-02
   1.60483733e-01  8.68174657e-02 -2.26905290e-02  2.46643927e-02
  -6.36978522e-02  8.10611993e-02 -2.52338946e-02  7.46157160e-03
  -4.16794904e-02 -5.99018559e-02  7.23098218e-02 -8.26721191e-02
   1.64154954e-02 -5.39201237e-02  1.34479627e-01  2.85479659e-03]
 [ 1.89493313e-01 -7.06827566e-02 -1.47953540e-01 -9.19779912e-02
   3.61583568e-02  2.86091380e-02 -7.00941384e-02 -4.92696688e-02
   1.84878949e-02  1.19887395e-02 -1.55301988e-01  5.83958477e-02
   3.14565413e-02 -3.58066987e-03 -6.86180172e-03  3.77810560e-02
   2.71660946e-02 -4.49164212e-02  9.05319750e-02  7.39856735e-02
  -9.16007012e-02 -2.54264548e-02 -9.94931683e-02 -3.43778580e-02
  -6.63809404e-02 -4.84934337e-02 -4.23292443e-02  2.41848767e-01
   5.67802787e-02 -1.11578181e-01 -3.49960476e-02  1.66025981e-01
  -4.27331626e-02  1.20639736e-02  1.16660625e-01  8.90941545e-02
   8.32157433e-02 -1.28965318e-01  4.46623378e-02 -1.31427824e-01
   4.04515900e-02  2.01899162e-03 -4.12394218e-02  1.41114607e-01
  -2.83334237e-02  7.15810657e-02  4.84035797e-02 -7.55694658e-02
   9.72401910e-03 -1.12188473e-01 -1.64389700e-01 -2.72714607e-02
  -6.05118163e-02 -5.91892712e-02  1.21022202e-01  1.18701652e-01
  -1.73108980e-01 -9.66779701e-03  1.59059241e-01 -3.13191339e-02
   1.39591619e-01  1.29625589e-01 -5.65153062e-02 -1.39571801e-01
   1.37904715e-02 -6.68392479e-02  3.55251785e-03 -8.78424570e-03
  -7.49644935e-02  7.03472868e-02 -8.12461451e-02 -8.38577971e-02
  -2.22243089e-02  4.06378601e-03  1.28971457e-01  1.70311093e-01
  -1.11718059e-01 -6.80996403e-02 -2.82590855e-02 -1.27981544e-01
   6.03698753e-02 -4.23421385e-03 -1.33370027e-01  8.12433511e-02
  -1.00360766e-01 -8.83351043e-02  3.96702439e-02  8.05270523e-02
   1.96198784e-02 -7.59629300e-03 -3.54769290e-03 -3.73782739e-02
   1.72031879e-01 -2.34835010e-04  7.82538429e-02 -1.48555383e-01
  -1.01490058e-01 -5.03993034e-02 -7.19696879e-02  2.64315549e-02
   1.25993595e-01  1.82912618e-01 -9.02829245e-02  1.42209441e-03
  -6.76402226e-02 -2.61544548e-02 -3.79895070e-03 -1.73440322e-01
   3.53947654e-02  1.51789896e-02 -1.12351231e-01 -6.85449168e-02
   4.61913034e-04 -3.90691236e-02 -3.41986045e-02 -1.41651362e-01
   1.49492055e-01  4.88161594e-02 -2.87353117e-02 -8.20377767e-02
  -1.31976992e-01 -5.31901494e-02 -6.06506206e-02  2.64926851e-02
  -3.81335132e-02 -6.15430176e-02  5.08079231e-02 -6.80314228e-02]]
