[[ 0.21904746 -0.09615885 -0.12046867 -0.13773885  0.02902642  0.05146145
   0.01811156 -0.04861503  0.12467272  0.07404159 -0.16117717  0.08095727
   0.06674126  0.03417276 -0.02547627 -0.05407606  0.04229985  0.00732703
   0.05400604  0.0085584  -0.06501653 -0.04680627 -0.04221792 -0.04807808
  -0.09610961 -0.04562823  0.0226695   0.200599    0.0716496  -0.0859432
  -0.06486684  0.167609    0.06993094 -0.00573264  0.06245109 -0.0099938
   0.13265389 -0.13906942  0.02665868 -0.10053886 -0.01443323  0.0149263
   0.01585382  0.15929084  0.07905088  0.11329631  0.00027475 -0.10413443
  -0.03626224 -0.08585704 -0.15394391 -0.04954079 -0.02686637 -0.06574255
   0.07773317  0.05739927 -0.16601963 -0.03189507  0.12682578 -0.08712848
   0.15196888  0.06913114 -0.0540862  -0.14692126 -0.05380226 -0.07015844
   0.00494177 -0.03577926 -0.05948481  0.06637872 -0.07898381 -0.10407268
  -0.03084927 -0.07460016  0.1000289   0.19405036 -0.11149232 -0.08016084
  -0.07213037 -0.11570075  0.13113227  0.00271974 -0.13317141  0.11063299
  -0.06351038 -0.06761217  0.00152385  0.14332522 -0.03318931 -0.10644276
  -0.04621996 -0.06299718  0.21081705 -0.06296985  0.01927604 -0.07177918
  -0.0326293  -0.06436918 -0.04466123  0.00354235  0.10305545  0.14244871
  -0.10749766  0.07305156 -0.04832211 -0.03212403 -0.00804886 -0.18950115
  -0.07465181  0.03909117 -0.07939055 -0.09597487  0.04577044  0.00836401
  -0.0064374  -0.11506979 -0.01397954  0.08319329 -0.03525381 -0.10020689
  -0.14414147 -0.04717779 -0.00068744 -0.01325946 -0.01412142 -0.0982272
  -0.03313203 -0.0456349 ]
 [ 0.01038368 -0.08652078 -0.07651188 -0.08759247 -0.03789429  0.01958674
   0.00109113  0.0574159   0.0567046  -0.03828682 -0.0442921  -0.0416426
   0.11161184  0.19794992 -0.09392454 -0.04802381  0.07369263  0.08308283
   0.04263451  0.02542725  0.14652982  0.23194155 -0.01045046  0.1036382
   0.117841   -0.01433671 -0.0310436   0.04795708 -0.00495208 -0.03696076
  -0.08385214  0.14316541  0.15228032 -0.10006949  0.02598311  0.03103719
   0.1554865  -0.07252038  0.16623248 -0.08070803 -0.07276149 -0.00305791
  -0.06825598  0.19251402  0.10834994 -0.05078826  0.03677929 -0.05381994
   0.0274941   0.00534825 -0.09411946  0.16121112  0.23586105 -0.02675014
   0.07984617  0.12766367 -0.10453328 -0.07819565  0.05663398 -0.08849116
   0.09438289  0.06529719  0.17006977 -0.01203878 -0.06847519  0.14041083
  -0.03487888 -0.05258825 -0.03788677  0.17246515  0.04397882 -0.0670284
   0.02749399 -0.08389069  0.13486342 -0.01422048  0.0213957  -0.06058611
  -0.00249918 -0.02538439  0.12722379 -0.08285606 -0.09206121  0.16061653
   0.05901719 -0.11898028  0.16113879  0.05514488 -0.04085153 -0.09107421
  -0.03046853  0.19788484  0.13003322 -0.07945896  0.09806146  0.07477944
   0.11614138 -0.0371431  -0.0607386  -0.01007597 -0.0170961  -0.02397574
   0.03370005 -0.04194744 -0.06152989  0.0060527  -0.00793745  0.02837847
  -0.07756434  0.12103295 -0.03819647  0.02336495  0.12763038  0.09212773
   0.02657039  0.0499157  -0.03844918  0.05572299 -0.02309695  0.01308742
  -0.00785065 -0.06310523  0.08384138 -0.08498061  0.00837642 -0.02633594
   0.11832367  0.03045516]]
[[ 0.21904746 -0.09615885 -0.12046867 -0.13773885  0.02902642  0.05146145
   0.01811156 -0.04861503  0.12467272  0.07404159 -0.16117717  0.08095727
   0.06674126  0.03417276 -0.02547627 -0.05407606  0.04229985  0.00732703
   0.05400604  0.0085584  -0.06501653 -0.04680627 -0.04221792 -0.04807808
  -0.09610961 -0.04562823  0.0226695   0.200599    0.0716496  -0.0859432
  -0.06486684  0.167609    0.06993094 -0.00573264  0.06245109 -0.0099938
   0.13265389 -0.13906942  0.02665868 -0.10053886 -0.01443323  0.0149263
   0.01585382  0.15929084  0.07905088  0.11329631  0.00027475 -0.10413443
  -0.03626224 -0.08585704 -0.15394391 -0.04954079 -0.02686637 -0.06574255
   0.07773317  0.05739927 -0.16601963 -0.03189507  0.12682578 -0.08712848
   0.15196888  0.06913114 -0.0540862  -0.14692126 -0.05380226 -0.07015844
   0.00494177 -0.03577926 -0.05948481  0.06637872 -0.07898381 -0.10407268
  -0.03084927 -0.07460016  0.1000289   0.19405036 -0.11149232 -0.08016084
  -0.07213037 -0.11570075  0.13113227  0.00271974 -0.13317141  0.11063299
  -0.06351038 -0.06761217  0.00152385  0.14332522 -0.03318931 -0.10644276
  -0.04621996 -0.06299718  0.21081705 -0.06296985  0.01927604 -0.07177918
  -0.0326293  -0.06436918 -0.04466123  0.00354235  0.10305545  0.14244871
  -0.10749766  0.07305156 -0.04832211 -0.03212403 -0.00804886 -0.18950115
  -0.07465181  0.03909117 -0.07939055 -0.09597487  0.04577044  0.00836401
  -0.0064374  -0.11506979 -0.01397954  0.08319329 -0.03525381 -0.10020689
  -0.14414147 -0.04717779 -0.00068744 -0.01325946 -0.01412142 -0.0982272
  -0.03313203 -0.0456349 ]
 [ 0.01038368 -0.08652078 -0.07651188 -0.08759247 -0.03789429  0.01958674
   0.00109113  0.0574159   0.0567046  -0.03828682 -0.0442921  -0.0416426
   0.11161184  0.19794992 -0.09392454 -0.04802381  0.07369263  0.08308283
   0.04263451  0.02542725  0.14652982  0.23194155 -0.01045046  0.1036382
   0.117841   -0.01433671 -0.0310436   0.04795708 -0.00495208 -0.03696076
  -0.08385214  0.14316541  0.15228032 -0.10006949  0.02598311  0.03103719
   0.1554865  -0.07252038  0.16623248 -0.08070803 -0.07276149 -0.00305791
  -0.06825598  0.19251402  0.10834994 -0.05078826  0.03677929 -0.05381994
   0.0274941   0.00534825 -0.09411946  0.16121112  0.23586105 -0.02675014
   0.07984617  0.12766367 -0.10453328 -0.07819565  0.05663398 -0.08849116
   0.09438289  0.06529719  0.17006977 -0.01203878 -0.06847519  0.14041083
  -0.03487888 -0.05258825 -0.03788677  0.17246515  0.04397882 -0.0670284
   0.02749399 -0.08389069  0.13486342 -0.01422048  0.0213957  -0.06058611
  -0.00249918 -0.02538439  0.12722379 -0.08285606 -0.09206121  0.16061653
   0.05901719 -0.11898028  0.16113879  0.05514488 -0.04085153 -0.09107421
  -0.03046853  0.19788484  0.13003322 -0.07945896  0.09806146  0.07477944
   0.11614138 -0.0371431  -0.0607386  -0.01007597 -0.0170961  -0.02397574
   0.03370005 -0.04194744 -0.06152989  0.0060527  -0.00793745  0.02837847
  -0.07756434  0.12103295 -0.03819647  0.02336495  0.12763038  0.09212773
   0.02657039  0.0499157  -0.03844918  0.05572299 -0.02309695  0.01308742
  -0.00785065 -0.06310523  0.08384138 -0.08498061  0.00837642 -0.02633594
   0.11832367  0.03045516]]
[[ 0.21904746 -0.09615885 -0.12046867 -0.13773885  0.02902642  0.05146145
   0.01811156 -0.04861503  0.12467272  0.07404159 -0.16117717  0.08095727
   0.06674126  0.03417276 -0.02547627 -0.05407606  0.04229985  0.00732703
   0.05400604  0.0085584  -0.06501653 -0.04680627 -0.04221792 -0.04807808
  -0.09610961 -0.04562823  0.0226695   0.200599    0.0716496  -0.0859432
  -0.06486684  0.167609    0.06993094 -0.00573264  0.06245109 -0.0099938
   0.13265389 -0.13906942  0.02665868 -0.10053886 -0.01443323  0.0149263
   0.01585382  0.15929084  0.07905088  0.11329631  0.00027475 -0.10413443
  -0.03626224 -0.08585704 -0.15394391 -0.04954079 -0.02686637 -0.06574255
   0.07773317  0.05739927 -0.16601963 -0.03189507  0.12682578 -0.08712848
   0.15196888  0.06913114 -0.0540862  -0.14692126 -0.05380226 -0.07015844
   0.00494177 -0.03577926 -0.05948481  0.06637872 -0.07898381 -0.10407268
  -0.03084927 -0.07460016  0.1000289   0.19405036 -0.11149232 -0.08016084
  -0.07213037 -0.11570075  0.13113227  0.00271974 -0.13317141  0.11063299
  -0.06351038 -0.06761217  0.00152385  0.14332522 -0.03318931 -0.10644276
  -0.04621996 -0.06299718  0.21081705 -0.06296985  0.01927604 -0.07177918
  -0.0326293  -0.06436918 -0.04466123  0.00354235  0.10305545  0.14244871
  -0.10749766  0.07305156 -0.04832211 -0.03212403 -0.00804886 -0.18950115
  -0.07465181  0.03909117 -0.07939055 -0.09597487  0.04577044  0.00836401
  -0.0064374  -0.11506979 -0.01397954  0.08319329 -0.03525381 -0.10020689
  -0.14414147 -0.04717779 -0.00068744 -0.01325946 -0.01412142 -0.0982272
  -0.03313203 -0.0456349 ]
 [ 0.01038368 -0.08652078 -0.07651188 -0.08759247 -0.03789429  0.01958674
   0.00109113  0.0574159   0.0567046  -0.03828682 -0.0442921  -0.0416426
   0.11161184  0.19794992 -0.09392454 -0.04802381  0.07369263  0.08308283
   0.04263451  0.02542725  0.14652982  0.23194155 -0.01045046  0.1036382
   0.117841   -0.01433671 -0.0310436   0.04795708 -0.00495208 -0.03696076
  -0.08385214  0.14316541  0.15228032 -0.10006949  0.02598311  0.03103719
   0.1554865  -0.07252038  0.16623248 -0.08070803 -0.07276149 -0.00305791
  -0.06825598  0.19251402  0.10834994 -0.05078826  0.03677929 -0.05381994
   0.0274941   0.00534825 -0.09411946  0.16121112  0.23586105 -0.02675014
   0.07984617  0.12766367 -0.10453328 -0.07819565  0.05663398 -0.08849116
   0.09438289  0.06529719  0.17006977 -0.01203878 -0.06847519  0.14041083
  -0.03487888 -0.05258825 -0.03788677  0.17246515  0.04397882 -0.0670284
   0.02749399 -0.08389069  0.13486342 -0.01422048  0.0213957  -0.06058611
  -0.00249918 -0.02538439  0.12722379 -0.08285606 -0.09206121  0.16061653
   0.05901719 -0.11898028  0.16113879  0.05514488 -0.04085153 -0.09107421
  -0.03046853  0.19788484  0.13003322 -0.07945896  0.09806146  0.07477944
   0.11614138 -0.0371431  -0.0607386  -0.01007597 -0.0170961  -0.02397574
   0.03370005 -0.04194744 -0.06152989  0.0060527  -0.00793745  0.02837847
  -0.07756434  0.12103295 -0.03819647  0.02336495  0.12763038  0.09212773
   0.02657039  0.0499157  -0.03844918  0.05572299 -0.02309695  0.01308742
  -0.00785065 -0.06310523  0.08384138 -0.08498061  0.00837642 -0.02633594
   0.11832367  0.03045516]]
