[[-9.34358314e-03 -7.70721808e-02 -7.46137649e-02 -8.00905526e-02
  -3.35060433e-02  7.95160793e-03  8.13290756e-03  2.18833573e-02
   3.94452587e-02 -5.04822731e-02 -4.41771336e-02 -6.36306331e-02
   1.00362301e-01  1.60842463e-01 -9.56495851e-02 -2.53367592e-02
   4.70827818e-02  6.12310655e-02  6.77312445e-03  4.13626321e-02
   1.77968860e-01  2.08120719e-01 -3.02992426e-02  1.17640302e-01
   1.44275248e-01 -2.75487918e-02 -2.05879752e-02  3.20012458e-02
  -1.24440258e-02 -4.31841053e-02 -7.84556344e-02  1.37862056e-01
   1.06093198e-01 -9.17313471e-02  3.43738571e-02  3.38350348e-02
   1.39359578e-01 -6.20264076e-02  1.92509815e-01 -9.03832242e-02
  -7.07689598e-02 -5.76103712e-03 -7.99763277e-02  2.10202157e-01
   9.00103673e-02 -6.46767765e-02  1.94721483e-02 -4.83571142e-02
   2.49690153e-02  1.71333347e-02 -9.56810862e-02  1.51259065e-01
   2.66712278e-01 -3.65588740e-02  9.08880979e-02  1.37503341e-01
  -9.11752433e-02 -8.71573612e-02  4.35645580e-02 -8.50610211e-02
   8.78520757e-02  6.86640739e-02  1.78945675e-01 -8.41038115e-03
  -5.95720671e-02  1.33895457e-01 -2.81806942e-02 -4.81246337e-02
  -2.13968344e-02  1.66589797e-01  4.08433676e-02 -6.89686164e-02
   3.31574008e-02 -8.13291818e-02  1.18372351e-01 -5.06540611e-02
   2.46916153e-02 -6.13536127e-02 -4.18120064e-03 -4.72047552e-02
   8.50752965e-02 -8.34437162e-02 -8.97882059e-02  1.65353522e-01
   9.12805051e-02 -1.16765387e-01  1.30773932e-01  6.47445172e-02
  -4.52337526e-02 -8.39181691e-02 -2.62492243e-02  2.48858884e-01
   1.07174039e-01 -7.77954981e-02  1.16968982e-01  6.33772239e-02
   1.20849915e-01 -3.93142737e-02 -7.04790130e-02  3.32770078e-03
  -8.08212720e-03 -1.36396531e-02  4.77403738e-02 -3.47325206e-02
  -6.74720928e-02 -1.87754165e-02 -2.81437840e-02  3.25355306e-02
  -7.12043718e-02  9.77809504e-02 -4.35464494e-02  5.73806055e-02
   1.30544305e-01  1.00151457e-01  1.75377373e-02  6.42229691e-02
  -4.55429070e-02  4.60026525e-02 -3.90077047e-02  1.49924578e-02
  -1.23176230e-02 -5.97809404e-02  7.61125535e-02 -8.18629935e-02
  -2.07222853e-04 -4.20058183e-02  1.28215224e-01  1.49835469e-02]
 [ 2.10916236e-01 -9.26749632e-02 -1.29481912e-01 -1.04065068e-01
   3.37564647e-02  4.31814268e-02 -1.94351897e-02 -8.19664448e-02
   1.00152336e-01  3.23876143e-02 -1.63432181e-01  5.85192740e-02
   6.91099912e-02  3.97170000e-02 -3.89514072e-03 -4.69774082e-02
   4.58175838e-02  9.80363344e-04  8.13273117e-02  4.99249138e-02
  -8.99571478e-02 -3.72278802e-02 -8.38763863e-02 -3.64143513e-02
  -9.06526297e-02 -2.39801668e-02  2.85595166e-03  2.23483220e-01
   7.97429308e-02 -1.10773414e-01 -6.60294369e-02  1.66681826e-01
   2.85956748e-02  4.78785136e-04  8.96128342e-02  1.65420976e-02
   1.22292973e-01 -1.40274107e-01  3.12637091e-02 -1.25545293e-01
   1.04195746e-02  2.13002749e-02 -3.66105163e-03  1.56580165e-01
   6.10007122e-02  1.18353285e-01  8.12094286e-03 -8.90428051e-02
  -3.76438461e-02 -1.11369856e-01 -1.69925570e-01 -4.83654700e-02
  -3.80120240e-02 -6.16078191e-02  9.34523866e-02  7.52607882e-02
  -1.92474768e-01 -3.87359932e-02  1.47504315e-01 -6.86093420e-02
   1.46076381e-01  9.32184011e-02 -5.24593852e-02 -1.45307034e-01
  -4.07613143e-02 -6.65153116e-02 -1.36694144e-02 -1.89482141e-02
  -5.26665486e-02  5.78986742e-02 -7.70939887e-02 -9.34155434e-02
  -1.68620087e-02 -2.97987126e-02  8.48984718e-02  1.80438206e-01
  -1.36403188e-01 -8.70483369e-02 -6.68236017e-02 -1.09719373e-01
   1.02536164e-01 -5.48856519e-03 -1.33634344e-01  1.18561052e-01
  -7.35107586e-02 -6.71864897e-02  2.62294281e-02  1.31138504e-01
  -2.71718856e-02 -5.55059426e-02 -1.99334119e-02 -4.66954447e-02
   1.76512361e-01 -6.65019080e-02  4.89200056e-02 -8.10871944e-02
  -3.93363424e-02 -6.53568208e-02 -5.69070168e-02  2.69674184e-03
   1.15889408e-01  1.54939517e-01 -1.08613141e-01  3.67894210e-02
  -5.26388623e-02 -3.98629308e-02  9.94898751e-03 -1.86569393e-01
  -4.53932956e-02  3.82755175e-02 -9.05730799e-02 -8.64649042e-02
   1.63195468e-02 -3.10734124e-03 -5.27588427e-02 -1.30869851e-01
   1.77604519e-02  8.75262767e-02 -3.04064918e-02 -8.76392797e-02
  -1.49089009e-01 -3.86642590e-02 -2.63580009e-02 -3.65806068e-03
  -2.99453102e-02 -1.03261970e-01 -1.07244030e-02 -5.22723086e-02]]
[[-9.34358314e-03 -7.70721808e-02 -7.46137649e-02 -8.00905526e-02
  -3.35060433e-02  7.95160793e-03  8.13290756e-03  2.18833573e-02
   3.94452587e-02 -5.04822731e-02 -4.41771336e-02 -6.36306331e-02
   1.00362301e-01  1.60842463e-01 -9.56495851e-02 -2.53367592e-02
   4.70827818e-02  6.12310655e-02  6.77312445e-03  4.13626321e-02
   1.77968860e-01  2.08120719e-01 -3.02992426e-02  1.17640302e-01
   1.44275248e-01 -2.75487918e-02 -2.05879752e-02  3.20012458e-02
  -1.24440258e-02 -4.31841053e-02 -7.84556344e-02  1.37862056e-01
   1.06093198e-01 -9.17313471e-02  3.43738571e-02  3.38350348e-02
   1.39359578e-01 -6.20264076e-02  1.92509815e-01 -9.03832242e-02
  -7.07689598e-02 -5.76103712e-03 -7.99763277e-02  2.10202157e-01
   9.00103673e-02 -6.46767765e-02  1.94721483e-02 -4.83571142e-02
   2.49690153e-02  1.71333347e-02 -9.56810862e-02  1.51259065e-01
   2.66712278e-01 -3.65588740e-02  9.08880979e-02  1.37503341e-01
  -9.11752433e-02 -8.71573612e-02  4.35645580e-02 -8.50610211e-02
   8.78520757e-02  6.86640739e-02  1.78945675e-01 -8.41038115e-03
  -5.95720671e-02  1.33895457e-01 -2.81806942e-02 -4.81246337e-02
  -2.13968344e-02  1.66589797e-01  4.08433676e-02 -6.89686164e-02
   3.31574008e-02 -8.13291818e-02  1.18372351e-01 -5.06540611e-02
   2.46916153e-02 -6.13536127e-02 -4.18120064e-03 -4.72047552e-02
   8.50752965e-02 -8.34437162e-02 -8.97882059e-02  1.65353522e-01
   9.12805051e-02 -1.16765387e-01  1.30773932e-01  6.47445172e-02
  -4.52337526e-02 -8.39181691e-02 -2.62492243e-02  2.48858884e-01
   1.07174039e-01 -7.77954981e-02  1.16968982e-01  6.33772239e-02
   1.20849915e-01 -3.93142737e-02 -7.04790130e-02  3.32770078e-03
  -8.08212720e-03 -1.36396531e-02  4.77403738e-02 -3.47325206e-02
  -6.74720928e-02 -1.87754165e-02 -2.81437840e-02  3.25355306e-02
  -7.12043718e-02  9.77809504e-02 -4.35464494e-02  5.73806055e-02
   1.30544305e-01  1.00151457e-01  1.75377373e-02  6.42229691e-02
  -4.55429070e-02  4.60026525e-02 -3.90077047e-02  1.49924578e-02
  -1.23176230e-02 -5.97809404e-02  7.61125535e-02 -8.18629935e-02
  -2.07222853e-04 -4.20058183e-02  1.28215224e-01  1.49835469e-02]
 [ 2.10916236e-01 -9.26749632e-02 -1.29481912e-01 -1.04065068e-01
   3.37564647e-02  4.31814268e-02 -1.94351897e-02 -8.19664448e-02
   1.00152336e-01  3.23876143e-02 -1.63432181e-01  5.85192740e-02
   6.91099912e-02  3.97170000e-02 -3.89514072e-03 -4.69774082e-02
   4.58175838e-02  9.80363344e-04  8.13273117e-02  4.99249138e-02
  -8.99571478e-02 -3.72278802e-02 -8.38763863e-02 -3.64143513e-02
  -9.06526297e-02 -2.39801668e-02  2.85595166e-03  2.23483220e-01
   7.97429308e-02 -1.10773414e-01 -6.60294369e-02  1.66681826e-01
   2.85956748e-02  4.78785136e-04  8.96128342e-02  1.65420976e-02
   1.22292973e-01 -1.40274107e-01  3.12637091e-02 -1.25545293e-01
   1.04195746e-02  2.13002749e-02 -3.66105163e-03  1.56580165e-01
   6.10007122e-02  1.18353285e-01  8.12094286e-03 -8.90428051e-02
  -3.76438461e-02 -1.11369856e-01 -1.69925570e-01 -4.83654700e-02
  -3.80120240e-02 -6.16078191e-02  9.34523866e-02  7.52607882e-02
  -1.92474768e-01 -3.87359932e-02  1.47504315e-01 -6.86093420e-02
   1.46076381e-01  9.32184011e-02 -5.24593852e-02 -1.45307034e-01
  -4.07613143e-02 -6.65153116e-02 -1.36694144e-02 -1.89482141e-02
  -5.26665486e-02  5.78986742e-02 -7.70939887e-02 -9.34155434e-02
  -1.68620087e-02 -2.97987126e-02  8.48984718e-02  1.80438206e-01
  -1.36403188e-01 -8.70483369e-02 -6.68236017e-02 -1.09719373e-01
   1.02536164e-01 -5.48856519e-03 -1.33634344e-01  1.18561052e-01
  -7.35107586e-02 -6.71864897e-02  2.62294281e-02  1.31138504e-01
  -2.71718856e-02 -5.55059426e-02 -1.99334119e-02 -4.66954447e-02
   1.76512361e-01 -6.65019080e-02  4.89200056e-02 -8.10871944e-02
  -3.93363424e-02 -6.53568208e-02 -5.69070168e-02  2.69674184e-03
   1.15889408e-01  1.54939517e-01 -1.08613141e-01  3.67894210e-02
  -5.26388623e-02 -3.98629308e-02  9.94898751e-03 -1.86569393e-01
  -4.53932956e-02  3.82755175e-02 -9.05730799e-02 -8.64649042e-02
   1.63195468e-02 -3.10734124e-03 -5.27588427e-02 -1.30869851e-01
   1.77604519e-02  8.75262767e-02 -3.04064918e-02 -8.76392797e-02
  -1.49089009e-01 -3.86642590e-02 -2.63580009e-02 -3.65806068e-03
  -2.99453102e-02 -1.03261970e-01 -1.07244030e-02 -5.22723086e-02]]
[[-9.34358314e-03 -7.70721808e-02 -7.46137649e-02 -8.00905526e-02
  -3.35060433e-02  7.95160793e-03  8.13290756e-03  2.18833573e-02
   3.94452587e-02 -5.04822731e-02 -4.41771336e-02 -6.36306331e-02
   1.00362301e-01  1.60842463e-01 -9.56495851e-02 -2.53367592e-02
   4.70827818e-02  6.12310655e-02  6.77312445e-03  4.13626321e-02
   1.77968860e-01  2.08120719e-01 -3.02992426e-02  1.17640302e-01
   1.44275248e-01 -2.75487918e-02 -2.05879752e-02  3.20012458e-02
  -1.24440258e-02 -4.31841053e-02 -7.84556344e-02  1.37862056e-01
   1.06093198e-01 -9.17313471e-02  3.43738571e-02  3.38350348e-02
   1.39359578e-01 -6.20264076e-02  1.92509815e-01 -9.03832242e-02
  -7.07689598e-02 -5.76103712e-03 -7.99763277e-02  2.10202157e-01
   9.00103673e-02 -6.46767765e-02  1.94721483e-02 -4.83571142e-02
   2.49690153e-02  1.71333347e-02 -9.56810862e-02  1.51259065e-01
   2.66712278e-01 -3.65588740e-02  9.08880979e-02  1.37503341e-01
  -9.11752433e-02 -8.71573612e-02  4.35645580e-02 -8.50610211e-02
   8.78520757e-02  6.86640739e-02  1.78945675e-01 -8.41038115e-03
  -5.95720671e-02  1.33895457e-01 -2.81806942e-02 -4.81246337e-02
  -2.13968344e-02  1.66589797e-01  4.08433676e-02 -6.89686164e-02
   3.31574008e-02 -8.13291818e-02  1.18372351e-01 -5.06540611e-02
   2.46916153e-02 -6.13536127e-02 -4.18120064e-03 -4.72047552e-02
   8.50752965e-02 -8.34437162e-02 -8.97882059e-02  1.65353522e-01
   9.12805051e-02 -1.16765387e-01  1.30773932e-01  6.47445172e-02
  -4.52337526e-02 -8.39181691e-02 -2.62492243e-02  2.48858884e-01
   1.07174039e-01 -7.77954981e-02  1.16968982e-01  6.33772239e-02
   1.20849915e-01 -3.93142737e-02 -7.04790130e-02  3.32770078e-03
  -8.08212720e-03 -1.36396531e-02  4.77403738e-02 -3.47325206e-02
  -6.74720928e-02 -1.87754165e-02 -2.81437840e-02  3.25355306e-02
  -7.12043718e-02  9.77809504e-02 -4.35464494e-02  5.73806055e-02
   1.30544305e-01  1.00151457e-01  1.75377373e-02  6.42229691e-02
  -4.55429070e-02  4.60026525e-02 -3.90077047e-02  1.49924578e-02
  -1.23176230e-02 -5.97809404e-02  7.61125535e-02 -8.18629935e-02
  -2.07222853e-04 -4.20058183e-02  1.28215224e-01  1.49835469e-02]
 [ 2.10916236e-01 -9.26749632e-02 -1.29481912e-01 -1.04065068e-01
   3.37564647e-02  4.31814268e-02 -1.94351897e-02 -8.19664448e-02
   1.00152336e-01  3.23876143e-02 -1.63432181e-01  5.85192740e-02
   6.91099912e-02  3.97170000e-02 -3.89514072e-03 -4.69774082e-02
   4.58175838e-02  9.80363344e-04  8.13273117e-02  4.99249138e-02
  -8.99571478e-02 -3.72278802e-02 -8.38763863e-02 -3.64143513e-02
  -9.06526297e-02 -2.39801668e-02  2.85595166e-03  2.23483220e-01
   7.97429308e-02 -1.10773414e-01 -6.60294369e-02  1.66681826e-01
   2.85956748e-02  4.78785136e-04  8.96128342e-02  1.65420976e-02
   1.22292973e-01 -1.40274107e-01  3.12637091e-02 -1.25545293e-01
   1.04195746e-02  2.13002749e-02 -3.66105163e-03  1.56580165e-01
   6.10007122e-02  1.18353285e-01  8.12094286e-03 -8.90428051e-02
  -3.76438461e-02 -1.11369856e-01 -1.69925570e-01 -4.83654700e-02
  -3.80120240e-02 -6.16078191e-02  9.34523866e-02  7.52607882e-02
  -1.92474768e-01 -3.87359932e-02  1.47504315e-01 -6.86093420e-02
   1.46076381e-01  9.32184011e-02 -5.24593852e-02 -1.45307034e-01
  -4.07613143e-02 -6.65153116e-02 -1.36694144e-02 -1.89482141e-02
  -5.26665486e-02  5.78986742e-02 -7.70939887e-02 -9.34155434e-02
  -1.68620087e-02 -2.97987126e-02  8.48984718e-02  1.80438206e-01
  -1.36403188e-01 -8.70483369e-02 -6.68236017e-02 -1.09719373e-01
   1.02536164e-01 -5.48856519e-03 -1.33634344e-01  1.18561052e-01
  -7.35107586e-02 -6.71864897e-02  2.62294281e-02  1.31138504e-01
  -2.71718856e-02 -5.55059426e-02 -1.99334119e-02 -4.66954447e-02
   1.76512361e-01 -6.65019080e-02  4.89200056e-02 -8.10871944e-02
  -3.93363424e-02 -6.53568208e-02 -5.69070168e-02  2.69674184e-03
   1.15889408e-01  1.54939517e-01 -1.08613141e-01  3.67894210e-02
  -5.26388623e-02 -3.98629308e-02  9.94898751e-03 -1.86569393e-01
  -4.53932956e-02  3.82755175e-02 -9.05730799e-02 -8.64649042e-02
   1.63195468e-02 -3.10734124e-03 -5.27588427e-02 -1.30869851e-01
   1.77604519e-02  8.75262767e-02 -3.04064918e-02 -8.76392797e-02
  -1.49089009e-01 -3.86642590e-02 -2.63580009e-02 -3.65806068e-03
  -2.99453102e-02 -1.03261970e-01 -1.07244030e-02 -5.22723086e-02]]
