[[ 0.00419426 -0.07979597 -0.09455984 -0.08807011 -0.03934591  0.00851801
   0.04240784 -0.02871154  0.0742519  -0.02193807 -0.03999374 -0.05659723
   0.10894337  0.16095093 -0.08977748 -0.05833474  0.04953695  0.05767538
   0.01183611  0.04725888  0.19242911  0.18724272 -0.02066758  0.06338266
   0.14294627 -0.05118953  0.01934052  0.04757429 -0.0002582  -0.04544743
  -0.0700894   0.06367486  0.08458281 -0.08302575  0.02585392  0.03556893
   0.11942717 -0.06850593  0.22429334 -0.07019509 -0.08291811 -0.00328328
  -0.06442343  0.18479113  0.09011002 -0.06164831  0.04897508 -0.06301122
  -0.02634162 -0.01537684 -0.09836049  0.13024509  0.2472328  -0.04401221
   0.08670601  0.14737804 -0.07561858 -0.07315055  0.04164269 -0.08957107
   0.07650497  0.0820747   0.1954143  -0.03069523 -0.0705391   0.10228175
  -0.01352983 -0.05814779 -0.02029969  0.19498093  0.01652117 -0.05089854
   0.0311141  -0.08728718  0.13978256 -0.02669676  0.04846647 -0.04575177
  -0.00710865 -0.04209833  0.06134464 -0.10431553 -0.09077591  0.15312152
   0.11438809 -0.12401558  0.10808211  0.11203116 -0.02680263 -0.09718329
  -0.04008013  0.22092675  0.13433434 -0.0821903   0.11826794  0.08130442
   0.14067204 -0.03377599 -0.07209507  0.02538352 -0.02743964 -0.03591294
   0.04309522 -0.02516011 -0.05636101 -0.02295655 -0.00508415  0.00790057
  -0.08402565  0.08930622  0.0057027   0.07893499  0.14961803  0.10979341
  -0.03268841  0.04325716 -0.06961103  0.07727939 -0.02665208  0.00284023
  -0.03748603 -0.04764256  0.06454681 -0.08287099  0.01519237 -0.04665135
   0.1490762   0.01071378]
 [ 0.18199073 -0.02727122 -0.11431947 -0.10247555  0.04069375  0.06660156
  -0.06506766 -0.04991488  0.00641132  0.0051607  -0.14922975  0.05468789
   0.04386579 -0.03180862 -0.00185355  0.0651706   0.0147996  -0.019042
   0.06871496  0.0910394  -0.08900776 -0.04621401 -0.10159183 -0.01348798
  -0.04368705 -0.04249879 -0.05204838  0.24084346  0.06949262 -0.10940152
  -0.01525751  0.17840579 -0.0289282   0.03673049  0.09894262  0.0558756
   0.07852617 -0.11529309  0.06121308 -0.1259009   0.06894205 -0.01925944
  -0.04943441  0.12555562 -0.01554176  0.07443307  0.01475914 -0.08126608
   0.00373125 -0.1034561  -0.15429704 -0.04153472 -0.07277142 -0.05938745
   0.13246205  0.11921267 -0.14938965 -0.012909    0.16441922 -0.03421832
   0.15211397  0.11670588 -0.07578532 -0.1287839  -0.02321123 -0.06407742
   0.03507345  0.00219886 -0.07811518  0.05722951 -0.08356941 -0.09794328
  -0.01300679 -0.02910705  0.13080515  0.15554419 -0.09440299 -0.0579078
  -0.03182844 -0.11069491  0.08879782  0.02059932 -0.12414923  0.08265658
  -0.09369006 -0.08932687 -0.00735521  0.05698132 -0.00691494  0.02470599
   0.02259851 -0.06859082  0.17082004  0.01671739  0.06189845 -0.1816058
  -0.10800524 -0.05606282 -0.05797635  0.03199868  0.14843416  0.22534858
  -0.08848187  0.00182941 -0.05346749 -0.03289237 -0.02329554 -0.1668738
   0.06429708 -0.0155743  -0.10991994 -0.08381198  0.00927833 -0.05120053
  -0.02009785 -0.13546288  0.13477978  0.07627223 -0.03053773 -0.08867531
  -0.12526928 -0.04884817 -0.0522727   0.07422531 -0.03802639 -0.07329281
   0.00420386 -0.08719163]]
[[ 0.00419426 -0.07979597 -0.09455984 -0.08807011 -0.03934591  0.00851801
   0.04240784 -0.02871154  0.0742519  -0.02193807 -0.03999374 -0.05659723
   0.10894337  0.16095093 -0.08977748 -0.05833474  0.04953695  0.05767538
   0.01183611  0.04725888  0.19242911  0.18724272 -0.02066758  0.06338266
   0.14294627 -0.05118953  0.01934052  0.04757429 -0.0002582  -0.04544743
  -0.0700894   0.06367486  0.08458281 -0.08302575  0.02585392  0.03556893
   0.11942717 -0.06850593  0.22429334 -0.07019509 -0.08291811 -0.00328328
  -0.06442343  0.18479113  0.09011002 -0.06164831  0.04897508 -0.06301122
  -0.02634162 -0.01537684 -0.09836049  0.13024509  0.2472328  -0.04401221
   0.08670601  0.14737804 -0.07561858 -0.07315055  0.04164269 -0.08957107
   0.07650497  0.0820747   0.1954143  -0.03069523 -0.0705391   0.10228175
  -0.01352983 -0.05814779 -0.02029969  0.19498093  0.01652117 -0.05089854
   0.0311141  -0.08728718  0.13978256 -0.02669676  0.04846647 -0.04575177
  -0.00710865 -0.04209833  0.06134464 -0.10431553 -0.09077591  0.15312152
   0.11438809 -0.12401558  0.10808211  0.11203116 -0.02680263 -0.09718329
  -0.04008013  0.22092675  0.13433434 -0.0821903   0.11826794  0.08130442
   0.14067204 -0.03377599 -0.07209507  0.02538352 -0.02743964 -0.03591294
   0.04309522 -0.02516011 -0.05636101 -0.02295655 -0.00508415  0.00790057
  -0.08402565  0.08930622  0.0057027   0.07893499  0.14961803  0.10979341
  -0.03268841  0.04325716 -0.06961103  0.07727939 -0.02665208  0.00284023
  -0.03748603 -0.04764256  0.06454681 -0.08287099  0.01519237 -0.04665135
   0.1490762   0.01071378]
 [ 0.18199073 -0.02727122 -0.11431947 -0.10247555  0.04069375  0.06660156
  -0.06506766 -0.04991488  0.00641132  0.0051607  -0.14922975  0.05468789
   0.04386579 -0.03180862 -0.00185355  0.0651706   0.0147996  -0.019042
   0.06871496  0.0910394  -0.08900776 -0.04621401 -0.10159183 -0.01348798
  -0.04368705 -0.04249879 -0.05204838  0.24084346  0.06949262 -0.10940152
  -0.01525751  0.17840579 -0.0289282   0.03673049  0.09894262  0.0558756
   0.07852617 -0.11529309  0.06121308 -0.1259009   0.06894205 -0.01925944
  -0.04943441  0.12555562 -0.01554176  0.07443307  0.01475914 -0.08126608
   0.00373125 -0.1034561  -0.15429704 -0.04153472 -0.07277142 -0.05938745
   0.13246205  0.11921267 -0.14938965 -0.012909    0.16441922 -0.03421832
   0.15211397  0.11670588 -0.07578532 -0.1287839  -0.02321123 -0.06407742
   0.03507345  0.00219886 -0.07811518  0.05722951 -0.08356941 -0.09794328
  -0.01300679 -0.02910705  0.13080515  0.15554419 -0.09440299 -0.0579078
  -0.03182844 -0.11069491  0.08879782  0.02059932 -0.12414923  0.08265658
  -0.09369006 -0.08932687 -0.00735521  0.05698132 -0.00691494  0.02470599
   0.02259851 -0.06859082  0.17082004  0.01671739  0.06189845 -0.1816058
  -0.10800524 -0.05606282 -0.05797635  0.03199868  0.14843416  0.22534858
  -0.08848187  0.00182941 -0.05346749 -0.03289237 -0.02329554 -0.1668738
   0.06429708 -0.0155743  -0.10991994 -0.08381198  0.00927833 -0.05120053
  -0.02009785 -0.13546288  0.13477978  0.07627223 -0.03053773 -0.08867531
  -0.12526928 -0.04884817 -0.0522727   0.07422531 -0.03802639 -0.07329281
   0.00420386 -0.08719163]]
[[ 0.00419426 -0.07979597 -0.09455984 -0.08807011 -0.03934591  0.00851801
   0.04240784 -0.02871154  0.0742519  -0.02193807 -0.03999374 -0.05659723
   0.10894337  0.16095093 -0.08977748 -0.05833474  0.04953695  0.05767538
   0.01183611  0.04725888  0.19242911  0.18724272 -0.02066758  0.06338266
   0.14294627 -0.05118953  0.01934052  0.04757429 -0.0002582  -0.04544743
  -0.0700894   0.06367486  0.08458281 -0.08302575  0.02585392  0.03556893
   0.11942717 -0.06850593  0.22429334 -0.07019509 -0.08291811 -0.00328328
  -0.06442343  0.18479113  0.09011002 -0.06164831  0.04897508 -0.06301122
  -0.02634162 -0.01537684 -0.09836049  0.13024509  0.2472328  -0.04401221
   0.08670601  0.14737804 -0.07561858 -0.07315055  0.04164269 -0.08957107
   0.07650497  0.0820747   0.1954143  -0.03069523 -0.0705391   0.10228175
  -0.01352983 -0.05814779 -0.02029969  0.19498093  0.01652117 -0.05089854
   0.0311141  -0.08728718  0.13978256 -0.02669676  0.04846647 -0.04575177
  -0.00710865 -0.04209833  0.06134464 -0.10431553 -0.09077591  0.15312152
   0.11438809 -0.12401558  0.10808211  0.11203116 -0.02680263 -0.09718329
  -0.04008013  0.22092675  0.13433434 -0.0821903   0.11826794  0.08130442
   0.14067204 -0.03377599 -0.07209507  0.02538352 -0.02743964 -0.03591294
   0.04309522 -0.02516011 -0.05636101 -0.02295655 -0.00508415  0.00790057
  -0.08402565  0.08930622  0.0057027   0.07893499  0.14961803  0.10979341
  -0.03268841  0.04325716 -0.06961103  0.07727939 -0.02665208  0.00284023
  -0.03748603 -0.04764256  0.06454681 -0.08287099  0.01519237 -0.04665135
   0.1490762   0.01071378]
 [ 0.18199073 -0.02727122 -0.11431947 -0.10247555  0.04069375  0.06660156
  -0.06506766 -0.04991488  0.00641132  0.0051607  -0.14922975  0.05468789
   0.04386579 -0.03180862 -0.00185355  0.0651706   0.0147996  -0.019042
   0.06871496  0.0910394  -0.08900776 -0.04621401 -0.10159183 -0.01348798
  -0.04368705 -0.04249879 -0.05204838  0.24084346  0.06949262 -0.10940152
  -0.01525751  0.17840579 -0.0289282   0.03673049  0.09894262  0.0558756
   0.07852617 -0.11529309  0.06121308 -0.1259009   0.06894205 -0.01925944
  -0.04943441  0.12555562 -0.01554176  0.07443307  0.01475914 -0.08126608
   0.00373125 -0.1034561  -0.15429704 -0.04153472 -0.07277142 -0.05938745
   0.13246205  0.11921267 -0.14938965 -0.012909    0.16441922 -0.03421832
   0.15211397  0.11670588 -0.07578532 -0.1287839  -0.02321123 -0.06407742
   0.03507345  0.00219886 -0.07811518  0.05722951 -0.08356941 -0.09794328
  -0.01300679 -0.02910705  0.13080515  0.15554419 -0.09440299 -0.0579078
  -0.03182844 -0.11069491  0.08879782  0.02059932 -0.12414923  0.08265658
  -0.09369006 -0.08932687 -0.00735521  0.05698132 -0.00691494  0.02470599
   0.02259851 -0.06859082  0.17082004  0.01671739  0.06189845 -0.1816058
  -0.10800524 -0.05606282 -0.05797635  0.03199868  0.14843416  0.22534858
  -0.08848187  0.00182941 -0.05346749 -0.03289237 -0.02329554 -0.1668738
   0.06429708 -0.0155743  -0.10991994 -0.08381198  0.00927833 -0.05120053
  -0.02009785 -0.13546288  0.13477978  0.07627223 -0.03053773 -0.08867531
  -0.12526928 -0.04884817 -0.0522727   0.07422531 -0.03802639 -0.07329281
   0.00420386 -0.08719163]]
