[[-0.00845042 -0.09707508 -0.1017061  -0.06257772 -0.05803543  0.05629976
  -0.04165007  0.00876433  0.11454188 -0.00210377 -0.05796683 -0.03740148
   0.0837225   0.11156382 -0.08640528 -0.03143528  0.04789373  0.07039251
   0.04671301  0.06681853  0.15234695  0.14372621 -0.047639    0.11113089
   0.06945874 -0.012018    0.11527146  0.08224674  0.06608517 -0.03634639
  -0.08323001  0.1454768   0.11320107 -0.11103589 -0.00878211  0.06911087
   0.14672804 -0.06447589  0.20511733 -0.07394253 -0.07095624  0.01945441
  -0.01259639  0.12857763  0.14605094 -0.0248221   0.024422   -0.05018237
  -0.02348563  0.00521205 -0.07789394  0.12211394  0.27617782 -0.03599843
   0.0846848   0.16567223 -0.10512204 -0.09159407  0.07250342 -0.08507715
   0.10155033  0.10562844  0.18146615 -0.05976485 -0.09258121  0.07230265
  -0.00811524 -0.05663372 -0.00822391  0.2147782   0.00756446 -0.05663459
  -0.04938122 -0.09244606  0.12883405 -0.01308698  0.03906516 -0.04547126
  -0.04324619 -0.01668171  0.10710982 -0.09574679 -0.09689985  0.20404918
   0.09968179 -0.11862209  0.10524968  0.07653152 -0.03611108 -0.07905822
  -0.06827526  0.13359746  0.13387367 -0.08151855  0.03818895  0.0844364
   0.11657008 -0.02926683 -0.05513946  0.0193093  -0.04217723 -0.08333654
   0.0083346  -0.06272633 -0.0423961   0.05122388  0.05699569 -0.03617213
  -0.08319232  0.07134234  0.02917426  0.03305927  0.09142907  0.0752086
  -0.00087477  0.04771234 -0.07546129  0.14125282 -0.02964525  0.08448932
  -0.03639645 -0.0558198   0.08214552 -0.08319141  0.07045647 -0.05555599
   0.09750935  0.04330098]
 [ 0.23870149 -0.09667498 -0.13950406 -0.1517731   0.00785893  0.05665835
   0.02364579 -0.03458061  0.13495007  0.08924816 -0.1627799   0.08852528
   0.04846027 -0.00656141 -0.03468845 -0.06092272  0.04900283  0.01526811
   0.0353081  -0.0544106  -0.04969041 -0.08342423 -0.04066192 -0.06056835
  -0.08307249 -0.07112638  0.03920474  0.16679187  0.01989267 -0.06721532
  -0.06340984  0.17026988  0.10486009 -0.00820863  0.0355636  -0.04182925
   0.15440433 -0.1332607   0.00719877 -0.07027043 -0.01460848  0.05257658
   0.0472665   0.09981649  0.06733384  0.14221181  0.02907338 -0.11326263
  -0.06533835 -0.05114556 -0.14097497 -0.06093964 -0.04004442 -0.07202412
   0.09021641  0.0310726  -0.16332404 -0.0212744   0.10882082 -0.08877178
   0.13561809  0.03952634 -0.0742477  -0.16008194 -0.04014637 -0.07862566
  -0.00175459 -0.01815237 -0.03626045  0.09385372 -0.08872492 -0.11826979
  -0.04280199 -0.09314026  0.09544066  0.1673213  -0.0683033  -0.08482597
  -0.07983159 -0.11638647  0.17778756  0.02884399 -0.13462707  0.06945997
  -0.04355993 -0.07151253 -0.02446233  0.16026464 -0.02039015 -0.12222423
  -0.0527806  -0.07727924  0.16576786 -0.08705094 -0.01974957 -0.08624175
  -0.04098143 -0.03560695 -0.04452484  0.00242386  0.07154577  0.12142342
  -0.10467062  0.01234453 -0.03798286 -0.02452854 -0.03980029 -0.20189933
  -0.08784506  0.01395764 -0.07421073 -0.08852923  0.08070855  0.00079923
   0.06812179 -0.1266914  -0.00654724  0.09829932 -0.04052042 -0.09813847
  -0.14854498 -0.03802476  0.00286097  0.00732503 -0.01568296 -0.07511525
  -0.04542114 -0.04969121]]
[[-0.00845042 -0.09707508 -0.1017061  -0.06257772 -0.05803543  0.05629976
  -0.04165007  0.00876433  0.11454188 -0.00210377 -0.05796683 -0.03740148
   0.0837225   0.11156382 -0.08640528 -0.03143528  0.04789373  0.07039251
   0.04671301  0.06681853  0.15234695  0.14372621 -0.047639    0.11113089
   0.06945874 -0.012018    0.11527146  0.08224674  0.06608517 -0.03634639
  -0.08323001  0.1454768   0.11320107 -0.11103589 -0.00878211  0.06911087
   0.14672804 -0.06447589  0.20511733 -0.07394253 -0.07095624  0.01945441
  -0.01259639  0.12857763  0.14605094 -0.0248221   0.024422   -0.05018237
  -0.02348563  0.00521205 -0.07789394  0.12211394  0.27617782 -0.03599843
   0.0846848   0.16567223 -0.10512204 -0.09159407  0.07250342 -0.08507715
   0.10155033  0.10562844  0.18146615 -0.05976485 -0.09258121  0.07230265
  -0.00811524 -0.05663372 -0.00822391  0.2147782   0.00756446 -0.05663459
  -0.04938122 -0.09244606  0.12883405 -0.01308698  0.03906516 -0.04547126
  -0.04324619 -0.01668171  0.10710982 -0.09574679 -0.09689985  0.20404918
   0.09968179 -0.11862209  0.10524968  0.07653152 -0.03611108 -0.07905822
  -0.06827526  0.13359746  0.13387367 -0.08151855  0.03818895  0.0844364
   0.11657008 -0.02926683 -0.05513946  0.0193093  -0.04217723 -0.08333654
   0.0083346  -0.06272633 -0.0423961   0.05122388  0.05699569 -0.03617213
  -0.08319232  0.07134234  0.02917426  0.03305927  0.09142907  0.0752086
  -0.00087477  0.04771234 -0.07546129  0.14125282 -0.02964525  0.08448932
  -0.03639645 -0.0558198   0.08214552 -0.08319141  0.07045647 -0.05555599
   0.09750935  0.04330098]
 [ 0.23870149 -0.09667498 -0.13950406 -0.1517731   0.00785893  0.05665835
   0.02364579 -0.03458061  0.13495007  0.08924816 -0.1627799   0.08852528
   0.04846027 -0.00656141 -0.03468845 -0.06092272  0.04900283  0.01526811
   0.0353081  -0.0544106  -0.04969041 -0.08342423 -0.04066192 -0.06056835
  -0.08307249 -0.07112638  0.03920474  0.16679187  0.01989267 -0.06721532
  -0.06340984  0.17026988  0.10486009 -0.00820863  0.0355636  -0.04182925
   0.15440433 -0.1332607   0.00719877 -0.07027043 -0.01460848  0.05257658
   0.0472665   0.09981649  0.06733384  0.14221181  0.02907338 -0.11326263
  -0.06533835 -0.05114556 -0.14097497 -0.06093964 -0.04004442 -0.07202412
   0.09021641  0.0310726  -0.16332404 -0.0212744   0.10882082 -0.08877178
   0.13561809  0.03952634 -0.0742477  -0.16008194 -0.04014637 -0.07862566
  -0.00175459 -0.01815237 -0.03626045  0.09385372 -0.08872492 -0.11826979
  -0.04280199 -0.09314026  0.09544066  0.1673213  -0.0683033  -0.08482597
  -0.07983159 -0.11638647  0.17778756  0.02884399 -0.13462707  0.06945997
  -0.04355993 -0.07151253 -0.02446233  0.16026464 -0.02039015 -0.12222423
  -0.0527806  -0.07727924  0.16576786 -0.08705094 -0.01974957 -0.08624175
  -0.04098143 -0.03560695 -0.04452484  0.00242386  0.07154577  0.12142342
  -0.10467062  0.01234453 -0.03798286 -0.02452854 -0.03980029 -0.20189933
  -0.08784506  0.01395764 -0.07421073 -0.08852923  0.08070855  0.00079923
   0.06812179 -0.1266914  -0.00654724  0.09829932 -0.04052042 -0.09813847
  -0.14854498 -0.03802476  0.00286097  0.00732503 -0.01568296 -0.07511525
  -0.04542114 -0.04969121]]
[[-0.00845042 -0.09707508 -0.1017061  -0.06257772 -0.05803543  0.05629976
  -0.04165007  0.00876433  0.11454188 -0.00210377 -0.05796683 -0.03740148
   0.0837225   0.11156382 -0.08640528 -0.03143528  0.04789373  0.07039251
   0.04671301  0.06681853  0.15234695  0.14372621 -0.047639    0.11113089
   0.06945874 -0.012018    0.11527146  0.08224674  0.06608517 -0.03634639
  -0.08323001  0.1454768   0.11320107 -0.11103589 -0.00878211  0.06911087
   0.14672804 -0.06447589  0.20511733 -0.07394253 -0.07095624  0.01945441
  -0.01259639  0.12857763  0.14605094 -0.0248221   0.024422   -0.05018237
  -0.02348563  0.00521205 -0.07789394  0.12211394  0.27617782 -0.03599843
   0.0846848   0.16567223 -0.10512204 -0.09159407  0.07250342 -0.08507715
   0.10155033  0.10562844  0.18146615 -0.05976485 -0.09258121  0.07230265
  -0.00811524 -0.05663372 -0.00822391  0.2147782   0.00756446 -0.05663459
  -0.04938122 -0.09244606  0.12883405 -0.01308698  0.03906516 -0.04547126
  -0.04324619 -0.01668171  0.10710982 -0.09574679 -0.09689985  0.20404918
   0.09968179 -0.11862209  0.10524968  0.07653152 -0.03611108 -0.07905822
  -0.06827526  0.13359746  0.13387367 -0.08151855  0.03818895  0.0844364
   0.11657008 -0.02926683 -0.05513946  0.0193093  -0.04217723 -0.08333654
   0.0083346  -0.06272633 -0.0423961   0.05122388  0.05699569 -0.03617213
  -0.08319232  0.07134234  0.02917426  0.03305927  0.09142907  0.0752086
  -0.00087477  0.04771234 -0.07546129  0.14125282 -0.02964525  0.08448932
  -0.03639645 -0.0558198   0.08214552 -0.08319141  0.07045647 -0.05555599
   0.09750935  0.04330098]
 [ 0.23870149 -0.09667498 -0.13950406 -0.1517731   0.00785893  0.05665835
   0.02364579 -0.03458061  0.13495007  0.08924816 -0.1627799   0.08852528
   0.04846027 -0.00656141 -0.03468845 -0.06092272  0.04900283  0.01526811
   0.0353081  -0.0544106  -0.04969041 -0.08342423 -0.04066192 -0.06056835
  -0.08307249 -0.07112638  0.03920474  0.16679187  0.01989267 -0.06721532
  -0.06340984  0.17026988  0.10486009 -0.00820863  0.0355636  -0.04182925
   0.15440433 -0.1332607   0.00719877 -0.07027043 -0.01460848  0.05257658
   0.0472665   0.09981649  0.06733384  0.14221181  0.02907338 -0.11326263
  -0.06533835 -0.05114556 -0.14097497 -0.06093964 -0.04004442 -0.07202412
   0.09021641  0.0310726  -0.16332404 -0.0212744   0.10882082 -0.08877178
   0.13561809  0.03952634 -0.0742477  -0.16008194 -0.04014637 -0.07862566
  -0.00175459 -0.01815237 -0.03626045  0.09385372 -0.08872492 -0.11826979
  -0.04280199 -0.09314026  0.09544066  0.1673213  -0.0683033  -0.08482597
  -0.07983159 -0.11638647  0.17778756  0.02884399 -0.13462707  0.06945997
  -0.04355993 -0.07151253 -0.02446233  0.16026464 -0.02039015 -0.12222423
  -0.0527806  -0.07727924  0.16576786 -0.08705094 -0.01974957 -0.08624175
  -0.04098143 -0.03560695 -0.04452484  0.00242386  0.07154577  0.12142342
  -0.10467062  0.01234453 -0.03798286 -0.02452854 -0.03980029 -0.20189933
  -0.08784506  0.01395764 -0.07421073 -0.08852923  0.08070855  0.00079923
   0.06812179 -0.1266914  -0.00654724  0.09829932 -0.04052042 -0.09813847
  -0.14854498 -0.03802476  0.00286097  0.00732503 -0.01568296 -0.07511525
  -0.04542114 -0.04969121]]
