[[ 0.18450154 -0.04469045 -0.09527598 -0.19804981  0.01977056  0.05006809
  -0.05867432 -0.01128642  0.11852205  0.03484526 -0.14605278  0.05090424
   0.06232775 -0.10623431  0.00274715 -0.04909583  0.09167399  0.01030325
   0.02011129 -0.08484878 -0.03281678 -0.02192323  0.05193201  0.04071022
   0.01535609 -0.04074288 -0.07952914  0.12603617  0.00351344 -0.08020449
  -0.01180657  0.12202157  0.09688099  0.02466309  0.06429961 -0.03910511
   0.16258252 -0.12706605  0.09821343 -0.02966178  0.05664532 -0.00168578
  -0.00302385  0.10264247  0.03395606  0.162426    0.0925322  -0.12859768
  -0.0074008  -0.04678851 -0.15291882 -0.03289848 -0.07180328 -0.0521366
   0.14435159  0.1476137  -0.14033154 -0.02547476  0.09880436 -0.1008856
   0.06046297  0.12742002 -0.07298826 -0.1337237  -0.064013   -0.10177153
  -0.0113319  -0.0212734  -0.04115882  0.09357597 -0.05715017 -0.07999128
   0.04028892 -0.10896493  0.13773341  0.1695437   0.06022582 -0.04945439
  -0.01987989 -0.04824125  0.21925843  0.06811131 -0.1369595   0.07449309
  -0.0299254  -0.05692973 -0.0448694   0.09489236  0.01019364 -0.09395467
  -0.08071013 -0.10521134  0.26285538 -0.01506182 -0.01309479 -0.02264605
  -0.06004297  0.01813977  0.00492469 -0.00675754  0.06696916  0.09741392
  -0.07562918  0.05070714  0.0571199  -0.05595231 -0.0552292  -0.12152085
  -0.06838629  0.06838694 -0.07091924 -0.08427338  0.13934386  0.07053504
   0.03620727 -0.11296776  0.06171763  0.06230049 -0.10293981 -0.13791618
  -0.14095926  0.04635337  0.03800769  0.08772767 -0.0495749  -0.0539143
   0.01026557 -0.10415198]
 [ 0.18038006 -0.0866256  -0.14725119 -0.11698926 -0.00600807  0.02180632
   0.02766404  0.0032625   0.0355822  -0.04033285 -0.06233539 -0.09274116
  -0.04297911  0.21126388 -0.09846563 -0.02602265  0.12018118  0.05984089
  -0.0400729  -0.00060247  0.06234046  0.23461786 -0.07532219  0.10814589
   0.15563512 -0.05542903 -0.0700496   0.12320967 -0.0049399  -0.0527548
  -0.07565852  0.02155243  0.16256334 -0.02872591  0.06336818  0.08205864
   0.08189452 -0.04697577  0.17782502 -0.05900303 -0.04215149 -0.03925109
  -0.10560713  0.09124454  0.00596646 -0.07548888  0.01720021 -0.08180391
  -0.04887439  0.01445644 -0.07791758  0.13720444  0.2733191   0.02553484
   0.15587507  0.14750426 -0.10499812 -0.02613708  0.04449797 -0.08401296
   0.06869876  0.06509624  0.27961442 -0.03133328 -0.04778315  0.21671517
  -0.0125857  -0.05517751 -0.01463468  0.03796367 -0.01522642 -0.03130151
   0.00253571 -0.07234333  0.13269497  0.04799713 -0.02148643 -0.05398843
   0.04890208 -0.02398516 -0.02918131 -0.05932528 -0.0869798   0.13059437
   0.04781741 -0.0411604   0.0426738   0.13758184  0.02299353 -0.07748297
   0.07782975  0.17474176  0.14967482 -0.05283257  0.07415009  0.0371181
   0.06556916 -0.0382825  -0.09582882  0.05284805  0.02149289  0.05204893
   0.0016011   0.0815677  -0.00923708 -0.03567174  0.02197897 -0.0067668
  -0.08306302  0.0718392  -0.06087331  0.03314329  0.10197856  0.05440955
  -0.04074097  0.07139591 -0.07194846 -0.0507495  -0.01590107  0.06667437
  -0.05715884 -0.04317624 -0.01880357 -0.0823937   0.02379284 -0.04491764
   0.09322079  0.072722  ]]
[[ 0.18450154 -0.04469045 -0.09527598 -0.19804981  0.01977056  0.05006809
  -0.05867432 -0.01128642  0.11852205  0.03484526 -0.14605278  0.05090424
   0.06232775 -0.10623431  0.00274715 -0.04909583  0.09167399  0.01030325
   0.02011129 -0.08484878 -0.03281678 -0.02192323  0.05193201  0.04071022
   0.01535609 -0.04074288 -0.07952914  0.12603617  0.00351344 -0.08020449
  -0.01180657  0.12202157  0.09688099  0.02466309  0.06429961 -0.03910511
   0.16258252 -0.12706605  0.09821343 -0.02966178  0.05664532 -0.00168578
  -0.00302385  0.10264247  0.03395606  0.162426    0.0925322  -0.12859768
  -0.0074008  -0.04678851 -0.15291882 -0.03289848 -0.07180328 -0.0521366
   0.14435159  0.1476137  -0.14033154 -0.02547476  0.09880436 -0.1008856
   0.06046297  0.12742002 -0.07298826 -0.1337237  -0.064013   -0.10177153
  -0.0113319  -0.0212734  -0.04115882  0.09357597 -0.05715017 -0.07999128
   0.04028892 -0.10896493  0.13773341  0.1695437   0.06022582 -0.04945439
  -0.01987989 -0.04824125  0.21925843  0.06811131 -0.1369595   0.07449309
  -0.0299254  -0.05692973 -0.0448694   0.09489236  0.01019364 -0.09395467
  -0.08071013 -0.10521134  0.26285538 -0.01506182 -0.01309479 -0.02264605
  -0.06004297  0.01813977  0.00492469 -0.00675754  0.06696916  0.09741392
  -0.07562918  0.05070714  0.0571199  -0.05595231 -0.0552292  -0.12152085
  -0.06838629  0.06838694 -0.07091924 -0.08427338  0.13934386  0.07053504
   0.03620727 -0.11296776  0.06171763  0.06230049 -0.10293981 -0.13791618
  -0.14095926  0.04635337  0.03800769  0.08772767 -0.0495749  -0.0539143
   0.01026557 -0.10415198]
 [ 0.18038006 -0.0866256  -0.14725119 -0.11698926 -0.00600807  0.02180632
   0.02766404  0.0032625   0.0355822  -0.04033285 -0.06233539 -0.09274116
  -0.04297911  0.21126388 -0.09846563 -0.02602265  0.12018118  0.05984089
  -0.0400729  -0.00060247  0.06234046  0.23461786 -0.07532219  0.10814589
   0.15563512 -0.05542903 -0.0700496   0.12320967 -0.0049399  -0.0527548
  -0.07565852  0.02155243  0.16256334 -0.02872591  0.06336818  0.08205864
   0.08189452 -0.04697577  0.17782502 -0.05900303 -0.04215149 -0.03925109
  -0.10560713  0.09124454  0.00596646 -0.07548888  0.01720021 -0.08180391
  -0.04887439  0.01445644 -0.07791758  0.13720444  0.2733191   0.02553484
   0.15587507  0.14750426 -0.10499812 -0.02613708  0.04449797 -0.08401296
   0.06869876  0.06509624  0.27961442 -0.03133328 -0.04778315  0.21671517
  -0.0125857  -0.05517751 -0.01463468  0.03796367 -0.01522642 -0.03130151
   0.00253571 -0.07234333  0.13269497  0.04799713 -0.02148643 -0.05398843
   0.04890208 -0.02398516 -0.02918131 -0.05932528 -0.0869798   0.13059437
   0.04781741 -0.0411604   0.0426738   0.13758184  0.02299353 -0.07748297
   0.07782975  0.17474176  0.14967482 -0.05283257  0.07415009  0.0371181
   0.06556916 -0.0382825  -0.09582882  0.05284805  0.02149289  0.05204893
   0.0016011   0.0815677  -0.00923708 -0.03567174  0.02197897 -0.0067668
  -0.08306302  0.0718392  -0.06087331  0.03314329  0.10197856  0.05440955
  -0.04074097  0.07139591 -0.07194846 -0.0507495  -0.01590107  0.06667437
  -0.05715884 -0.04317624 -0.01880357 -0.0823937   0.02379284 -0.04491764
   0.09322079  0.072722  ]]
[[ 0.18450154 -0.04469045 -0.09527598 -0.19804981  0.01977056  0.05006809
  -0.05867432 -0.01128642  0.11852205  0.03484526 -0.14605278  0.05090424
   0.06232775 -0.10623431  0.00274715 -0.04909583  0.09167399  0.01030325
   0.02011129 -0.08484878 -0.03281678 -0.02192323  0.05193201  0.04071022
   0.01535609 -0.04074288 -0.07952914  0.12603617  0.00351344 -0.08020449
  -0.01180657  0.12202157  0.09688099  0.02466309  0.06429961 -0.03910511
   0.16258252 -0.12706605  0.09821343 -0.02966178  0.05664532 -0.00168578
  -0.00302385  0.10264247  0.03395606  0.162426    0.0925322  -0.12859768
  -0.0074008  -0.04678851 -0.15291882 -0.03289848 -0.07180328 -0.0521366
   0.14435159  0.1476137  -0.14033154 -0.02547476  0.09880436 -0.1008856
   0.06046297  0.12742002 -0.07298826 -0.1337237  -0.064013   -0.10177153
  -0.0113319  -0.0212734  -0.04115882  0.09357597 -0.05715017 -0.07999128
   0.04028892 -0.10896493  0.13773341  0.1695437   0.06022582 -0.04945439
  -0.01987989 -0.04824125  0.21925843  0.06811131 -0.1369595   0.07449309
  -0.0299254  -0.05692973 -0.0448694   0.09489236  0.01019364 -0.09395467
  -0.08071013 -0.10521134  0.26285538 -0.01506182 -0.01309479 -0.02264605
  -0.06004297  0.01813977  0.00492469 -0.00675754  0.06696916  0.09741392
  -0.07562918  0.05070714  0.0571199  -0.05595231 -0.0552292  -0.12152085
  -0.06838629  0.06838694 -0.07091924 -0.08427338  0.13934386  0.07053504
   0.03620727 -0.11296776  0.06171763  0.06230049 -0.10293981 -0.13791618
  -0.14095926  0.04635337  0.03800769  0.08772767 -0.0495749  -0.0539143
   0.01026557 -0.10415198]
 [ 0.18038006 -0.0866256  -0.14725119 -0.11698926 -0.00600807  0.02180632
   0.02766404  0.0032625   0.0355822  -0.04033285 -0.06233539 -0.09274116
  -0.04297911  0.21126388 -0.09846563 -0.02602265  0.12018118  0.05984089
  -0.0400729  -0.00060247  0.06234046  0.23461786 -0.07532219  0.10814589
   0.15563512 -0.05542903 -0.0700496   0.12320967 -0.0049399  -0.0527548
  -0.07565852  0.02155243  0.16256334 -0.02872591  0.06336818  0.08205864
   0.08189452 -0.04697577  0.17782502 -0.05900303 -0.04215149 -0.03925109
  -0.10560713  0.09124454  0.00596646 -0.07548888  0.01720021 -0.08180391
  -0.04887439  0.01445644 -0.07791758  0.13720444  0.2733191   0.02553484
   0.15587507  0.14750426 -0.10499812 -0.02613708  0.04449797 -0.08401296
   0.06869876  0.06509624  0.27961442 -0.03133328 -0.04778315  0.21671517
  -0.0125857  -0.05517751 -0.01463468  0.03796367 -0.01522642 -0.03130151
   0.00253571 -0.07234333  0.13269497  0.04799713 -0.02148643 -0.05398843
   0.04890208 -0.02398516 -0.02918131 -0.05932528 -0.0869798   0.13059437
   0.04781741 -0.0411604   0.0426738   0.13758184  0.02299353 -0.07748297
   0.07782975  0.17474176  0.14967482 -0.05283257  0.07415009  0.0371181
   0.06556916 -0.0382825  -0.09582882  0.05284805  0.02149289  0.05204893
   0.0016011   0.0815677  -0.00923708 -0.03567174  0.02197897 -0.0067668
  -0.08306302  0.0718392  -0.06087331  0.03314329  0.10197856  0.05440955
  -0.04074097  0.07139591 -0.07194846 -0.0507495  -0.01590107  0.06667437
  -0.05715884 -0.04317624 -0.01880357 -0.0823937   0.02379284 -0.04491764
   0.09322079  0.072722  ]]
