[[ 0.17751367 -0.05591507 -0.0553913  -0.19154413  0.01087957  0.02892996
  -0.04596891 -0.04486099  0.07912493  0.00976445 -0.16028732  0.05176214
   0.07277356 -0.0951349  -0.01344481 -0.07900896  0.0758523   0.05777012
   0.03613945 -0.06107589 -0.0475345  -0.00283148  0.05292211  0.00398166
  -0.01072339 -0.06902765 -0.02221621  0.14064163 -0.00443824 -0.07818067
  -0.05721594  0.16413793  0.07557914 -0.00626583  0.05073494 -0.06927785
   0.10700377 -0.13792077  0.04774423 -0.02242591  0.0122803  -0.02846787
  -0.05095124  0.11765523  0.05457153  0.10563191  0.04534522 -0.1289674
   0.02638765 -0.07531728 -0.18611316 -0.03175896 -0.0853881  -0.01735836
   0.12860166  0.18664712 -0.15762176 -0.04908809  0.15866631 -0.11158241
   0.08373106  0.16655317 -0.04392684 -0.14495952 -0.0441764  -0.09278972
   0.02628509 -0.00540342 -0.04821733  0.09307218 -0.06219285 -0.09716249
   0.01352886 -0.13350026  0.11403635  0.12452971  0.01733147 -0.06298225
  -0.03683551 -0.07364462  0.18116443  0.03511497 -0.14533848  0.09009939
  -0.02920928 -0.05828999 -0.03803517  0.12252144 -0.00077343 -0.11417216
  -0.09418386 -0.10123017  0.21657267 -0.04575928  0.01796769 -0.00489546
  -0.05426086 -0.04092401 -0.02116821  0.00566834  0.06433667  0.13456906
  -0.08408227  0.0261828  -0.04540266 -0.06157692 -0.0367807  -0.1450856
  -0.07462762  0.09088712 -0.03595831 -0.09312066  0.09112498  0.04639543
   0.03149724 -0.12007602  0.08638344  0.04678996 -0.10700443 -0.14547133
  -0.14208665  0.04914595  0.05014009  0.09068661 -0.03118475 -0.06692516
   0.02728289 -0.10338588]
 [ 0.16586812 -0.08358906 -0.15177539 -0.11206008 -0.01471347 -0.002189
   0.02309164  0.0152644   0.04227081 -0.03535154 -0.05981192 -0.09412894
  -0.02570787  0.2099005  -0.09548473 -0.02676551  0.11191043  0.05722646
  -0.03753351 -0.02370555  0.0836903   0.23878005 -0.07268921  0.13051529
   0.14956415 -0.05042599 -0.06284195  0.11488959 -0.00381238 -0.05371855
  -0.07777025  0.04112847  0.16520573 -0.0312227   0.05653786  0.07891102
   0.07910337 -0.04804466  0.19239414 -0.05583563 -0.05146464 -0.02353871
  -0.09864921  0.0796678   0.02869075 -0.07389278  0.02280982 -0.07380086
  -0.04815538  0.01351793 -0.07832528  0.15908696  0.2700019   0.02670397
   0.1344681   0.1626818  -0.09826019 -0.03284765  0.04723493 -0.08524376
   0.07180565  0.09086396  0.2802955  -0.03664402 -0.04760262  0.21092062
  -0.0120115  -0.05839822 -0.00637199  0.06044975 -0.00692042 -0.03312971
   0.00362927 -0.06639533  0.11795175  0.04207268 -0.00279963 -0.05438136
   0.05544848 -0.02355313 -0.02279589 -0.06006239 -0.0864186   0.11798923
   0.05922244 -0.04991982  0.05722784  0.13464502  0.02321971 -0.0780274
   0.05810601  0.17385705  0.13018683 -0.05712943  0.05003387  0.04851663
   0.07844705 -0.02877721 -0.09405802  0.05431928  0.01766296  0.0571834
   0.01251463  0.07603619 -0.00371928 -0.0339394   0.02222092 -0.00194677
  -0.08089002  0.07631461 -0.05824719  0.05829368  0.11041184  0.06079616
  -0.04199742  0.06748276 -0.07206421 -0.04279501  0.00150168  0.06575414
  -0.04809358 -0.05459145 -0.01171032 -0.08270116  0.02945204 -0.03581213
   0.12669736  0.07272577]]
[[ 0.17751367 -0.05591507 -0.0553913  -0.19154413  0.01087957  0.02892996
  -0.04596891 -0.04486099  0.07912493  0.00976445 -0.16028732  0.05176214
   0.07277356 -0.0951349  -0.01344481 -0.07900896  0.0758523   0.05777012
   0.03613945 -0.06107589 -0.0475345  -0.00283148  0.05292211  0.00398166
  -0.01072339 -0.06902765 -0.02221621  0.14064163 -0.00443824 -0.07818067
  -0.05721594  0.16413793  0.07557914 -0.00626583  0.05073494 -0.06927785
   0.10700377 -0.13792077  0.04774423 -0.02242591  0.0122803  -0.02846787
  -0.05095124  0.11765523  0.05457153  0.10563191  0.04534522 -0.1289674
   0.02638765 -0.07531728 -0.18611316 -0.03175896 -0.0853881  -0.01735836
   0.12860166  0.18664712 -0.15762176 -0.04908809  0.15866631 -0.11158241
   0.08373106  0.16655317 -0.04392684 -0.14495952 -0.0441764  -0.09278972
   0.02628509 -0.00540342 -0.04821733  0.09307218 -0.06219285 -0.09716249
   0.01352886 -0.13350026  0.11403635  0.12452971  0.01733147 -0.06298225
  -0.03683551 -0.07364462  0.18116443  0.03511497 -0.14533848  0.09009939
  -0.02920928 -0.05828999 -0.03803517  0.12252144 -0.00077343 -0.11417216
  -0.09418386 -0.10123017  0.21657267 -0.04575928  0.01796769 -0.00489546
  -0.05426086 -0.04092401 -0.02116821  0.00566834  0.06433667  0.13456906
  -0.08408227  0.0261828  -0.04540266 -0.06157692 -0.0367807  -0.1450856
  -0.07462762  0.09088712 -0.03595831 -0.09312066  0.09112498  0.04639543
   0.03149724 -0.12007602  0.08638344  0.04678996 -0.10700443 -0.14547133
  -0.14208665  0.04914595  0.05014009  0.09068661 -0.03118475 -0.06692516
   0.02728289 -0.10338588]
 [ 0.16586812 -0.08358906 -0.15177539 -0.11206008 -0.01471347 -0.002189
   0.02309164  0.0152644   0.04227081 -0.03535154 -0.05981192 -0.09412894
  -0.02570787  0.2099005  -0.09548473 -0.02676551  0.11191043  0.05722646
  -0.03753351 -0.02370555  0.0836903   0.23878005 -0.07268921  0.13051529
   0.14956415 -0.05042599 -0.06284195  0.11488959 -0.00381238 -0.05371855
  -0.07777025  0.04112847  0.16520573 -0.0312227   0.05653786  0.07891102
   0.07910337 -0.04804466  0.19239414 -0.05583563 -0.05146464 -0.02353871
  -0.09864921  0.0796678   0.02869075 -0.07389278  0.02280982 -0.07380086
  -0.04815538  0.01351793 -0.07832528  0.15908696  0.2700019   0.02670397
   0.1344681   0.1626818  -0.09826019 -0.03284765  0.04723493 -0.08524376
   0.07180565  0.09086396  0.2802955  -0.03664402 -0.04760262  0.21092062
  -0.0120115  -0.05839822 -0.00637199  0.06044975 -0.00692042 -0.03312971
   0.00362927 -0.06639533  0.11795175  0.04207268 -0.00279963 -0.05438136
   0.05544848 -0.02355313 -0.02279589 -0.06006239 -0.0864186   0.11798923
   0.05922244 -0.04991982  0.05722784  0.13464502  0.02321971 -0.0780274
   0.05810601  0.17385705  0.13018683 -0.05712943  0.05003387  0.04851663
   0.07844705 -0.02877721 -0.09405802  0.05431928  0.01766296  0.0571834
   0.01251463  0.07603619 -0.00371928 -0.0339394   0.02222092 -0.00194677
  -0.08089002  0.07631461 -0.05824719  0.05829368  0.11041184  0.06079616
  -0.04199742  0.06748276 -0.07206421 -0.04279501  0.00150168  0.06575414
  -0.04809358 -0.05459145 -0.01171032 -0.08270116  0.02945204 -0.03581213
   0.12669736  0.07272577]]
[[ 0.17751367 -0.05591507 -0.0553913  -0.19154413  0.01087957  0.02892996
  -0.04596891 -0.04486099  0.07912493  0.00976445 -0.16028732  0.05176214
   0.07277356 -0.0951349  -0.01344481 -0.07900896  0.0758523   0.05777012
   0.03613945 -0.06107589 -0.0475345  -0.00283148  0.05292211  0.00398166
  -0.01072339 -0.06902765 -0.02221621  0.14064163 -0.00443824 -0.07818067
  -0.05721594  0.16413793  0.07557914 -0.00626583  0.05073494 -0.06927785
   0.10700377 -0.13792077  0.04774423 -0.02242591  0.0122803  -0.02846787
  -0.05095124  0.11765523  0.05457153  0.10563191  0.04534522 -0.1289674
   0.02638765 -0.07531728 -0.18611316 -0.03175896 -0.0853881  -0.01735836
   0.12860166  0.18664712 -0.15762176 -0.04908809  0.15866631 -0.11158241
   0.08373106  0.16655317 -0.04392684 -0.14495952 -0.0441764  -0.09278972
   0.02628509 -0.00540342 -0.04821733  0.09307218 -0.06219285 -0.09716249
   0.01352886 -0.13350026  0.11403635  0.12452971  0.01733147 -0.06298225
  -0.03683551 -0.07364462  0.18116443  0.03511497 -0.14533848  0.09009939
  -0.02920928 -0.05828999 -0.03803517  0.12252144 -0.00077343 -0.11417216
  -0.09418386 -0.10123017  0.21657267 -0.04575928  0.01796769 -0.00489546
  -0.05426086 -0.04092401 -0.02116821  0.00566834  0.06433667  0.13456906
  -0.08408227  0.0261828  -0.04540266 -0.06157692 -0.0367807  -0.1450856
  -0.07462762  0.09088712 -0.03595831 -0.09312066  0.09112498  0.04639543
   0.03149724 -0.12007602  0.08638344  0.04678996 -0.10700443 -0.14547133
  -0.14208665  0.04914595  0.05014009  0.09068661 -0.03118475 -0.06692516
   0.02728289 -0.10338588]
 [ 0.16586812 -0.08358906 -0.15177539 -0.11206008 -0.01471347 -0.002189
   0.02309164  0.0152644   0.04227081 -0.03535154 -0.05981192 -0.09412894
  -0.02570787  0.2099005  -0.09548473 -0.02676551  0.11191043  0.05722646
  -0.03753351 -0.02370555  0.0836903   0.23878005 -0.07268921  0.13051529
   0.14956415 -0.05042599 -0.06284195  0.11488959 -0.00381238 -0.05371855
  -0.07777025  0.04112847  0.16520573 -0.0312227   0.05653786  0.07891102
   0.07910337 -0.04804466  0.19239414 -0.05583563 -0.05146464 -0.02353871
  -0.09864921  0.0796678   0.02869075 -0.07389278  0.02280982 -0.07380086
  -0.04815538  0.01351793 -0.07832528  0.15908696  0.2700019   0.02670397
   0.1344681   0.1626818  -0.09826019 -0.03284765  0.04723493 -0.08524376
   0.07180565  0.09086396  0.2802955  -0.03664402 -0.04760262  0.21092062
  -0.0120115  -0.05839822 -0.00637199  0.06044975 -0.00692042 -0.03312971
   0.00362927 -0.06639533  0.11795175  0.04207268 -0.00279963 -0.05438136
   0.05544848 -0.02355313 -0.02279589 -0.06006239 -0.0864186   0.11798923
   0.05922244 -0.04991982  0.05722784  0.13464502  0.02321971 -0.0780274
   0.05810601  0.17385705  0.13018683 -0.05712943  0.05003387  0.04851663
   0.07844705 -0.02877721 -0.09405802  0.05431928  0.01766296  0.0571834
   0.01251463  0.07603619 -0.00371928 -0.0339394   0.02222092 -0.00194677
  -0.08089002  0.07631461 -0.05824719  0.05829368  0.11041184  0.06079616
  -0.04199742  0.06748276 -0.07206421 -0.04279501  0.00150168  0.06575414
  -0.04809358 -0.05459145 -0.01171032 -0.08270116  0.02945204 -0.03581213
   0.12669736  0.07272577]]
