[[ 2.26433322e-01 -5.44108376e-02 -8.21113810e-02 -1.99367151e-01
   6.00296631e-02  5.08685000e-02 -3.14250700e-02 -7.17462078e-02
   9.14923027e-02 -1.21779293e-02 -1.70141295e-01  9.33501124e-02
   3.40573378e-02  1.30033419e-02  1.94143150e-02 -8.90603140e-02
   7.91349262e-02  1.50367422e-02  4.54022400e-02 -4.97292392e-02
  -5.27127385e-02 -8.63066968e-03 -9.06173885e-03 -3.86241488e-02
  -8.83231908e-02 -6.88011497e-02  4.38358448e-02  8.95326883e-02
   3.41415755e-03 -7.86550865e-02 -4.73778360e-02  1.19643003e-01
   8.46504644e-02 -1.61371101e-02  6.37135953e-02 -2.58711912e-02
   1.14996023e-01 -1.44563943e-01 -6.93864562e-03 -4.74005230e-02
  -4.46279421e-02  2.33926196e-02 -1.43045196e-02  1.09619617e-01
  -1.12001915e-02  1.04798906e-01  4.05772924e-02 -1.19569987e-01
  -1.92944147e-02 -1.01038449e-01 -1.89160720e-01 -6.65061995e-02
  -5.62832430e-02 -4.09978367e-02  7.07776323e-02  1.25369117e-01
  -2.08423838e-01 -2.83985268e-02  1.79977447e-01 -1.07363805e-01
   6.46766648e-02  9.66042578e-02 -6.02516942e-02 -1.67310610e-01
   2.09938660e-02 -1.22527801e-01 -2.57419329e-02  1.17323864e-02
  -1.02511182e-01  6.11731596e-02 -7.49227852e-02 -1.05061807e-01
  -1.83869582e-02 -9.26457942e-02  5.67084774e-02  9.36187953e-02
  -2.29034983e-02 -8.71730447e-02 -5.56620695e-02 -1.12438336e-01
   1.70211107e-01  5.64560518e-02 -1.54008284e-01  4.60119881e-02
  -7.04499558e-02 -2.37700325e-02 -5.36990492e-03  1.28588289e-01
   1.00824803e-01 -1.31930634e-01 -9.40137804e-02 -8.68822411e-02
   1.53685763e-01 -6.57736436e-02 -3.19946520e-02 -7.78225362e-02
  -4.54035401e-02 -6.57025576e-02 -6.43186942e-02  2.20750389e-03
   6.89079165e-02  1.55037954e-01 -1.18319616e-01  9.69273522e-02
  -6.00627996e-02 -6.86628148e-02 -9.38597787e-03 -1.74321011e-01
  -6.23323806e-02  2.91813612e-02 -7.53914490e-02 -9.98117402e-02
   1.05813622e-01  3.49257328e-02  1.66655723e-02 -1.28616735e-01
   8.16889256e-02  2.79189404e-02 -8.55419785e-02 -1.15468010e-01
  -1.44162044e-01  4.58604433e-02 -2.48673111e-02  1.60198528e-02
   5.26803837e-04 -7.30175599e-02 -4.37898375e-02 -9.58113745e-02]
 [ 1.76288292e-01 -6.98948726e-02 -1.38454854e-01 -1.13849692e-01
  -2.88856383e-02 -2.00192514e-03  6.37225341e-03  8.24987330e-03
   4.10042778e-02 -2.28881836e-02 -6.01245575e-02 -9.33008641e-02
  -3.78286932e-03  2.03268692e-01 -8.64347145e-02 -1.15705524e-02
   7.39366561e-02  3.84062864e-02 -8.01772624e-03 -2.48902244e-03
   8.46970230e-02  2.51166463e-01 -7.79507160e-02  1.56319082e-01
   1.58518136e-01 -4.50182818e-02 -4.01216671e-02  8.37860778e-02
   1.30625824e-02 -4.94240038e-02 -7.28497282e-02  4.60099392e-02
   1.41354591e-01 -4.34975475e-02  5.67365885e-02  1.05288915e-01
   9.97947678e-02 -3.74309197e-02  2.19935164e-01 -5.67826107e-02
  -7.11968169e-02 -6.90627936e-03 -9.09565091e-02  8.22841153e-02
   5.40389419e-02 -7.43980780e-02  5.30815125e-02 -7.29346424e-02
  -4.85117696e-02  2.91647278e-02 -7.83184767e-02  1.54486731e-01
   2.66909331e-01  3.12140188e-03  1.20476112e-01  1.71408683e-01
  -8.42318162e-02 -5.15838861e-02  5.23767211e-02 -8.51436630e-02
   6.26410246e-02  1.08122572e-01  2.68255740e-01 -4.60611805e-02
  -4.92218323e-02  2.05362216e-01 -1.83835328e-02 -5.03560677e-02
  -9.86391213e-03  9.85656083e-02 -1.02353105e-02 -5.38034551e-02
   3.61808576e-02 -6.50336817e-02  1.22439086e-01  2.52051819e-02
   1.83362700e-02 -4.48790863e-02  7.55517110e-02 -1.89494714e-02
  -1.81922968e-02 -6.10615797e-02 -8.15228671e-02  8.91116783e-02
   8.96609053e-02 -7.16293752e-02  5.62890768e-02  1.21530190e-01
   1.53779285e-02 -6.94445819e-02  5.46823405e-02  2.01185390e-01
   1.07395940e-01 -6.42287135e-02  7.41870105e-02  3.35491523e-02
   6.21831417e-02 -2.10146122e-02 -8.46143737e-02  5.33920564e-02
  -1.14461218e-04  4.37930785e-02  3.73138189e-02  9.08786356e-02
  -3.11282706e-02 -2.34716628e-02 -1.48217636e-03  1.78480875e-02
  -6.97878525e-02  6.13704771e-02 -4.31099087e-02  4.15568799e-02
   1.61377937e-01  3.52039970e-02 -3.88997234e-02  4.62187417e-02
  -6.63225725e-02 -1.97474975e-02  9.43330396e-03  2.94430219e-02
  -4.85836044e-02 -5.86860552e-02 -8.06118734e-03 -7.90300295e-02
   4.34800722e-02 -3.39567773e-02  1.32955134e-01  1.77578963e-02]]
[[ 2.26433322e-01 -5.44108376e-02 -8.21113810e-02 -1.99367151e-01
   6.00296631e-02  5.08685000e-02 -3.14250700e-02 -7.17462078e-02
   9.14923027e-02 -1.21779293e-02 -1.70141295e-01  9.33501124e-02
   3.40573378e-02  1.30033419e-02  1.94143150e-02 -8.90603140e-02
   7.91349262e-02  1.50367422e-02  4.54022400e-02 -4.97292392e-02
  -5.27127385e-02 -8.63066968e-03 -9.06173885e-03 -3.86241488e-02
  -8.83231908e-02 -6.88011497e-02  4.38358448e-02  8.95326883e-02
   3.41415755e-03 -7.86550865e-02 -4.73778360e-02  1.19643003e-01
   8.46504644e-02 -1.61371101e-02  6.37135953e-02 -2.58711912e-02
   1.14996023e-01 -1.44563943e-01 -6.93864562e-03 -4.74005230e-02
  -4.46279421e-02  2.33926196e-02 -1.43045196e-02  1.09619617e-01
  -1.12001915e-02  1.04798906e-01  4.05772924e-02 -1.19569987e-01
  -1.92944147e-02 -1.01038449e-01 -1.89160720e-01 -6.65061995e-02
  -5.62832430e-02 -4.09978367e-02  7.07776323e-02  1.25369117e-01
  -2.08423838e-01 -2.83985268e-02  1.79977447e-01 -1.07363805e-01
   6.46766648e-02  9.66042578e-02 -6.02516942e-02 -1.67310610e-01
   2.09938660e-02 -1.22527801e-01 -2.57419329e-02  1.17323864e-02
  -1.02511182e-01  6.11731596e-02 -7.49227852e-02 -1.05061807e-01
  -1.83869582e-02 -9.26457942e-02  5.67084774e-02  9.36187953e-02
  -2.29034983e-02 -8.71730447e-02 -5.56620695e-02 -1.12438336e-01
   1.70211107e-01  5.64560518e-02 -1.54008284e-01  4.60119881e-02
  -7.04499558e-02 -2.37700325e-02 -5.36990492e-03  1.28588289e-01
   1.00824803e-01 -1.31930634e-01 -9.40137804e-02 -8.68822411e-02
   1.53685763e-01 -6.57736436e-02 -3.19946520e-02 -7.78225362e-02
  -4.54035401e-02 -6.57025576e-02 -6.43186942e-02  2.20750389e-03
   6.89079165e-02  1.55037954e-01 -1.18319616e-01  9.69273522e-02
  -6.00627996e-02 -6.86628148e-02 -9.38597787e-03 -1.74321011e-01
  -6.23323806e-02  2.91813612e-02 -7.53914490e-02 -9.98117402e-02
   1.05813622e-01  3.49257328e-02  1.66655723e-02 -1.28616735e-01
   8.16889256e-02  2.79189404e-02 -8.55419785e-02 -1.15468010e-01
  -1.44162044e-01  4.58604433e-02 -2.48673111e-02  1.60198528e-02
   5.26803837e-04 -7.30175599e-02 -4.37898375e-02 -9.58113745e-02]
 [ 1.76288292e-01 -6.98948726e-02 -1.38454854e-01 -1.13849692e-01
  -2.88856383e-02 -2.00192514e-03  6.37225341e-03  8.24987330e-03
   4.10042778e-02 -2.28881836e-02 -6.01245575e-02 -9.33008641e-02
  -3.78286932e-03  2.03268692e-01 -8.64347145e-02 -1.15705524e-02
   7.39366561e-02  3.84062864e-02 -8.01772624e-03 -2.48902244e-03
   8.46970230e-02  2.51166463e-01 -7.79507160e-02  1.56319082e-01
   1.58518136e-01 -4.50182818e-02 -4.01216671e-02  8.37860778e-02
   1.30625824e-02 -4.94240038e-02 -7.28497282e-02  4.60099392e-02
   1.41354591e-01 -4.34975475e-02  5.67365885e-02  1.05288915e-01
   9.97947678e-02 -3.74309197e-02  2.19935164e-01 -5.67826107e-02
  -7.11968169e-02 -6.90627936e-03 -9.09565091e-02  8.22841153e-02
   5.40389419e-02 -7.43980780e-02  5.30815125e-02 -7.29346424e-02
  -4.85117696e-02  2.91647278e-02 -7.83184767e-02  1.54486731e-01
   2.66909331e-01  3.12140188e-03  1.20476112e-01  1.71408683e-01
  -8.42318162e-02 -5.15838861e-02  5.23767211e-02 -8.51436630e-02
   6.26410246e-02  1.08122572e-01  2.68255740e-01 -4.60611805e-02
  -4.92218323e-02  2.05362216e-01 -1.83835328e-02 -5.03560677e-02
  -9.86391213e-03  9.85656083e-02 -1.02353105e-02 -5.38034551e-02
   3.61808576e-02 -6.50336817e-02  1.22439086e-01  2.52051819e-02
   1.83362700e-02 -4.48790863e-02  7.55517110e-02 -1.89494714e-02
  -1.81922968e-02 -6.10615797e-02 -8.15228671e-02  8.91116783e-02
   8.96609053e-02 -7.16293752e-02  5.62890768e-02  1.21530190e-01
   1.53779285e-02 -6.94445819e-02  5.46823405e-02  2.01185390e-01
   1.07395940e-01 -6.42287135e-02  7.41870105e-02  3.35491523e-02
   6.21831417e-02 -2.10146122e-02 -8.46143737e-02  5.33920564e-02
  -1.14461218e-04  4.37930785e-02  3.73138189e-02  9.08786356e-02
  -3.11282706e-02 -2.34716628e-02 -1.48217636e-03  1.78480875e-02
  -6.97878525e-02  6.13704771e-02 -4.31099087e-02  4.15568799e-02
   1.61377937e-01  3.52039970e-02 -3.88997234e-02  4.62187417e-02
  -6.63225725e-02 -1.97474975e-02  9.43330396e-03  2.94430219e-02
  -4.85836044e-02 -5.86860552e-02 -8.06118734e-03 -7.90300295e-02
   4.34800722e-02 -3.39567773e-02  1.32955134e-01  1.77578963e-02]]
[[ 2.26433322e-01 -5.44108376e-02 -8.21113810e-02 -1.99367151e-01
   6.00296631e-02  5.08685000e-02 -3.14250700e-02 -7.17462078e-02
   9.14923027e-02 -1.21779293e-02 -1.70141295e-01  9.33501124e-02
   3.40573378e-02  1.30033419e-02  1.94143150e-02 -8.90603140e-02
   7.91349262e-02  1.50367422e-02  4.54022400e-02 -4.97292392e-02
  -5.27127385e-02 -8.63066968e-03 -9.06173885e-03 -3.86241488e-02
  -8.83231908e-02 -6.88011497e-02  4.38358448e-02  8.95326883e-02
   3.41415755e-03 -7.86550865e-02 -4.73778360e-02  1.19643003e-01
   8.46504644e-02 -1.61371101e-02  6.37135953e-02 -2.58711912e-02
   1.14996023e-01 -1.44563943e-01 -6.93864562e-03 -4.74005230e-02
  -4.46279421e-02  2.33926196e-02 -1.43045196e-02  1.09619617e-01
  -1.12001915e-02  1.04798906e-01  4.05772924e-02 -1.19569987e-01
  -1.92944147e-02 -1.01038449e-01 -1.89160720e-01 -6.65061995e-02
  -5.62832430e-02 -4.09978367e-02  7.07776323e-02  1.25369117e-01
  -2.08423838e-01 -2.83985268e-02  1.79977447e-01 -1.07363805e-01
   6.46766648e-02  9.66042578e-02 -6.02516942e-02 -1.67310610e-01
   2.09938660e-02 -1.22527801e-01 -2.57419329e-02  1.17323864e-02
  -1.02511182e-01  6.11731596e-02 -7.49227852e-02 -1.05061807e-01
  -1.83869582e-02 -9.26457942e-02  5.67084774e-02  9.36187953e-02
  -2.29034983e-02 -8.71730447e-02 -5.56620695e-02 -1.12438336e-01
   1.70211107e-01  5.64560518e-02 -1.54008284e-01  4.60119881e-02
  -7.04499558e-02 -2.37700325e-02 -5.36990492e-03  1.28588289e-01
   1.00824803e-01 -1.31930634e-01 -9.40137804e-02 -8.68822411e-02
   1.53685763e-01 -6.57736436e-02 -3.19946520e-02 -7.78225362e-02
  -4.54035401e-02 -6.57025576e-02 -6.43186942e-02  2.20750389e-03
   6.89079165e-02  1.55037954e-01 -1.18319616e-01  9.69273522e-02
  -6.00627996e-02 -6.86628148e-02 -9.38597787e-03 -1.74321011e-01
  -6.23323806e-02  2.91813612e-02 -7.53914490e-02 -9.98117402e-02
   1.05813622e-01  3.49257328e-02  1.66655723e-02 -1.28616735e-01
   8.16889256e-02  2.79189404e-02 -8.55419785e-02 -1.15468010e-01
  -1.44162044e-01  4.58604433e-02 -2.48673111e-02  1.60198528e-02
   5.26803837e-04 -7.30175599e-02 -4.37898375e-02 -9.58113745e-02]
 [ 1.76288292e-01 -6.98948726e-02 -1.38454854e-01 -1.13849692e-01
  -2.88856383e-02 -2.00192514e-03  6.37225341e-03  8.24987330e-03
   4.10042778e-02 -2.28881836e-02 -6.01245575e-02 -9.33008641e-02
  -3.78286932e-03  2.03268692e-01 -8.64347145e-02 -1.15705524e-02
   7.39366561e-02  3.84062864e-02 -8.01772624e-03 -2.48902244e-03
   8.46970230e-02  2.51166463e-01 -7.79507160e-02  1.56319082e-01
   1.58518136e-01 -4.50182818e-02 -4.01216671e-02  8.37860778e-02
   1.30625824e-02 -4.94240038e-02 -7.28497282e-02  4.60099392e-02
   1.41354591e-01 -4.34975475e-02  5.67365885e-02  1.05288915e-01
   9.97947678e-02 -3.74309197e-02  2.19935164e-01 -5.67826107e-02
  -7.11968169e-02 -6.90627936e-03 -9.09565091e-02  8.22841153e-02
   5.40389419e-02 -7.43980780e-02  5.30815125e-02 -7.29346424e-02
  -4.85117696e-02  2.91647278e-02 -7.83184767e-02  1.54486731e-01
   2.66909331e-01  3.12140188e-03  1.20476112e-01  1.71408683e-01
  -8.42318162e-02 -5.15838861e-02  5.23767211e-02 -8.51436630e-02
   6.26410246e-02  1.08122572e-01  2.68255740e-01 -4.60611805e-02
  -4.92218323e-02  2.05362216e-01 -1.83835328e-02 -5.03560677e-02
  -9.86391213e-03  9.85656083e-02 -1.02353105e-02 -5.38034551e-02
   3.61808576e-02 -6.50336817e-02  1.22439086e-01  2.52051819e-02
   1.83362700e-02 -4.48790863e-02  7.55517110e-02 -1.89494714e-02
  -1.81922968e-02 -6.10615797e-02 -8.15228671e-02  8.91116783e-02
   8.96609053e-02 -7.16293752e-02  5.62890768e-02  1.21530190e-01
   1.53779285e-02 -6.94445819e-02  5.46823405e-02  2.01185390e-01
   1.07395940e-01 -6.42287135e-02  7.41870105e-02  3.35491523e-02
   6.21831417e-02 -2.10146122e-02 -8.46143737e-02  5.33920564e-02
  -1.14461218e-04  4.37930785e-02  3.73138189e-02  9.08786356e-02
  -3.11282706e-02 -2.34716628e-02 -1.48217636e-03  1.78480875e-02
  -6.97878525e-02  6.13704771e-02 -4.31099087e-02  4.15568799e-02
   1.61377937e-01  3.52039970e-02 -3.88997234e-02  4.62187417e-02
  -6.63225725e-02 -1.97474975e-02  9.43330396e-03  2.94430219e-02
  -4.85836044e-02 -5.86860552e-02 -8.06118734e-03 -7.90300295e-02
   4.34800722e-02 -3.39567773e-02  1.32955134e-01  1.77578963e-02]]
