[[ 2.23368600e-01 -9.19241160e-02 -1.20718345e-01 -1.78584114e-01
   2.54176948e-02  1.12152226e-01 -3.41215692e-02 -6.45921975e-02
   7.61046186e-02  1.00418320e-02 -1.57483533e-01  8.55531245e-02
  -9.40752029e-03 -4.42747492e-03 -2.57784985e-02 -9.29299444e-02
   5.14795743e-02  4.70762607e-04  6.48920685e-02 -5.54461852e-02
  -8.92533362e-02 -1.97023209e-02 -9.89230070e-03 -5.42698763e-02
  -1.14328369e-01 -6.10182323e-02  1.15615867e-01  3.39754485e-02
   1.69290602e-02 -1.06147468e-01 -5.12491427e-02  1.38331175e-01
   2.27590259e-02 -3.55289988e-02  8.95171165e-02  5.67344725e-02
   1.13473810e-01 -1.33616418e-01 -1.17394822e-02 -6.21010512e-02
  -5.32612912e-02  8.44335258e-02 -1.35936160e-02  8.35310742e-02
   8.63813236e-03  6.55987337e-02  9.21601504e-02 -1.05917633e-01
  -6.19025528e-02 -1.05347008e-01 -1.85206935e-01 -9.26365480e-02
  -4.86577526e-02 -4.48648110e-02  4.21896279e-02  8.46417472e-02
  -1.83475569e-01 -8.14031437e-02  2.00870514e-01 -1.12792701e-01
   1.02981493e-01  8.85159448e-02 -2.83970330e-02 -1.73726693e-01
   6.75097927e-02 -1.13925874e-01 -1.19043570e-02  1.14276924e-03
  -1.07112788e-01  8.72084498e-02 -6.83921054e-02 -1.12612367e-01
   3.42494179e-03 -5.20203635e-02 -5.93835022e-03  6.11737743e-02
  -9.84050799e-03 -5.82508706e-02  1.00316638e-02 -1.12468719e-01
   1.65602043e-01 -1.11546470e-02 -1.43897474e-01  8.63465853e-03
  -2.57483516e-02 -3.27865370e-02  8.22596774e-02  1.39960334e-01
   1.47928447e-01 -1.37316510e-01 -7.39893913e-02 -8.22858661e-02
   7.94464871e-02 -8.58833492e-02 -7.88699184e-03 -1.03647083e-01
  -4.27860096e-02 -6.78663030e-02 -7.29869902e-02  4.17091837e-03
   3.22646201e-02  1.30293638e-01 -9.70463902e-02  1.01310298e-01
  -6.37317374e-02 -1.25809228e-02 -2.99059935e-02 -1.41800538e-01
  -3.32425386e-02  3.39929350e-02 -3.48733626e-02 -7.35746995e-02
   1.30183771e-01  5.79394326e-02 -4.39750478e-02 -1.47497103e-01
   1.20341264e-01  1.16887048e-01 -3.13836746e-02 -1.24507681e-01
  -1.37309834e-01  1.32903224e-02 -6.09596148e-02  1.78116914e-02
  -7.55036296e-03 -5.60452007e-02 -4.11527194e-02 -9.71531793e-02]
 [ 1.41972899e-01 -8.23904648e-02 -1.27061337e-01 -1.27292663e-01
   3.95747693e-03  3.46185802e-03  4.27131578e-02 -2.44962461e-02
   3.97415720e-02 -1.38920126e-02 -6.82409480e-02 -7.73646683e-02
   2.06799190e-02  1.75047949e-01 -8.77468884e-02 -1.21477544e-02
   6.55448437e-02  2.10326482e-02 -1.64384656e-02  1.56533513e-02
   1.24103777e-01  2.46332571e-01 -6.41463250e-02  1.27187908e-01
   1.57048762e-01 -6.34579211e-02 -4.49069589e-02  8.56681541e-02
   2.42462009e-03 -5.19340523e-02 -6.25054464e-02  3.95481102e-02
   1.16937317e-01 -4.56709713e-02  5.80409616e-02  9.82009321e-02
   7.75879547e-02 -5.44283949e-02  2.24327430e-01 -5.75663149e-02
  -7.89700076e-02  4.62830532e-03 -8.80936533e-02  1.29026592e-01
   4.62758727e-02 -7.20565021e-02  4.99363169e-02 -7.54807815e-02
  -4.45276536e-02  1.36961313e-02 -7.82282650e-02  1.06120534e-01
   2.71173120e-01 -8.52564909e-03  1.09896339e-01  1.69669375e-01
  -7.73509443e-02 -3.48813646e-02  4.97129895e-02 -9.00182128e-02
   7.85823911e-02  1.19740985e-01  2.50343055e-01 -5.32312281e-02
  -4.30687927e-02  1.61615491e-01 -1.59179438e-02 -5.25206625e-02
  -2.25267317e-02  1.18944854e-01 -2.70328764e-02 -5.02757132e-02
   3.19391415e-02 -7.58344606e-02  9.53378975e-02  2.32904851e-02
   2.27961577e-02 -4.56053242e-02  7.70263895e-02 -2.88069919e-02
   1.27669109e-03 -7.55081251e-02 -8.62304196e-02  1.13892406e-01
   1.28816098e-01 -6.61101118e-02  3.90331149e-02  1.53942510e-01
   1.70202851e-02 -8.92617479e-02  4.56921123e-02  2.21756965e-01
   1.34027570e-01 -7.49428570e-02  9.70630422e-02  3.61294821e-02
   7.81915337e-02 -1.87372081e-02 -8.97888914e-02  5.39199933e-02
  -4.83838795e-03  4.35861349e-02  1.96317788e-02  1.00481056e-01
  -3.24916393e-02 -9.37094539e-03  9.62008350e-03  1.23574231e-02
  -7.48722404e-02  7.64707997e-02 -4.06742655e-02  6.40636459e-02
   1.66123092e-01  5.60298488e-02 -4.28696834e-02  5.63526675e-02
  -7.11370632e-02  8.98326223e-04 -1.18146641e-02 -2.07033148e-03
  -4.91462648e-02 -3.05594113e-02 -2.70710501e-04 -7.80081376e-02
   4.64562587e-02 -5.37448190e-02  1.37735665e-01  6.41751429e-03]]
[[ 2.23368600e-01 -9.19241160e-02 -1.20718345e-01 -1.78584114e-01
   2.54176948e-02  1.12152226e-01 -3.41215692e-02 -6.45921975e-02
   7.61046186e-02  1.00418320e-02 -1.57483533e-01  8.55531245e-02
  -9.40752029e-03 -4.42747492e-03 -2.57784985e-02 -9.29299444e-02
   5.14795743e-02  4.70762607e-04  6.48920685e-02 -5.54461852e-02
  -8.92533362e-02 -1.97023209e-02 -9.89230070e-03 -5.42698763e-02
  -1.14328369e-01 -6.10182323e-02  1.15615867e-01  3.39754485e-02
   1.69290602e-02 -1.06147468e-01 -5.12491427e-02  1.38331175e-01
   2.27590259e-02 -3.55289988e-02  8.95171165e-02  5.67344725e-02
   1.13473810e-01 -1.33616418e-01 -1.17394822e-02 -6.21010512e-02
  -5.32612912e-02  8.44335258e-02 -1.35936160e-02  8.35310742e-02
   8.63813236e-03  6.55987337e-02  9.21601504e-02 -1.05917633e-01
  -6.19025528e-02 -1.05347008e-01 -1.85206935e-01 -9.26365480e-02
  -4.86577526e-02 -4.48648110e-02  4.21896279e-02  8.46417472e-02
  -1.83475569e-01 -8.14031437e-02  2.00870514e-01 -1.12792701e-01
   1.02981493e-01  8.85159448e-02 -2.83970330e-02 -1.73726693e-01
   6.75097927e-02 -1.13925874e-01 -1.19043570e-02  1.14276924e-03
  -1.07112788e-01  8.72084498e-02 -6.83921054e-02 -1.12612367e-01
   3.42494179e-03 -5.20203635e-02 -5.93835022e-03  6.11737743e-02
  -9.84050799e-03 -5.82508706e-02  1.00316638e-02 -1.12468719e-01
   1.65602043e-01 -1.11546470e-02 -1.43897474e-01  8.63465853e-03
  -2.57483516e-02 -3.27865370e-02  8.22596774e-02  1.39960334e-01
   1.47928447e-01 -1.37316510e-01 -7.39893913e-02 -8.22858661e-02
   7.94464871e-02 -8.58833492e-02 -7.88699184e-03 -1.03647083e-01
  -4.27860096e-02 -6.78663030e-02 -7.29869902e-02  4.17091837e-03
   3.22646201e-02  1.30293638e-01 -9.70463902e-02  1.01310298e-01
  -6.37317374e-02 -1.25809228e-02 -2.99059935e-02 -1.41800538e-01
  -3.32425386e-02  3.39929350e-02 -3.48733626e-02 -7.35746995e-02
   1.30183771e-01  5.79394326e-02 -4.39750478e-02 -1.47497103e-01
   1.20341264e-01  1.16887048e-01 -3.13836746e-02 -1.24507681e-01
  -1.37309834e-01  1.32903224e-02 -6.09596148e-02  1.78116914e-02
  -7.55036296e-03 -5.60452007e-02 -4.11527194e-02 -9.71531793e-02]
 [ 1.41972899e-01 -8.23904648e-02 -1.27061337e-01 -1.27292663e-01
   3.95747693e-03  3.46185802e-03  4.27131578e-02 -2.44962461e-02
   3.97415720e-02 -1.38920126e-02 -6.82409480e-02 -7.73646683e-02
   2.06799190e-02  1.75047949e-01 -8.77468884e-02 -1.21477544e-02
   6.55448437e-02  2.10326482e-02 -1.64384656e-02  1.56533513e-02
   1.24103777e-01  2.46332571e-01 -6.41463250e-02  1.27187908e-01
   1.57048762e-01 -6.34579211e-02 -4.49069589e-02  8.56681541e-02
   2.42462009e-03 -5.19340523e-02 -6.25054464e-02  3.95481102e-02
   1.16937317e-01 -4.56709713e-02  5.80409616e-02  9.82009321e-02
   7.75879547e-02 -5.44283949e-02  2.24327430e-01 -5.75663149e-02
  -7.89700076e-02  4.62830532e-03 -8.80936533e-02  1.29026592e-01
   4.62758727e-02 -7.20565021e-02  4.99363169e-02 -7.54807815e-02
  -4.45276536e-02  1.36961313e-02 -7.82282650e-02  1.06120534e-01
   2.71173120e-01 -8.52564909e-03  1.09896339e-01  1.69669375e-01
  -7.73509443e-02 -3.48813646e-02  4.97129895e-02 -9.00182128e-02
   7.85823911e-02  1.19740985e-01  2.50343055e-01 -5.32312281e-02
  -4.30687927e-02  1.61615491e-01 -1.59179438e-02 -5.25206625e-02
  -2.25267317e-02  1.18944854e-01 -2.70328764e-02 -5.02757132e-02
   3.19391415e-02 -7.58344606e-02  9.53378975e-02  2.32904851e-02
   2.27961577e-02 -4.56053242e-02  7.70263895e-02 -2.88069919e-02
   1.27669109e-03 -7.55081251e-02 -8.62304196e-02  1.13892406e-01
   1.28816098e-01 -6.61101118e-02  3.90331149e-02  1.53942510e-01
   1.70202851e-02 -8.92617479e-02  4.56921123e-02  2.21756965e-01
   1.34027570e-01 -7.49428570e-02  9.70630422e-02  3.61294821e-02
   7.81915337e-02 -1.87372081e-02 -8.97888914e-02  5.39199933e-02
  -4.83838795e-03  4.35861349e-02  1.96317788e-02  1.00481056e-01
  -3.24916393e-02 -9.37094539e-03  9.62008350e-03  1.23574231e-02
  -7.48722404e-02  7.64707997e-02 -4.06742655e-02  6.40636459e-02
   1.66123092e-01  5.60298488e-02 -4.28696834e-02  5.63526675e-02
  -7.11370632e-02  8.98326223e-04 -1.18146641e-02 -2.07033148e-03
  -4.91462648e-02 -3.05594113e-02 -2.70710501e-04 -7.80081376e-02
   4.64562587e-02 -5.37448190e-02  1.37735665e-01  6.41751429e-03]]
[[ 2.23368600e-01 -9.19241160e-02 -1.20718345e-01 -1.78584114e-01
   2.54176948e-02  1.12152226e-01 -3.41215692e-02 -6.45921975e-02
   7.61046186e-02  1.00418320e-02 -1.57483533e-01  8.55531245e-02
  -9.40752029e-03 -4.42747492e-03 -2.57784985e-02 -9.29299444e-02
   5.14795743e-02  4.70762607e-04  6.48920685e-02 -5.54461852e-02
  -8.92533362e-02 -1.97023209e-02 -9.89230070e-03 -5.42698763e-02
  -1.14328369e-01 -6.10182323e-02  1.15615867e-01  3.39754485e-02
   1.69290602e-02 -1.06147468e-01 -5.12491427e-02  1.38331175e-01
   2.27590259e-02 -3.55289988e-02  8.95171165e-02  5.67344725e-02
   1.13473810e-01 -1.33616418e-01 -1.17394822e-02 -6.21010512e-02
  -5.32612912e-02  8.44335258e-02 -1.35936160e-02  8.35310742e-02
   8.63813236e-03  6.55987337e-02  9.21601504e-02 -1.05917633e-01
  -6.19025528e-02 -1.05347008e-01 -1.85206935e-01 -9.26365480e-02
  -4.86577526e-02 -4.48648110e-02  4.21896279e-02  8.46417472e-02
  -1.83475569e-01 -8.14031437e-02  2.00870514e-01 -1.12792701e-01
   1.02981493e-01  8.85159448e-02 -2.83970330e-02 -1.73726693e-01
   6.75097927e-02 -1.13925874e-01 -1.19043570e-02  1.14276924e-03
  -1.07112788e-01  8.72084498e-02 -6.83921054e-02 -1.12612367e-01
   3.42494179e-03 -5.20203635e-02 -5.93835022e-03  6.11737743e-02
  -9.84050799e-03 -5.82508706e-02  1.00316638e-02 -1.12468719e-01
   1.65602043e-01 -1.11546470e-02 -1.43897474e-01  8.63465853e-03
  -2.57483516e-02 -3.27865370e-02  8.22596774e-02  1.39960334e-01
   1.47928447e-01 -1.37316510e-01 -7.39893913e-02 -8.22858661e-02
   7.94464871e-02 -8.58833492e-02 -7.88699184e-03 -1.03647083e-01
  -4.27860096e-02 -6.78663030e-02 -7.29869902e-02  4.17091837e-03
   3.22646201e-02  1.30293638e-01 -9.70463902e-02  1.01310298e-01
  -6.37317374e-02 -1.25809228e-02 -2.99059935e-02 -1.41800538e-01
  -3.32425386e-02  3.39929350e-02 -3.48733626e-02 -7.35746995e-02
   1.30183771e-01  5.79394326e-02 -4.39750478e-02 -1.47497103e-01
   1.20341264e-01  1.16887048e-01 -3.13836746e-02 -1.24507681e-01
  -1.37309834e-01  1.32903224e-02 -6.09596148e-02  1.78116914e-02
  -7.55036296e-03 -5.60452007e-02 -4.11527194e-02 -9.71531793e-02]
 [ 1.41972899e-01 -8.23904648e-02 -1.27061337e-01 -1.27292663e-01
   3.95747693e-03  3.46185802e-03  4.27131578e-02 -2.44962461e-02
   3.97415720e-02 -1.38920126e-02 -6.82409480e-02 -7.73646683e-02
   2.06799190e-02  1.75047949e-01 -8.77468884e-02 -1.21477544e-02
   6.55448437e-02  2.10326482e-02 -1.64384656e-02  1.56533513e-02
   1.24103777e-01  2.46332571e-01 -6.41463250e-02  1.27187908e-01
   1.57048762e-01 -6.34579211e-02 -4.49069589e-02  8.56681541e-02
   2.42462009e-03 -5.19340523e-02 -6.25054464e-02  3.95481102e-02
   1.16937317e-01 -4.56709713e-02  5.80409616e-02  9.82009321e-02
   7.75879547e-02 -5.44283949e-02  2.24327430e-01 -5.75663149e-02
  -7.89700076e-02  4.62830532e-03 -8.80936533e-02  1.29026592e-01
   4.62758727e-02 -7.20565021e-02  4.99363169e-02 -7.54807815e-02
  -4.45276536e-02  1.36961313e-02 -7.82282650e-02  1.06120534e-01
   2.71173120e-01 -8.52564909e-03  1.09896339e-01  1.69669375e-01
  -7.73509443e-02 -3.48813646e-02  4.97129895e-02 -9.00182128e-02
   7.85823911e-02  1.19740985e-01  2.50343055e-01 -5.32312281e-02
  -4.30687927e-02  1.61615491e-01 -1.59179438e-02 -5.25206625e-02
  -2.25267317e-02  1.18944854e-01 -2.70328764e-02 -5.02757132e-02
   3.19391415e-02 -7.58344606e-02  9.53378975e-02  2.32904851e-02
   2.27961577e-02 -4.56053242e-02  7.70263895e-02 -2.88069919e-02
   1.27669109e-03 -7.55081251e-02 -8.62304196e-02  1.13892406e-01
   1.28816098e-01 -6.61101118e-02  3.90331149e-02  1.53942510e-01
   1.70202851e-02 -8.92617479e-02  4.56921123e-02  2.21756965e-01
   1.34027570e-01 -7.49428570e-02  9.70630422e-02  3.61294821e-02
   7.81915337e-02 -1.87372081e-02 -8.97888914e-02  5.39199933e-02
  -4.83838795e-03  4.35861349e-02  1.96317788e-02  1.00481056e-01
  -3.24916393e-02 -9.37094539e-03  9.62008350e-03  1.23574231e-02
  -7.48722404e-02  7.64707997e-02 -4.06742655e-02  6.40636459e-02
   1.66123092e-01  5.60298488e-02 -4.28696834e-02  5.63526675e-02
  -7.11370632e-02  8.98326223e-04 -1.18146641e-02 -2.07033148e-03
  -4.91462648e-02 -3.05594113e-02 -2.70710501e-04 -7.80081376e-02
   4.64562587e-02 -5.37448190e-02  1.37735665e-01  6.41751429e-03]]
