[[ 2.17977822e-01 -9.93910506e-02 -1.59882665e-01 -1.51951253e-01
   3.69715169e-02  8.89959931e-02 -2.70430427e-02 -5.04256859e-02
   8.82465616e-02  4.96091433e-02 -1.52733117e-01  7.88631365e-02
   5.75469397e-02  1.37281297e-02 -2.19569616e-02 -4.69013639e-02
   2.35241316e-02 -5.69655187e-02  9.10954252e-02 -1.41574545e-02
  -7.64199421e-02 -2.75096577e-02 -3.72154564e-02 -4.27398644e-02
  -1.44982889e-01 -4.75048497e-02  6.52726591e-02  3.96606177e-02
   2.29970012e-02 -1.08048052e-01 -1.08931568e-02  1.48063913e-01
   5.58539387e-03 -4.64278385e-02  1.10582232e-01  1.20502278e-01
   1.09399617e-01 -1.26357704e-01 -6.23716926e-03 -8.53342488e-02
  -5.70391752e-02  8.70803371e-02 -1.84851177e-02  1.54121935e-01
  -3.14594284e-02  1.13586746e-01  1.27493292e-01 -6.39420301e-02
  -1.89928599e-02 -1.25649616e-01 -1.72260597e-01 -7.10218996e-02
  -3.43912654e-02 -6.17535785e-02  2.49085575e-02  1.17255807e-01
  -1.57996327e-01 -5.65912612e-02  1.63615361e-01 -8.66518095e-02
   1.18720599e-01  1.21893436e-01 -6.76083192e-02 -1.63138300e-01
   5.86614311e-02 -1.13458104e-01 -4.52472642e-02 -3.48773710e-02
  -1.07767701e-01  9.19465944e-02 -7.32689723e-02 -9.79133099e-02
  -2.96209157e-02 -1.79921873e-02  1.48801249e-03  1.29359141e-01
  -5.36821373e-02 -6.10707030e-02  2.15151274e-04 -9.61741507e-02
   1.03353009e-01 -2.32042130e-02 -1.42576113e-01  6.51242435e-02
  -8.53666216e-02 -5.24908379e-02  1.01305202e-01  1.10607572e-01
   9.27757993e-02 -1.40034780e-01 -5.19509949e-02 -1.68037973e-02
   1.00395016e-01 -6.54921830e-02 -2.48686783e-02 -1.11365780e-01
  -3.87741402e-02 -3.81119512e-02 -9.33455750e-02 -9.65553243e-03
   6.23633601e-02  1.46322101e-01 -9.65833440e-02  6.66925758e-02
  -4.46771197e-02 -1.85784120e-02  2.90780654e-03 -1.47623241e-01
  -3.98258753e-02  1.89245529e-02 -8.31724852e-02 -4.82891724e-02
   1.07452177e-01  4.74669114e-02 -6.67417124e-02 -1.38611123e-01
   1.71810851e-01  6.71235621e-02  1.02967108e-02 -1.07887186e-01
  -1.30010560e-01 -6.19633719e-02 -8.48304033e-02 -1.40466867e-02
  -2.04650611e-02 -4.86485437e-02  5.58189489e-02 -7.08610117e-02]
 [ 1.10471226e-01 -8.56306404e-02 -1.26732990e-01 -1.22710936e-01
  -1.55107453e-02  1.25998938e-02  3.55100334e-02 -2.59283353e-02
   3.66459340e-02 -2.48600766e-02 -6.30259439e-02 -7.51229972e-02
   4.90942411e-02  1.80349275e-01 -9.10077691e-02 -2.73682494e-02
   4.74590957e-02  3.43299620e-02 -1.84080247e-02  3.98526415e-02
   1.26699910e-01  2.35735282e-01 -6.25125542e-02  1.02855422e-01
   1.46493360e-01 -5.95422648e-02 -4.63224128e-02  8.50834548e-02
  -5.65492199e-04 -5.35745956e-02 -6.75197914e-02  4.92446125e-02
   1.17776223e-01 -4.61148806e-02  4.44997475e-02  1.05357260e-01
   8.42988119e-02 -5.79680130e-02  2.10916594e-01 -6.06563017e-02
  -8.18874314e-02 -4.94953431e-03 -8.54156613e-02  1.56732321e-01
   3.86880562e-02 -7.39382580e-02  4.24810611e-02 -6.97065741e-02
  -3.05035524e-02 -1.27096213e-02 -7.83334076e-02  1.08440980e-01
   2.66999990e-01 -1.38163166e-02  1.18500873e-01  1.76305801e-01
  -7.19004422e-02 -4.01098616e-02  4.68836352e-02 -9.14123952e-02
   8.33433270e-02  1.33892372e-01  2.36356050e-01 -4.40418907e-02
  -5.39659038e-02  1.40366584e-01 -1.43494261e-02 -5.77938519e-02
  -1.49391331e-02  1.36956632e-01 -1.83077268e-02 -5.25587797e-02
   3.30771916e-02 -7.52309859e-02  9.42710936e-02  9.99819674e-03
   3.73279005e-02 -4.98351902e-02  2.97234152e-02 -3.32561433e-02
   2.88164197e-03 -8.44378769e-02 -8.80978480e-02  1.42392799e-01
   1.27349749e-01 -8.58156160e-02  5.29906675e-02  1.48530483e-01
  -1.48429228e-02 -8.82776529e-02  1.53179923e-02  2.25304395e-01
   1.36930227e-01 -7.72737414e-02  1.14013068e-01  5.45848794e-02
   1.11699343e-01 -8.43627565e-03 -8.89579728e-02  4.93006520e-02
   5.65869734e-03  3.46936546e-02  3.34144607e-02  6.67789504e-02
  -1.79595351e-02 -5.81590785e-03  1.13512306e-02  5.53174876e-03
  -7.72137865e-02  7.71251693e-02 -3.46424021e-02  7.56217837e-02
   1.61151737e-01  6.55814409e-02 -4.95376624e-02  6.43182471e-02
  -6.96587563e-02  1.33990087e-02 -1.57665405e-02  2.12457422e-02
  -4.96252812e-02 -3.98012251e-02 -4.06484492e-03 -7.89667070e-02
   4.20070775e-02 -5.30552976e-02  1.43236518e-01  1.56780949e-03]]
[[ 2.17977822e-01 -9.93910506e-02 -1.59882665e-01 -1.51951253e-01
   3.69715169e-02  8.89959931e-02 -2.70430427e-02 -5.04256859e-02
   8.82465616e-02  4.96091433e-02 -1.52733117e-01  7.88631365e-02
   5.75469397e-02  1.37281297e-02 -2.19569616e-02 -4.69013639e-02
   2.35241316e-02 -5.69655187e-02  9.10954252e-02 -1.41574545e-02
  -7.64199421e-02 -2.75096577e-02 -3.72154564e-02 -4.27398644e-02
  -1.44982889e-01 -4.75048497e-02  6.52726591e-02  3.96606177e-02
   2.29970012e-02 -1.08048052e-01 -1.08931568e-02  1.48063913e-01
   5.58539387e-03 -4.64278385e-02  1.10582232e-01  1.20502278e-01
   1.09399617e-01 -1.26357704e-01 -6.23716926e-03 -8.53342488e-02
  -5.70391752e-02  8.70803371e-02 -1.84851177e-02  1.54121935e-01
  -3.14594284e-02  1.13586746e-01  1.27493292e-01 -6.39420301e-02
  -1.89928599e-02 -1.25649616e-01 -1.72260597e-01 -7.10218996e-02
  -3.43912654e-02 -6.17535785e-02  2.49085575e-02  1.17255807e-01
  -1.57996327e-01 -5.65912612e-02  1.63615361e-01 -8.66518095e-02
   1.18720599e-01  1.21893436e-01 -6.76083192e-02 -1.63138300e-01
   5.86614311e-02 -1.13458104e-01 -4.52472642e-02 -3.48773710e-02
  -1.07767701e-01  9.19465944e-02 -7.32689723e-02 -9.79133099e-02
  -2.96209157e-02 -1.79921873e-02  1.48801249e-03  1.29359141e-01
  -5.36821373e-02 -6.10707030e-02  2.15151274e-04 -9.61741507e-02
   1.03353009e-01 -2.32042130e-02 -1.42576113e-01  6.51242435e-02
  -8.53666216e-02 -5.24908379e-02  1.01305202e-01  1.10607572e-01
   9.27757993e-02 -1.40034780e-01 -5.19509949e-02 -1.68037973e-02
   1.00395016e-01 -6.54921830e-02 -2.48686783e-02 -1.11365780e-01
  -3.87741402e-02 -3.81119512e-02 -9.33455750e-02 -9.65553243e-03
   6.23633601e-02  1.46322101e-01 -9.65833440e-02  6.66925758e-02
  -4.46771197e-02 -1.85784120e-02  2.90780654e-03 -1.47623241e-01
  -3.98258753e-02  1.89245529e-02 -8.31724852e-02 -4.82891724e-02
   1.07452177e-01  4.74669114e-02 -6.67417124e-02 -1.38611123e-01
   1.71810851e-01  6.71235621e-02  1.02967108e-02 -1.07887186e-01
  -1.30010560e-01 -6.19633719e-02 -8.48304033e-02 -1.40466867e-02
  -2.04650611e-02 -4.86485437e-02  5.58189489e-02 -7.08610117e-02]
 [ 1.10471226e-01 -8.56306404e-02 -1.26732990e-01 -1.22710936e-01
  -1.55107453e-02  1.25998938e-02  3.55100334e-02 -2.59283353e-02
   3.66459340e-02 -2.48600766e-02 -6.30259439e-02 -7.51229972e-02
   4.90942411e-02  1.80349275e-01 -9.10077691e-02 -2.73682494e-02
   4.74590957e-02  3.43299620e-02 -1.84080247e-02  3.98526415e-02
   1.26699910e-01  2.35735282e-01 -6.25125542e-02  1.02855422e-01
   1.46493360e-01 -5.95422648e-02 -4.63224128e-02  8.50834548e-02
  -5.65492199e-04 -5.35745956e-02 -6.75197914e-02  4.92446125e-02
   1.17776223e-01 -4.61148806e-02  4.44997475e-02  1.05357260e-01
   8.42988119e-02 -5.79680130e-02  2.10916594e-01 -6.06563017e-02
  -8.18874314e-02 -4.94953431e-03 -8.54156613e-02  1.56732321e-01
   3.86880562e-02 -7.39382580e-02  4.24810611e-02 -6.97065741e-02
  -3.05035524e-02 -1.27096213e-02 -7.83334076e-02  1.08440980e-01
   2.66999990e-01 -1.38163166e-02  1.18500873e-01  1.76305801e-01
  -7.19004422e-02 -4.01098616e-02  4.68836352e-02 -9.14123952e-02
   8.33433270e-02  1.33892372e-01  2.36356050e-01 -4.40418907e-02
  -5.39659038e-02  1.40366584e-01 -1.43494261e-02 -5.77938519e-02
  -1.49391331e-02  1.36956632e-01 -1.83077268e-02 -5.25587797e-02
   3.30771916e-02 -7.52309859e-02  9.42710936e-02  9.99819674e-03
   3.73279005e-02 -4.98351902e-02  2.97234152e-02 -3.32561433e-02
   2.88164197e-03 -8.44378769e-02 -8.80978480e-02  1.42392799e-01
   1.27349749e-01 -8.58156160e-02  5.29906675e-02  1.48530483e-01
  -1.48429228e-02 -8.82776529e-02  1.53179923e-02  2.25304395e-01
   1.36930227e-01 -7.72737414e-02  1.14013068e-01  5.45848794e-02
   1.11699343e-01 -8.43627565e-03 -8.89579728e-02  4.93006520e-02
   5.65869734e-03  3.46936546e-02  3.34144607e-02  6.67789504e-02
  -1.79595351e-02 -5.81590785e-03  1.13512306e-02  5.53174876e-03
  -7.72137865e-02  7.71251693e-02 -3.46424021e-02  7.56217837e-02
   1.61151737e-01  6.55814409e-02 -4.95376624e-02  6.43182471e-02
  -6.96587563e-02  1.33990087e-02 -1.57665405e-02  2.12457422e-02
  -4.96252812e-02 -3.98012251e-02 -4.06484492e-03 -7.89667070e-02
   4.20070775e-02 -5.30552976e-02  1.43236518e-01  1.56780949e-03]]
[[ 2.17977822e-01 -9.93910506e-02 -1.59882665e-01 -1.51951253e-01
   3.69715169e-02  8.89959931e-02 -2.70430427e-02 -5.04256859e-02
   8.82465616e-02  4.96091433e-02 -1.52733117e-01  7.88631365e-02
   5.75469397e-02  1.37281297e-02 -2.19569616e-02 -4.69013639e-02
   2.35241316e-02 -5.69655187e-02  9.10954252e-02 -1.41574545e-02
  -7.64199421e-02 -2.75096577e-02 -3.72154564e-02 -4.27398644e-02
  -1.44982889e-01 -4.75048497e-02  6.52726591e-02  3.96606177e-02
   2.29970012e-02 -1.08048052e-01 -1.08931568e-02  1.48063913e-01
   5.58539387e-03 -4.64278385e-02  1.10582232e-01  1.20502278e-01
   1.09399617e-01 -1.26357704e-01 -6.23716926e-03 -8.53342488e-02
  -5.70391752e-02  8.70803371e-02 -1.84851177e-02  1.54121935e-01
  -3.14594284e-02  1.13586746e-01  1.27493292e-01 -6.39420301e-02
  -1.89928599e-02 -1.25649616e-01 -1.72260597e-01 -7.10218996e-02
  -3.43912654e-02 -6.17535785e-02  2.49085575e-02  1.17255807e-01
  -1.57996327e-01 -5.65912612e-02  1.63615361e-01 -8.66518095e-02
   1.18720599e-01  1.21893436e-01 -6.76083192e-02 -1.63138300e-01
   5.86614311e-02 -1.13458104e-01 -4.52472642e-02 -3.48773710e-02
  -1.07767701e-01  9.19465944e-02 -7.32689723e-02 -9.79133099e-02
  -2.96209157e-02 -1.79921873e-02  1.48801249e-03  1.29359141e-01
  -5.36821373e-02 -6.10707030e-02  2.15151274e-04 -9.61741507e-02
   1.03353009e-01 -2.32042130e-02 -1.42576113e-01  6.51242435e-02
  -8.53666216e-02 -5.24908379e-02  1.01305202e-01  1.10607572e-01
   9.27757993e-02 -1.40034780e-01 -5.19509949e-02 -1.68037973e-02
   1.00395016e-01 -6.54921830e-02 -2.48686783e-02 -1.11365780e-01
  -3.87741402e-02 -3.81119512e-02 -9.33455750e-02 -9.65553243e-03
   6.23633601e-02  1.46322101e-01 -9.65833440e-02  6.66925758e-02
  -4.46771197e-02 -1.85784120e-02  2.90780654e-03 -1.47623241e-01
  -3.98258753e-02  1.89245529e-02 -8.31724852e-02 -4.82891724e-02
   1.07452177e-01  4.74669114e-02 -6.67417124e-02 -1.38611123e-01
   1.71810851e-01  6.71235621e-02  1.02967108e-02 -1.07887186e-01
  -1.30010560e-01 -6.19633719e-02 -8.48304033e-02 -1.40466867e-02
  -2.04650611e-02 -4.86485437e-02  5.58189489e-02 -7.08610117e-02]
 [ 1.10471226e-01 -8.56306404e-02 -1.26732990e-01 -1.22710936e-01
  -1.55107453e-02  1.25998938e-02  3.55100334e-02 -2.59283353e-02
   3.66459340e-02 -2.48600766e-02 -6.30259439e-02 -7.51229972e-02
   4.90942411e-02  1.80349275e-01 -9.10077691e-02 -2.73682494e-02
   4.74590957e-02  3.43299620e-02 -1.84080247e-02  3.98526415e-02
   1.26699910e-01  2.35735282e-01 -6.25125542e-02  1.02855422e-01
   1.46493360e-01 -5.95422648e-02 -4.63224128e-02  8.50834548e-02
  -5.65492199e-04 -5.35745956e-02 -6.75197914e-02  4.92446125e-02
   1.17776223e-01 -4.61148806e-02  4.44997475e-02  1.05357260e-01
   8.42988119e-02 -5.79680130e-02  2.10916594e-01 -6.06563017e-02
  -8.18874314e-02 -4.94953431e-03 -8.54156613e-02  1.56732321e-01
   3.86880562e-02 -7.39382580e-02  4.24810611e-02 -6.97065741e-02
  -3.05035524e-02 -1.27096213e-02 -7.83334076e-02  1.08440980e-01
   2.66999990e-01 -1.38163166e-02  1.18500873e-01  1.76305801e-01
  -7.19004422e-02 -4.01098616e-02  4.68836352e-02 -9.14123952e-02
   8.33433270e-02  1.33892372e-01  2.36356050e-01 -4.40418907e-02
  -5.39659038e-02  1.40366584e-01 -1.43494261e-02 -5.77938519e-02
  -1.49391331e-02  1.36956632e-01 -1.83077268e-02 -5.25587797e-02
   3.30771916e-02 -7.52309859e-02  9.42710936e-02  9.99819674e-03
   3.73279005e-02 -4.98351902e-02  2.97234152e-02 -3.32561433e-02
   2.88164197e-03 -8.44378769e-02 -8.80978480e-02  1.42392799e-01
   1.27349749e-01 -8.58156160e-02  5.29906675e-02  1.48530483e-01
  -1.48429228e-02 -8.82776529e-02  1.53179923e-02  2.25304395e-01
   1.36930227e-01 -7.72737414e-02  1.14013068e-01  5.45848794e-02
   1.11699343e-01 -8.43627565e-03 -8.89579728e-02  4.93006520e-02
   5.65869734e-03  3.46936546e-02  3.34144607e-02  6.67789504e-02
  -1.79595351e-02 -5.81590785e-03  1.13512306e-02  5.53174876e-03
  -7.72137865e-02  7.71251693e-02 -3.46424021e-02  7.56217837e-02
   1.61151737e-01  6.55814409e-02 -4.95376624e-02  6.43182471e-02
  -6.96587563e-02  1.33990087e-02 -1.57665405e-02  2.12457422e-02
  -4.96252812e-02 -3.98012251e-02 -4.06484492e-03 -7.89667070e-02
   4.20070775e-02 -5.30552976e-02  1.43236518e-01  1.56780949e-03]]
