[[ 1.51176170e-01 -7.31096789e-02 -1.14153624e-01 -2.56632358e-01
   3.78042459e-02  9.71167758e-02 -6.68533370e-02 -2.67713461e-02
   1.14495113e-01  5.99397868e-02 -1.49144024e-01  4.09946293e-02
   6.95475191e-02 -1.07624687e-01 -2.93294266e-02 -1.77435335e-02
   7.12616295e-02 -4.51091640e-02  4.75794151e-02 -1.02767929e-01
  -4.67777476e-02 -8.52380991e-02  3.37545648e-02  2.27781013e-02
  -1.22049926e-02 -9.80097651e-02 -6.49914742e-02  7.89031684e-02
   1.36700217e-02 -7.85918981e-02  1.32896798e-03  9.85002890e-02
   1.36166066e-01  3.96901648e-03  8.43112469e-02 -2.52840966e-02
   1.74391001e-01 -1.18496895e-01  1.05683081e-01 -1.02354465e-02
   1.15320291e-02 -4.18785447e-03 -1.87465828e-02  8.88175443e-02
  -5.86841665e-02  1.62990287e-01  7.93091208e-02 -1.30657583e-01
  -5.03391214e-02 -4.16229405e-02 -1.38164863e-01 -2.17948835e-02
  -7.17933252e-02 -7.10530281e-02  1.33963972e-01  1.44735292e-01
  -4.96991761e-02 -3.60027375e-03  4.84945588e-02 -1.11246169e-01
   3.86484973e-02  1.22444004e-01 -7.08112493e-02 -1.54517233e-01
  -7.33943805e-02 -1.14052467e-01 -3.32105265e-04 -4.84979413e-02
  -7.73492754e-02  1.15636051e-01 -9.45091322e-02 -7.04843625e-02
   3.74236703e-02 -1.03724718e-01  1.36915073e-01  1.34581372e-01
   1.05416238e-01 -5.07435538e-02  5.18651307e-03 -6.82920218e-02
   1.90569624e-01  4.48933318e-02 -1.40835762e-01 -1.95286274e-02
  -4.70432676e-02 -4.26253751e-02 -5.34971617e-02  1.48125872e-01
   7.80903138e-05 -1.24297410e-01 -1.01292595e-01 -1.08562261e-01
   1.88599646e-01  5.84271224e-03 -3.66327837e-02  5.10482304e-03
  -5.27515560e-02  2.64706127e-02 -1.88444182e-02 -3.39461900e-02
   3.50844115e-03  4.10836153e-02 -6.06487542e-02  3.38124186e-02
   5.75754419e-02 -6.11607358e-02 -6.01515993e-02 -1.17202841e-01
  -6.58683106e-02  8.06259811e-02 -3.44812870e-02 -7.18605071e-02
   2.16561824e-01  4.21835259e-02  9.95005295e-02 -1.23846486e-01
   9.27223638e-02  8.49642325e-03 -7.65717030e-02 -1.32319048e-01
  -1.35809451e-01 -7.76328892e-03  3.65826972e-02  1.65053681e-02
  -1.52330659e-02  2.11244319e-02  2.82189883e-02 -9.00096893e-02]
 [ 1.97202757e-01 -8.81929919e-02 -1.41197696e-01 -1.09660931e-01
  -2.61985767e-03  2.71127988e-02  2.71943975e-02 -6.86917081e-03
   3.84095237e-02 -3.53157967e-02 -5.99754974e-02 -8.96837935e-02
  -6.02437928e-02  2.21744508e-01 -1.02578901e-01 -1.25672622e-02
   1.38952062e-01  5.67089878e-02 -3.84354256e-02  3.31104896e-03
   2.40207314e-02  2.20237195e-01 -9.69150513e-02  1.12322286e-01
   1.34977624e-01 -4.99343947e-02 -6.68396652e-02  1.36490390e-01
   1.66043378e-02 -6.30220249e-02 -7.62290210e-02  2.00837385e-02
   1.75351232e-01 -1.07971430e-02  6.20743670e-02  7.11319819e-02
   1.02747612e-01 -5.28770424e-02  1.59860134e-01 -5.94151206e-02
  -3.36012468e-02 -4.53420803e-02 -1.10143967e-01  5.64212129e-02
  -8.71755555e-03 -7.66820461e-02  2.37796754e-02 -8.75259638e-02
  -6.15181215e-02  2.24098321e-02 -8.00745115e-02  1.55705467e-01
   2.37375543e-01  3.05208210e-02  1.55250460e-01  1.41540110e-01
  -1.01979926e-01 -2.60349195e-02  6.48022220e-02 -7.82541409e-02
   5.31326197e-02  4.47787046e-02  2.69647628e-01 -4.03930657e-02
  -3.57079655e-02  2.53789216e-01  4.31980612e-03 -5.48776574e-02
  -3.06365862e-02  1.07392045e-02 -3.40496958e-03 -3.04625668e-02
   3.72870616e-03 -6.08354472e-02  1.48335963e-01  7.97270536e-02
  -2.39200611e-02 -5.69665171e-02  6.53405339e-02 -3.59057635e-02
  -3.31389867e-02 -4.95969616e-02 -8.83681774e-02  9.17813629e-02
   2.80483346e-02 -3.21171917e-02  7.80752227e-02  1.29498929e-01
   6.21351562e-02 -6.45882636e-02  9.34539065e-02  1.55496284e-01
   1.57102793e-01 -4.32149395e-02  7.14995861e-02  1.84703320e-02
   4.90353294e-02 -5.04751168e-02 -9.42117199e-02  5.06386086e-02
   3.52440253e-02  6.12593703e-02 -4.00837464e-03  8.84181634e-02
  -2.22504102e-02 -2.66493186e-02  1.92303807e-02 -4.53525456e-03
  -8.15172493e-02  6.67469129e-02 -5.60801923e-02  3.17816213e-02
   1.19390689e-01  6.16790578e-02 -3.49974371e-02  3.68686691e-02
  -6.96489289e-02 -5.63115217e-02 -2.47861119e-03  8.21452811e-02
  -5.03340028e-02 -4.32194062e-02 -3.02703008e-02 -8.21781605e-02
   2.64990032e-02 -2.73534451e-02  8.61463547e-02  9.37299356e-02]]
[[ 1.51176170e-01 -7.31096789e-02 -1.14153624e-01 -2.56632358e-01
   3.78042459e-02  9.71167758e-02 -6.68533370e-02 -2.67713461e-02
   1.14495113e-01  5.99397868e-02 -1.49144024e-01  4.09946293e-02
   6.95475191e-02 -1.07624687e-01 -2.93294266e-02 -1.77435335e-02
   7.12616295e-02 -4.51091640e-02  4.75794151e-02 -1.02767929e-01
  -4.67777476e-02 -8.52380991e-02  3.37545648e-02  2.27781013e-02
  -1.22049926e-02 -9.80097651e-02 -6.49914742e-02  7.89031684e-02
   1.36700217e-02 -7.85918981e-02  1.32896798e-03  9.85002890e-02
   1.36166066e-01  3.96901648e-03  8.43112469e-02 -2.52840966e-02
   1.74391001e-01 -1.18496895e-01  1.05683081e-01 -1.02354465e-02
   1.15320291e-02 -4.18785447e-03 -1.87465828e-02  8.88175443e-02
  -5.86841665e-02  1.62990287e-01  7.93091208e-02 -1.30657583e-01
  -5.03391214e-02 -4.16229405e-02 -1.38164863e-01 -2.17948835e-02
  -7.17933252e-02 -7.10530281e-02  1.33963972e-01  1.44735292e-01
  -4.96991761e-02 -3.60027375e-03  4.84945588e-02 -1.11246169e-01
   3.86484973e-02  1.22444004e-01 -7.08112493e-02 -1.54517233e-01
  -7.33943805e-02 -1.14052467e-01 -3.32105265e-04 -4.84979413e-02
  -7.73492754e-02  1.15636051e-01 -9.45091322e-02 -7.04843625e-02
   3.74236703e-02 -1.03724718e-01  1.36915073e-01  1.34581372e-01
   1.05416238e-01 -5.07435538e-02  5.18651307e-03 -6.82920218e-02
   1.90569624e-01  4.48933318e-02 -1.40835762e-01 -1.95286274e-02
  -4.70432676e-02 -4.26253751e-02 -5.34971617e-02  1.48125872e-01
   7.80903138e-05 -1.24297410e-01 -1.01292595e-01 -1.08562261e-01
   1.88599646e-01  5.84271224e-03 -3.66327837e-02  5.10482304e-03
  -5.27515560e-02  2.64706127e-02 -1.88444182e-02 -3.39461900e-02
   3.50844115e-03  4.10836153e-02 -6.06487542e-02  3.38124186e-02
   5.75754419e-02 -6.11607358e-02 -6.01515993e-02 -1.17202841e-01
  -6.58683106e-02  8.06259811e-02 -3.44812870e-02 -7.18605071e-02
   2.16561824e-01  4.21835259e-02  9.95005295e-02 -1.23846486e-01
   9.27223638e-02  8.49642325e-03 -7.65717030e-02 -1.32319048e-01
  -1.35809451e-01 -7.76328892e-03  3.65826972e-02  1.65053681e-02
  -1.52330659e-02  2.11244319e-02  2.82189883e-02 -9.00096893e-02]
 [ 1.97202757e-01 -8.81929919e-02 -1.41197696e-01 -1.09660931e-01
  -2.61985767e-03  2.71127988e-02  2.71943975e-02 -6.86917081e-03
   3.84095237e-02 -3.53157967e-02 -5.99754974e-02 -8.96837935e-02
  -6.02437928e-02  2.21744508e-01 -1.02578901e-01 -1.25672622e-02
   1.38952062e-01  5.67089878e-02 -3.84354256e-02  3.31104896e-03
   2.40207314e-02  2.20237195e-01 -9.69150513e-02  1.12322286e-01
   1.34977624e-01 -4.99343947e-02 -6.68396652e-02  1.36490390e-01
   1.66043378e-02 -6.30220249e-02 -7.62290210e-02  2.00837385e-02
   1.75351232e-01 -1.07971430e-02  6.20743670e-02  7.11319819e-02
   1.02747612e-01 -5.28770424e-02  1.59860134e-01 -5.94151206e-02
  -3.36012468e-02 -4.53420803e-02 -1.10143967e-01  5.64212129e-02
  -8.71755555e-03 -7.66820461e-02  2.37796754e-02 -8.75259638e-02
  -6.15181215e-02  2.24098321e-02 -8.00745115e-02  1.55705467e-01
   2.37375543e-01  3.05208210e-02  1.55250460e-01  1.41540110e-01
  -1.01979926e-01 -2.60349195e-02  6.48022220e-02 -7.82541409e-02
   5.31326197e-02  4.47787046e-02  2.69647628e-01 -4.03930657e-02
  -3.57079655e-02  2.53789216e-01  4.31980612e-03 -5.48776574e-02
  -3.06365862e-02  1.07392045e-02 -3.40496958e-03 -3.04625668e-02
   3.72870616e-03 -6.08354472e-02  1.48335963e-01  7.97270536e-02
  -2.39200611e-02 -5.69665171e-02  6.53405339e-02 -3.59057635e-02
  -3.31389867e-02 -4.95969616e-02 -8.83681774e-02  9.17813629e-02
   2.80483346e-02 -3.21171917e-02  7.80752227e-02  1.29498929e-01
   6.21351562e-02 -6.45882636e-02  9.34539065e-02  1.55496284e-01
   1.57102793e-01 -4.32149395e-02  7.14995861e-02  1.84703320e-02
   4.90353294e-02 -5.04751168e-02 -9.42117199e-02  5.06386086e-02
   3.52440253e-02  6.12593703e-02 -4.00837464e-03  8.84181634e-02
  -2.22504102e-02 -2.66493186e-02  1.92303807e-02 -4.53525456e-03
  -8.15172493e-02  6.67469129e-02 -5.60801923e-02  3.17816213e-02
   1.19390689e-01  6.16790578e-02 -3.49974371e-02  3.68686691e-02
  -6.96489289e-02 -5.63115217e-02 -2.47861119e-03  8.21452811e-02
  -5.03340028e-02 -4.32194062e-02 -3.02703008e-02 -8.21781605e-02
   2.64990032e-02 -2.73534451e-02  8.61463547e-02  9.37299356e-02]]
[[ 1.51176170e-01 -7.31096789e-02 -1.14153624e-01 -2.56632358e-01
   3.78042459e-02  9.71167758e-02 -6.68533370e-02 -2.67713461e-02
   1.14495113e-01  5.99397868e-02 -1.49144024e-01  4.09946293e-02
   6.95475191e-02 -1.07624687e-01 -2.93294266e-02 -1.77435335e-02
   7.12616295e-02 -4.51091640e-02  4.75794151e-02 -1.02767929e-01
  -4.67777476e-02 -8.52380991e-02  3.37545648e-02  2.27781013e-02
  -1.22049926e-02 -9.80097651e-02 -6.49914742e-02  7.89031684e-02
   1.36700217e-02 -7.85918981e-02  1.32896798e-03  9.85002890e-02
   1.36166066e-01  3.96901648e-03  8.43112469e-02 -2.52840966e-02
   1.74391001e-01 -1.18496895e-01  1.05683081e-01 -1.02354465e-02
   1.15320291e-02 -4.18785447e-03 -1.87465828e-02  8.88175443e-02
  -5.86841665e-02  1.62990287e-01  7.93091208e-02 -1.30657583e-01
  -5.03391214e-02 -4.16229405e-02 -1.38164863e-01 -2.17948835e-02
  -7.17933252e-02 -7.10530281e-02  1.33963972e-01  1.44735292e-01
  -4.96991761e-02 -3.60027375e-03  4.84945588e-02 -1.11246169e-01
   3.86484973e-02  1.22444004e-01 -7.08112493e-02 -1.54517233e-01
  -7.33943805e-02 -1.14052467e-01 -3.32105265e-04 -4.84979413e-02
  -7.73492754e-02  1.15636051e-01 -9.45091322e-02 -7.04843625e-02
   3.74236703e-02 -1.03724718e-01  1.36915073e-01  1.34581372e-01
   1.05416238e-01 -5.07435538e-02  5.18651307e-03 -6.82920218e-02
   1.90569624e-01  4.48933318e-02 -1.40835762e-01 -1.95286274e-02
  -4.70432676e-02 -4.26253751e-02 -5.34971617e-02  1.48125872e-01
   7.80903138e-05 -1.24297410e-01 -1.01292595e-01 -1.08562261e-01
   1.88599646e-01  5.84271224e-03 -3.66327837e-02  5.10482304e-03
  -5.27515560e-02  2.64706127e-02 -1.88444182e-02 -3.39461900e-02
   3.50844115e-03  4.10836153e-02 -6.06487542e-02  3.38124186e-02
   5.75754419e-02 -6.11607358e-02 -6.01515993e-02 -1.17202841e-01
  -6.58683106e-02  8.06259811e-02 -3.44812870e-02 -7.18605071e-02
   2.16561824e-01  4.21835259e-02  9.95005295e-02 -1.23846486e-01
   9.27223638e-02  8.49642325e-03 -7.65717030e-02 -1.32319048e-01
  -1.35809451e-01 -7.76328892e-03  3.65826972e-02  1.65053681e-02
  -1.52330659e-02  2.11244319e-02  2.82189883e-02 -9.00096893e-02]
 [ 1.97202757e-01 -8.81929919e-02 -1.41197696e-01 -1.09660931e-01
  -2.61985767e-03  2.71127988e-02  2.71943975e-02 -6.86917081e-03
   3.84095237e-02 -3.53157967e-02 -5.99754974e-02 -8.96837935e-02
  -6.02437928e-02  2.21744508e-01 -1.02578901e-01 -1.25672622e-02
   1.38952062e-01  5.67089878e-02 -3.84354256e-02  3.31104896e-03
   2.40207314e-02  2.20237195e-01 -9.69150513e-02  1.12322286e-01
   1.34977624e-01 -4.99343947e-02 -6.68396652e-02  1.36490390e-01
   1.66043378e-02 -6.30220249e-02 -7.62290210e-02  2.00837385e-02
   1.75351232e-01 -1.07971430e-02  6.20743670e-02  7.11319819e-02
   1.02747612e-01 -5.28770424e-02  1.59860134e-01 -5.94151206e-02
  -3.36012468e-02 -4.53420803e-02 -1.10143967e-01  5.64212129e-02
  -8.71755555e-03 -7.66820461e-02  2.37796754e-02 -8.75259638e-02
  -6.15181215e-02  2.24098321e-02 -8.00745115e-02  1.55705467e-01
   2.37375543e-01  3.05208210e-02  1.55250460e-01  1.41540110e-01
  -1.01979926e-01 -2.60349195e-02  6.48022220e-02 -7.82541409e-02
   5.31326197e-02  4.47787046e-02  2.69647628e-01 -4.03930657e-02
  -3.57079655e-02  2.53789216e-01  4.31980612e-03 -5.48776574e-02
  -3.06365862e-02  1.07392045e-02 -3.40496958e-03 -3.04625668e-02
   3.72870616e-03 -6.08354472e-02  1.48335963e-01  7.97270536e-02
  -2.39200611e-02 -5.69665171e-02  6.53405339e-02 -3.59057635e-02
  -3.31389867e-02 -4.95969616e-02 -8.83681774e-02  9.17813629e-02
   2.80483346e-02 -3.21171917e-02  7.80752227e-02  1.29498929e-01
   6.21351562e-02 -6.45882636e-02  9.34539065e-02  1.55496284e-01
   1.57102793e-01 -4.32149395e-02  7.14995861e-02  1.84703320e-02
   4.90353294e-02 -5.04751168e-02 -9.42117199e-02  5.06386086e-02
   3.52440253e-02  6.12593703e-02 -4.00837464e-03  8.84181634e-02
  -2.22504102e-02 -2.66493186e-02  1.92303807e-02 -4.53525456e-03
  -8.15172493e-02  6.67469129e-02 -5.60801923e-02  3.17816213e-02
   1.19390689e-01  6.16790578e-02 -3.49974371e-02  3.68686691e-02
  -6.96489289e-02 -5.63115217e-02 -2.47861119e-03  8.21452811e-02
  -5.03340028e-02 -4.32194062e-02 -3.02703008e-02 -8.21781605e-02
   2.64990032e-02 -2.73534451e-02  8.61463547e-02  9.37299356e-02]]
