[[ 2.32430011e-01 -4.88071367e-02 -8.70808065e-02 -2.05008715e-01
   3.43659073e-02  6.16216101e-02 -3.94325331e-02 -6.94274157e-02
   6.96754456e-02 -2.18320247e-02 -1.69654310e-01  1.05362982e-01
   1.44447703e-02 -4.32421938e-02  2.97565162e-02 -8.49883705e-02
   8.31472650e-02  1.26418564e-02  3.33129615e-02 -6.55691847e-02
  -6.75693601e-02 -1.61663815e-02  5.53467497e-03 -2.36855932e-02
  -5.50725646e-02 -7.63105527e-02 -8.53777863e-03  9.75845382e-02
  -1.85257625e-02 -6.48132488e-02 -5.84709086e-02  1.14317879e-01
   8.04268122e-02 -1.29274204e-02  5.09843454e-02 -1.74090490e-02
   1.32509023e-01 -1.34967044e-01  1.66215526e-04 -4.29790877e-02
  -5.76380221e-03  8.22995510e-03 -1.24570364e-02  9.02444199e-02
  -2.46510166e-03  1.04529798e-01  4.05361354e-02 -1.28951684e-01
  -5.91012649e-04 -9.17039141e-02 -1.82002530e-01 -5.21834753e-02
  -8.14022794e-02 -2.49195509e-02  1.19673066e-01  1.32884488e-01
  -2.07177773e-01 -2.97672059e-02  1.77527249e-01 -1.08575821e-01
   5.78364506e-02  1.03700757e-01 -6.90857768e-02 -1.60532817e-01
  -8.41228291e-03 -1.25740781e-01 -3.50101627e-02  3.79207879e-02
  -7.44004920e-02  5.57161942e-02 -6.41014129e-02 -1.09750003e-01
   1.06928675e-02 -1.18482858e-01  6.18275218e-02  9.05550867e-02
   2.30690632e-02 -8.03622827e-02 -4.42031994e-02 -8.23069364e-02
   1.84356615e-01  8.61079022e-02 -1.47099763e-01  4.98986021e-02
  -4.35782596e-02 -1.38534671e-02 -2.26376094e-02  1.16062433e-01
   7.87665844e-02 -1.27697632e-01 -1.00358464e-01 -9.23313200e-02
   1.51457816e-01 -4.48841676e-02 -1.28364004e-02 -5.93218505e-02
  -6.08512051e-02 -3.61868143e-02 -4.47453409e-02  9.96575574e-04
   5.91364466e-02  1.40999526e-01 -1.12470560e-01  5.63954189e-02
  -5.11316434e-02 -5.82547672e-02 -1.53112179e-02 -1.86115935e-01
  -6.76570162e-02  5.95050752e-02 -7.66064972e-02 -1.06353886e-01
   8.83813053e-02  2.39533912e-02  4.82177883e-02 -1.24115802e-01
   1.05365276e-01  5.24920709e-02 -1.00050278e-01 -1.31707430e-01
  -1.51926234e-01  8.66440460e-02  1.45822472e-04  5.25318421e-02
  -1.50992051e-02 -7.82736242e-02 -4.14033718e-02 -1.10021777e-01]
 [ 1.81849808e-01 -7.90559277e-02 -1.41112641e-01 -1.11033201e-01
  -2.56692357e-02  8.52992199e-03  9.61103663e-03  1.19834887e-02
   2.73460802e-02 -2.57747080e-02 -6.54620528e-02 -8.87779593e-02
  -3.72440517e-02  2.06350476e-01 -9.20588821e-02  2.83380109e-03
   8.65008011e-02  4.35780361e-02 -2.46519540e-02 -9.79520846e-03
   8.07591081e-02  2.51490742e-01 -8.14479962e-02  1.37294993e-01
   1.55250072e-01 -5.15286773e-02 -5.72073683e-02  1.01604275e-01
   1.02133658e-02 -5.21130934e-02 -7.48859793e-02  5.15871085e-02
   1.45972341e-01 -3.60667706e-02  4.80831861e-02  1.05836928e-01
   9.27541852e-02 -3.78204882e-02  2.10030183e-01 -5.30639738e-02
  -6.32045045e-02 -1.28164338e-02 -1.03721015e-01  7.50326812e-02
   2.16652844e-02 -7.93973505e-02  5.31457253e-02 -7.60714263e-02
  -4.58222032e-02  1.86322462e-02 -7.74808899e-02  1.50417507e-01
   2.76653051e-01  2.67406963e-02  1.24154195e-01  1.67574376e-01
  -9.62655172e-02 -3.16069461e-02  6.35124594e-02 -8.53920951e-02
   7.12289736e-02  9.47908089e-02  2.72303522e-01 -4.32248339e-02
  -4.57567610e-02  2.10312217e-01 -5.15838526e-03 -5.66001423e-02
  -2.27158070e-02  7.40049556e-02 -9.16718412e-03 -3.93387862e-02
   1.06148208e-02 -6.31851703e-02  1.27075896e-01  4.97945137e-02
   6.17949106e-03 -4.50703949e-02  6.88563734e-02 -1.39205568e-02
  -2.68807728e-02 -5.47086410e-02 -8.51834193e-02  1.01814464e-01
   7.26846084e-02 -6.30623773e-02  6.41482621e-02  1.16424859e-01
   2.82425638e-02 -7.52281994e-02  6.96743876e-02  1.74952269e-01
   1.18573941e-01 -5.91456443e-02  6.59791455e-02  3.00619546e-02
   5.37494458e-02 -2.09118165e-02 -9.13557559e-02  6.25724196e-02
   1.16047030e-02  5.72982915e-02  1.96540784e-02  7.50060678e-02
  -1.95201822e-02 -2.70396098e-02  1.33655630e-02  1.44831296e-02
  -7.44173601e-02  7.52132311e-02 -5.90526015e-02  4.14127260e-02
   1.47030026e-01  3.10504958e-02 -4.10825685e-02  5.06533496e-02
  -6.92615137e-02 -3.24320868e-02  7.59178773e-03  5.42766601e-02
  -5.08450605e-02 -5.79125434e-02 -1.23049049e-02 -8.19388852e-02
   3.88933346e-02 -4.20479998e-02  1.28816411e-01  3.08623407e-02]]
[[ 2.32430011e-01 -4.88071367e-02 -8.70808065e-02 -2.05008715e-01
   3.43659073e-02  6.16216101e-02 -3.94325331e-02 -6.94274157e-02
   6.96754456e-02 -2.18320247e-02 -1.69654310e-01  1.05362982e-01
   1.44447703e-02 -4.32421938e-02  2.97565162e-02 -8.49883705e-02
   8.31472650e-02  1.26418564e-02  3.33129615e-02 -6.55691847e-02
  -6.75693601e-02 -1.61663815e-02  5.53467497e-03 -2.36855932e-02
  -5.50725646e-02 -7.63105527e-02 -8.53777863e-03  9.75845382e-02
  -1.85257625e-02 -6.48132488e-02 -5.84709086e-02  1.14317879e-01
   8.04268122e-02 -1.29274204e-02  5.09843454e-02 -1.74090490e-02
   1.32509023e-01 -1.34967044e-01  1.66215526e-04 -4.29790877e-02
  -5.76380221e-03  8.22995510e-03 -1.24570364e-02  9.02444199e-02
  -2.46510166e-03  1.04529798e-01  4.05361354e-02 -1.28951684e-01
  -5.91012649e-04 -9.17039141e-02 -1.82002530e-01 -5.21834753e-02
  -8.14022794e-02 -2.49195509e-02  1.19673066e-01  1.32884488e-01
  -2.07177773e-01 -2.97672059e-02  1.77527249e-01 -1.08575821e-01
   5.78364506e-02  1.03700757e-01 -6.90857768e-02 -1.60532817e-01
  -8.41228291e-03 -1.25740781e-01 -3.50101627e-02  3.79207879e-02
  -7.44004920e-02  5.57161942e-02 -6.41014129e-02 -1.09750003e-01
   1.06928675e-02 -1.18482858e-01  6.18275218e-02  9.05550867e-02
   2.30690632e-02 -8.03622827e-02 -4.42031994e-02 -8.23069364e-02
   1.84356615e-01  8.61079022e-02 -1.47099763e-01  4.98986021e-02
  -4.35782596e-02 -1.38534671e-02 -2.26376094e-02  1.16062433e-01
   7.87665844e-02 -1.27697632e-01 -1.00358464e-01 -9.23313200e-02
   1.51457816e-01 -4.48841676e-02 -1.28364004e-02 -5.93218505e-02
  -6.08512051e-02 -3.61868143e-02 -4.47453409e-02  9.96575574e-04
   5.91364466e-02  1.40999526e-01 -1.12470560e-01  5.63954189e-02
  -5.11316434e-02 -5.82547672e-02 -1.53112179e-02 -1.86115935e-01
  -6.76570162e-02  5.95050752e-02 -7.66064972e-02 -1.06353886e-01
   8.83813053e-02  2.39533912e-02  4.82177883e-02 -1.24115802e-01
   1.05365276e-01  5.24920709e-02 -1.00050278e-01 -1.31707430e-01
  -1.51926234e-01  8.66440460e-02  1.45822472e-04  5.25318421e-02
  -1.50992051e-02 -7.82736242e-02 -4.14033718e-02 -1.10021777e-01]
 [ 1.81849808e-01 -7.90559277e-02 -1.41112641e-01 -1.11033201e-01
  -2.56692357e-02  8.52992199e-03  9.61103663e-03  1.19834887e-02
   2.73460802e-02 -2.57747080e-02 -6.54620528e-02 -8.87779593e-02
  -3.72440517e-02  2.06350476e-01 -9.20588821e-02  2.83380109e-03
   8.65008011e-02  4.35780361e-02 -2.46519540e-02 -9.79520846e-03
   8.07591081e-02  2.51490742e-01 -8.14479962e-02  1.37294993e-01
   1.55250072e-01 -5.15286773e-02 -5.72073683e-02  1.01604275e-01
   1.02133658e-02 -5.21130934e-02 -7.48859793e-02  5.15871085e-02
   1.45972341e-01 -3.60667706e-02  4.80831861e-02  1.05836928e-01
   9.27541852e-02 -3.78204882e-02  2.10030183e-01 -5.30639738e-02
  -6.32045045e-02 -1.28164338e-02 -1.03721015e-01  7.50326812e-02
   2.16652844e-02 -7.93973505e-02  5.31457253e-02 -7.60714263e-02
  -4.58222032e-02  1.86322462e-02 -7.74808899e-02  1.50417507e-01
   2.76653051e-01  2.67406963e-02  1.24154195e-01  1.67574376e-01
  -9.62655172e-02 -3.16069461e-02  6.35124594e-02 -8.53920951e-02
   7.12289736e-02  9.47908089e-02  2.72303522e-01 -4.32248339e-02
  -4.57567610e-02  2.10312217e-01 -5.15838526e-03 -5.66001423e-02
  -2.27158070e-02  7.40049556e-02 -9.16718412e-03 -3.93387862e-02
   1.06148208e-02 -6.31851703e-02  1.27075896e-01  4.97945137e-02
   6.17949106e-03 -4.50703949e-02  6.88563734e-02 -1.39205568e-02
  -2.68807728e-02 -5.47086410e-02 -8.51834193e-02  1.01814464e-01
   7.26846084e-02 -6.30623773e-02  6.41482621e-02  1.16424859e-01
   2.82425638e-02 -7.52281994e-02  6.96743876e-02  1.74952269e-01
   1.18573941e-01 -5.91456443e-02  6.59791455e-02  3.00619546e-02
   5.37494458e-02 -2.09118165e-02 -9.13557559e-02  6.25724196e-02
   1.16047030e-02  5.72982915e-02  1.96540784e-02  7.50060678e-02
  -1.95201822e-02 -2.70396098e-02  1.33655630e-02  1.44831296e-02
  -7.44173601e-02  7.52132311e-02 -5.90526015e-02  4.14127260e-02
   1.47030026e-01  3.10504958e-02 -4.10825685e-02  5.06533496e-02
  -6.92615137e-02 -3.24320868e-02  7.59178773e-03  5.42766601e-02
  -5.08450605e-02 -5.79125434e-02 -1.23049049e-02 -8.19388852e-02
   3.88933346e-02 -4.20479998e-02  1.28816411e-01  3.08623407e-02]]
[[ 2.32430011e-01 -4.88071367e-02 -8.70808065e-02 -2.05008715e-01
   3.43659073e-02  6.16216101e-02 -3.94325331e-02 -6.94274157e-02
   6.96754456e-02 -2.18320247e-02 -1.69654310e-01  1.05362982e-01
   1.44447703e-02 -4.32421938e-02  2.97565162e-02 -8.49883705e-02
   8.31472650e-02  1.26418564e-02  3.33129615e-02 -6.55691847e-02
  -6.75693601e-02 -1.61663815e-02  5.53467497e-03 -2.36855932e-02
  -5.50725646e-02 -7.63105527e-02 -8.53777863e-03  9.75845382e-02
  -1.85257625e-02 -6.48132488e-02 -5.84709086e-02  1.14317879e-01
   8.04268122e-02 -1.29274204e-02  5.09843454e-02 -1.74090490e-02
   1.32509023e-01 -1.34967044e-01  1.66215526e-04 -4.29790877e-02
  -5.76380221e-03  8.22995510e-03 -1.24570364e-02  9.02444199e-02
  -2.46510166e-03  1.04529798e-01  4.05361354e-02 -1.28951684e-01
  -5.91012649e-04 -9.17039141e-02 -1.82002530e-01 -5.21834753e-02
  -8.14022794e-02 -2.49195509e-02  1.19673066e-01  1.32884488e-01
  -2.07177773e-01 -2.97672059e-02  1.77527249e-01 -1.08575821e-01
   5.78364506e-02  1.03700757e-01 -6.90857768e-02 -1.60532817e-01
  -8.41228291e-03 -1.25740781e-01 -3.50101627e-02  3.79207879e-02
  -7.44004920e-02  5.57161942e-02 -6.41014129e-02 -1.09750003e-01
   1.06928675e-02 -1.18482858e-01  6.18275218e-02  9.05550867e-02
   2.30690632e-02 -8.03622827e-02 -4.42031994e-02 -8.23069364e-02
   1.84356615e-01  8.61079022e-02 -1.47099763e-01  4.98986021e-02
  -4.35782596e-02 -1.38534671e-02 -2.26376094e-02  1.16062433e-01
   7.87665844e-02 -1.27697632e-01 -1.00358464e-01 -9.23313200e-02
   1.51457816e-01 -4.48841676e-02 -1.28364004e-02 -5.93218505e-02
  -6.08512051e-02 -3.61868143e-02 -4.47453409e-02  9.96575574e-04
   5.91364466e-02  1.40999526e-01 -1.12470560e-01  5.63954189e-02
  -5.11316434e-02 -5.82547672e-02 -1.53112179e-02 -1.86115935e-01
  -6.76570162e-02  5.95050752e-02 -7.66064972e-02 -1.06353886e-01
   8.83813053e-02  2.39533912e-02  4.82177883e-02 -1.24115802e-01
   1.05365276e-01  5.24920709e-02 -1.00050278e-01 -1.31707430e-01
  -1.51926234e-01  8.66440460e-02  1.45822472e-04  5.25318421e-02
  -1.50992051e-02 -7.82736242e-02 -4.14033718e-02 -1.10021777e-01]
 [ 1.81849808e-01 -7.90559277e-02 -1.41112641e-01 -1.11033201e-01
  -2.56692357e-02  8.52992199e-03  9.61103663e-03  1.19834887e-02
   2.73460802e-02 -2.57747080e-02 -6.54620528e-02 -8.87779593e-02
  -3.72440517e-02  2.06350476e-01 -9.20588821e-02  2.83380109e-03
   8.65008011e-02  4.35780361e-02 -2.46519540e-02 -9.79520846e-03
   8.07591081e-02  2.51490742e-01 -8.14479962e-02  1.37294993e-01
   1.55250072e-01 -5.15286773e-02 -5.72073683e-02  1.01604275e-01
   1.02133658e-02 -5.21130934e-02 -7.48859793e-02  5.15871085e-02
   1.45972341e-01 -3.60667706e-02  4.80831861e-02  1.05836928e-01
   9.27541852e-02 -3.78204882e-02  2.10030183e-01 -5.30639738e-02
  -6.32045045e-02 -1.28164338e-02 -1.03721015e-01  7.50326812e-02
   2.16652844e-02 -7.93973505e-02  5.31457253e-02 -7.60714263e-02
  -4.58222032e-02  1.86322462e-02 -7.74808899e-02  1.50417507e-01
   2.76653051e-01  2.67406963e-02  1.24154195e-01  1.67574376e-01
  -9.62655172e-02 -3.16069461e-02  6.35124594e-02 -8.53920951e-02
   7.12289736e-02  9.47908089e-02  2.72303522e-01 -4.32248339e-02
  -4.57567610e-02  2.10312217e-01 -5.15838526e-03 -5.66001423e-02
  -2.27158070e-02  7.40049556e-02 -9.16718412e-03 -3.93387862e-02
   1.06148208e-02 -6.31851703e-02  1.27075896e-01  4.97945137e-02
   6.17949106e-03 -4.50703949e-02  6.88563734e-02 -1.39205568e-02
  -2.68807728e-02 -5.47086410e-02 -8.51834193e-02  1.01814464e-01
   7.26846084e-02 -6.30623773e-02  6.41482621e-02  1.16424859e-01
   2.82425638e-02 -7.52281994e-02  6.96743876e-02  1.74952269e-01
   1.18573941e-01 -5.91456443e-02  6.59791455e-02  3.00619546e-02
   5.37494458e-02 -2.09118165e-02 -9.13557559e-02  6.25724196e-02
   1.16047030e-02  5.72982915e-02  1.96540784e-02  7.50060678e-02
  -1.95201822e-02 -2.70396098e-02  1.33655630e-02  1.44831296e-02
  -7.44173601e-02  7.52132311e-02 -5.90526015e-02  4.14127260e-02
   1.47030026e-01  3.10504958e-02 -4.10825685e-02  5.06533496e-02
  -6.92615137e-02 -3.24320868e-02  7.59178773e-03  5.42766601e-02
  -5.08450605e-02 -5.79125434e-02 -1.23049049e-02 -8.19388852e-02
   3.88933346e-02 -4.20479998e-02  1.28816411e-01  3.08623407e-02]]
