[[ 2.17558250e-01 -8.16241279e-02 -1.15685791e-01 -1.98911175e-01
   4.32967506e-02  8.42005387e-02 -4.48469594e-02 -7.80716836e-02
   7.59702772e-02 -1.23735685e-02 -1.66460723e-01  6.64970875e-02
   2.35976037e-02  1.82218309e-02  1.81875825e-02 -9.34063941e-02
   4.76571545e-02  6.67196931e-03  5.44501916e-02 -4.73273098e-02
  -8.88231695e-02 -1.08207492e-02 -1.48384366e-02 -6.31897971e-02
  -8.88793319e-02 -6.28464371e-02  5.32343984e-02  8.32191408e-02
   1.88160762e-02 -1.04131609e-01 -4.49250713e-02  1.29762754e-01
   1.21616526e-02 -2.40078121e-02  1.03574850e-01  5.46384938e-02
   7.30415136e-02 -1.44947618e-01 -3.07138767e-02 -4.92083430e-02
  -4.87997681e-02  4.91797179e-02 -3.63495834e-02  1.37849882e-01
  -2.15930548e-02  8.37115198e-02  7.05799088e-02 -1.14099473e-01
  -2.06752103e-02 -1.20142058e-01 -1.89653218e-01 -9.28953812e-02
  -4.54249866e-02 -3.71649601e-02  3.41507196e-02  1.07976161e-01
  -2.16342002e-01 -4.67631705e-02  1.92787513e-01 -1.11517437e-01
   9.41739231e-02  1.07962593e-01 -5.03604896e-02 -1.70395419e-01
   5.53660430e-02 -1.34299874e-01 -4.54675779e-02  7.39361160e-03
  -9.71395001e-02  3.84273194e-02 -8.57345760e-02 -9.55107287e-02
  -3.06118373e-03 -6.33254200e-02  2.15292368e-02  7.39645436e-02
  -4.57419492e-02 -6.70570955e-02 -3.27830017e-02 -8.92982632e-02
   9.62801948e-02 -1.17479521e-03 -1.51279196e-01  5.99680394e-02
  -5.46683632e-02 -3.08881048e-02  2.25479528e-02  1.27472594e-01
   1.10536039e-01 -1.19872555e-01 -5.37193455e-02 -8.57364982e-02
   1.15138128e-01 -7.41913542e-02 -1.15886442e-02 -9.24664587e-02
  -5.00665344e-02 -5.19882888e-02 -8.15807208e-02  1.73199791e-02
   9.11215693e-02  1.72553465e-01 -1.11212589e-01  1.19616814e-01
  -5.86206131e-02 -7.01190531e-02 -8.84172041e-03 -1.51003361e-01
  -4.16283384e-02  3.93153019e-02 -5.98091558e-02 -8.28799531e-02
   9.01486427e-02  4.68021631e-02 -5.82733266e-02 -1.40412882e-01
   1.09901763e-01  5.26770875e-02 -6.67719841e-02 -1.20821200e-01
  -1.48124412e-01  4.11798768e-02 -6.57826290e-02  1.03641991e-02
  -1.44324983e-02 -8.52477774e-02 -3.65487151e-02 -1.11346282e-01]
 [ 1.53888762e-01 -8.25768486e-02 -1.36514112e-01 -1.24818839e-01
  -7.07055721e-03 -6.27823465e-05  3.77290659e-02 -1.47138154e-02
   3.12720127e-02 -1.61874052e-02 -6.15133308e-02 -8.18684027e-02
  -4.14820248e-03  1.84888259e-01 -8.83010924e-02 -1.00194411e-02
   6.77856058e-02  9.62232053e-03 -2.06350833e-02  2.08737608e-02
   9.60398093e-02  2.56302714e-01 -6.93331882e-02  1.21238858e-01
   1.61990449e-01 -6.31863549e-02 -5.61734289e-02  9.02336463e-02
   1.43756429e-02 -5.09952158e-02 -6.65168464e-02  3.39081362e-02
   1.17849283e-01 -3.71066853e-02  5.10990955e-02  1.08189858e-01
   7.75819123e-02 -5.30115478e-02  2.12657884e-01 -5.62330373e-02
  -7.34830573e-02 -4.40873485e-03 -9.59073678e-02  1.12498902e-01
   2.76711565e-02 -7.66431168e-02  5.24968840e-02 -7.51022026e-02
  -5.00905402e-02  7.06668897e-03 -7.75172487e-02  1.17264569e-01
   2.75014013e-01  5.28666331e-03  1.13918714e-01  1.60499901e-01
  -8.45513195e-02 -2.37291660e-02  5.80564700e-02 -8.71655717e-02
   7.35374391e-02  1.02853663e-01  2.72600055e-01 -4.61060107e-02
  -3.64386477e-02  1.87229514e-01 -1.25538465e-02 -5.24186380e-02
  -2.58358885e-02  9.63898748e-02 -2.12794542e-02 -4.89490665e-02
   2.86484752e-02 -6.73974156e-02  1.02258444e-01  3.17373350e-02
   2.78604440e-02 -4.85506691e-02  1.00319527e-01 -3.08556575e-02
  -7.84562062e-03 -6.67493269e-02 -8.31047222e-02  1.07125916e-01
   1.14030324e-01 -7.07194731e-02  3.53585593e-02  1.35586232e-01
   3.26157585e-02 -7.99068436e-02  6.90030009e-02  2.17437297e-01
   1.26301631e-01 -7.09596425e-02  1.01439528e-01  3.38010192e-02
   5.99869676e-02 -2.11136937e-02 -8.95856246e-02  6.22843802e-02
  -2.89690890e-03  6.62260354e-02  1.69724561e-02  1.16598211e-01
  -2.99120191e-02 -1.50739457e-02  3.05335014e-03  1.57219302e-02
  -7.16917515e-02  7.46389702e-02 -4.78762537e-02  5.33769131e-02
   1.50941744e-01  4.01661173e-02 -4.83425371e-02  5.61665073e-02
  -6.94680959e-02 -3.45672970e-03 -7.15252897e-03 -1.26711722e-03
  -4.35891114e-02 -3.62601504e-02 -1.40261706e-02 -7.69950449e-02
   4.06748690e-02 -4.89357114e-02  1.32267594e-01  1.79483816e-02]]
[[ 2.17558250e-01 -8.16241279e-02 -1.15685791e-01 -1.98911175e-01
   4.32967506e-02  8.42005387e-02 -4.48469594e-02 -7.80716836e-02
   7.59702772e-02 -1.23735685e-02 -1.66460723e-01  6.64970875e-02
   2.35976037e-02  1.82218309e-02  1.81875825e-02 -9.34063941e-02
   4.76571545e-02  6.67196931e-03  5.44501916e-02 -4.73273098e-02
  -8.88231695e-02 -1.08207492e-02 -1.48384366e-02 -6.31897971e-02
  -8.88793319e-02 -6.28464371e-02  5.32343984e-02  8.32191408e-02
   1.88160762e-02 -1.04131609e-01 -4.49250713e-02  1.29762754e-01
   1.21616526e-02 -2.40078121e-02  1.03574850e-01  5.46384938e-02
   7.30415136e-02 -1.44947618e-01 -3.07138767e-02 -4.92083430e-02
  -4.87997681e-02  4.91797179e-02 -3.63495834e-02  1.37849882e-01
  -2.15930548e-02  8.37115198e-02  7.05799088e-02 -1.14099473e-01
  -2.06752103e-02 -1.20142058e-01 -1.89653218e-01 -9.28953812e-02
  -4.54249866e-02 -3.71649601e-02  3.41507196e-02  1.07976161e-01
  -2.16342002e-01 -4.67631705e-02  1.92787513e-01 -1.11517437e-01
   9.41739231e-02  1.07962593e-01 -5.03604896e-02 -1.70395419e-01
   5.53660430e-02 -1.34299874e-01 -4.54675779e-02  7.39361160e-03
  -9.71395001e-02  3.84273194e-02 -8.57345760e-02 -9.55107287e-02
  -3.06118373e-03 -6.33254200e-02  2.15292368e-02  7.39645436e-02
  -4.57419492e-02 -6.70570955e-02 -3.27830017e-02 -8.92982632e-02
   9.62801948e-02 -1.17479521e-03 -1.51279196e-01  5.99680394e-02
  -5.46683632e-02 -3.08881048e-02  2.25479528e-02  1.27472594e-01
   1.10536039e-01 -1.19872555e-01 -5.37193455e-02 -8.57364982e-02
   1.15138128e-01 -7.41913542e-02 -1.15886442e-02 -9.24664587e-02
  -5.00665344e-02 -5.19882888e-02 -8.15807208e-02  1.73199791e-02
   9.11215693e-02  1.72553465e-01 -1.11212589e-01  1.19616814e-01
  -5.86206131e-02 -7.01190531e-02 -8.84172041e-03 -1.51003361e-01
  -4.16283384e-02  3.93153019e-02 -5.98091558e-02 -8.28799531e-02
   9.01486427e-02  4.68021631e-02 -5.82733266e-02 -1.40412882e-01
   1.09901763e-01  5.26770875e-02 -6.67719841e-02 -1.20821200e-01
  -1.48124412e-01  4.11798768e-02 -6.57826290e-02  1.03641991e-02
  -1.44324983e-02 -8.52477774e-02 -3.65487151e-02 -1.11346282e-01]
 [ 1.53888762e-01 -8.25768486e-02 -1.36514112e-01 -1.24818839e-01
  -7.07055721e-03 -6.27823465e-05  3.77290659e-02 -1.47138154e-02
   3.12720127e-02 -1.61874052e-02 -6.15133308e-02 -8.18684027e-02
  -4.14820248e-03  1.84888259e-01 -8.83010924e-02 -1.00194411e-02
   6.77856058e-02  9.62232053e-03 -2.06350833e-02  2.08737608e-02
   9.60398093e-02  2.56302714e-01 -6.93331882e-02  1.21238858e-01
   1.61990449e-01 -6.31863549e-02 -5.61734289e-02  9.02336463e-02
   1.43756429e-02 -5.09952158e-02 -6.65168464e-02  3.39081362e-02
   1.17849283e-01 -3.71066853e-02  5.10990955e-02  1.08189858e-01
   7.75819123e-02 -5.30115478e-02  2.12657884e-01 -5.62330373e-02
  -7.34830573e-02 -4.40873485e-03 -9.59073678e-02  1.12498902e-01
   2.76711565e-02 -7.66431168e-02  5.24968840e-02 -7.51022026e-02
  -5.00905402e-02  7.06668897e-03 -7.75172487e-02  1.17264569e-01
   2.75014013e-01  5.28666331e-03  1.13918714e-01  1.60499901e-01
  -8.45513195e-02 -2.37291660e-02  5.80564700e-02 -8.71655717e-02
   7.35374391e-02  1.02853663e-01  2.72600055e-01 -4.61060107e-02
  -3.64386477e-02  1.87229514e-01 -1.25538465e-02 -5.24186380e-02
  -2.58358885e-02  9.63898748e-02 -2.12794542e-02 -4.89490665e-02
   2.86484752e-02 -6.73974156e-02  1.02258444e-01  3.17373350e-02
   2.78604440e-02 -4.85506691e-02  1.00319527e-01 -3.08556575e-02
  -7.84562062e-03 -6.67493269e-02 -8.31047222e-02  1.07125916e-01
   1.14030324e-01 -7.07194731e-02  3.53585593e-02  1.35586232e-01
   3.26157585e-02 -7.99068436e-02  6.90030009e-02  2.17437297e-01
   1.26301631e-01 -7.09596425e-02  1.01439528e-01  3.38010192e-02
   5.99869676e-02 -2.11136937e-02 -8.95856246e-02  6.22843802e-02
  -2.89690890e-03  6.62260354e-02  1.69724561e-02  1.16598211e-01
  -2.99120191e-02 -1.50739457e-02  3.05335014e-03  1.57219302e-02
  -7.16917515e-02  7.46389702e-02 -4.78762537e-02  5.33769131e-02
   1.50941744e-01  4.01661173e-02 -4.83425371e-02  5.61665073e-02
  -6.94680959e-02 -3.45672970e-03 -7.15252897e-03 -1.26711722e-03
  -4.35891114e-02 -3.62601504e-02 -1.40261706e-02 -7.69950449e-02
   4.06748690e-02 -4.89357114e-02  1.32267594e-01  1.79483816e-02]]
[[ 2.17558250e-01 -8.16241279e-02 -1.15685791e-01 -1.98911175e-01
   4.32967506e-02  8.42005387e-02 -4.48469594e-02 -7.80716836e-02
   7.59702772e-02 -1.23735685e-02 -1.66460723e-01  6.64970875e-02
   2.35976037e-02  1.82218309e-02  1.81875825e-02 -9.34063941e-02
   4.76571545e-02  6.67196931e-03  5.44501916e-02 -4.73273098e-02
  -8.88231695e-02 -1.08207492e-02 -1.48384366e-02 -6.31897971e-02
  -8.88793319e-02 -6.28464371e-02  5.32343984e-02  8.32191408e-02
   1.88160762e-02 -1.04131609e-01 -4.49250713e-02  1.29762754e-01
   1.21616526e-02 -2.40078121e-02  1.03574850e-01  5.46384938e-02
   7.30415136e-02 -1.44947618e-01 -3.07138767e-02 -4.92083430e-02
  -4.87997681e-02  4.91797179e-02 -3.63495834e-02  1.37849882e-01
  -2.15930548e-02  8.37115198e-02  7.05799088e-02 -1.14099473e-01
  -2.06752103e-02 -1.20142058e-01 -1.89653218e-01 -9.28953812e-02
  -4.54249866e-02 -3.71649601e-02  3.41507196e-02  1.07976161e-01
  -2.16342002e-01 -4.67631705e-02  1.92787513e-01 -1.11517437e-01
   9.41739231e-02  1.07962593e-01 -5.03604896e-02 -1.70395419e-01
   5.53660430e-02 -1.34299874e-01 -4.54675779e-02  7.39361160e-03
  -9.71395001e-02  3.84273194e-02 -8.57345760e-02 -9.55107287e-02
  -3.06118373e-03 -6.33254200e-02  2.15292368e-02  7.39645436e-02
  -4.57419492e-02 -6.70570955e-02 -3.27830017e-02 -8.92982632e-02
   9.62801948e-02 -1.17479521e-03 -1.51279196e-01  5.99680394e-02
  -5.46683632e-02 -3.08881048e-02  2.25479528e-02  1.27472594e-01
   1.10536039e-01 -1.19872555e-01 -5.37193455e-02 -8.57364982e-02
   1.15138128e-01 -7.41913542e-02 -1.15886442e-02 -9.24664587e-02
  -5.00665344e-02 -5.19882888e-02 -8.15807208e-02  1.73199791e-02
   9.11215693e-02  1.72553465e-01 -1.11212589e-01  1.19616814e-01
  -5.86206131e-02 -7.01190531e-02 -8.84172041e-03 -1.51003361e-01
  -4.16283384e-02  3.93153019e-02 -5.98091558e-02 -8.28799531e-02
   9.01486427e-02  4.68021631e-02 -5.82733266e-02 -1.40412882e-01
   1.09901763e-01  5.26770875e-02 -6.67719841e-02 -1.20821200e-01
  -1.48124412e-01  4.11798768e-02 -6.57826290e-02  1.03641991e-02
  -1.44324983e-02 -8.52477774e-02 -3.65487151e-02 -1.11346282e-01]
 [ 1.53888762e-01 -8.25768486e-02 -1.36514112e-01 -1.24818839e-01
  -7.07055721e-03 -6.27823465e-05  3.77290659e-02 -1.47138154e-02
   3.12720127e-02 -1.61874052e-02 -6.15133308e-02 -8.18684027e-02
  -4.14820248e-03  1.84888259e-01 -8.83010924e-02 -1.00194411e-02
   6.77856058e-02  9.62232053e-03 -2.06350833e-02  2.08737608e-02
   9.60398093e-02  2.56302714e-01 -6.93331882e-02  1.21238858e-01
   1.61990449e-01 -6.31863549e-02 -5.61734289e-02  9.02336463e-02
   1.43756429e-02 -5.09952158e-02 -6.65168464e-02  3.39081362e-02
   1.17849283e-01 -3.71066853e-02  5.10990955e-02  1.08189858e-01
   7.75819123e-02 -5.30115478e-02  2.12657884e-01 -5.62330373e-02
  -7.34830573e-02 -4.40873485e-03 -9.59073678e-02  1.12498902e-01
   2.76711565e-02 -7.66431168e-02  5.24968840e-02 -7.51022026e-02
  -5.00905402e-02  7.06668897e-03 -7.75172487e-02  1.17264569e-01
   2.75014013e-01  5.28666331e-03  1.13918714e-01  1.60499901e-01
  -8.45513195e-02 -2.37291660e-02  5.80564700e-02 -8.71655717e-02
   7.35374391e-02  1.02853663e-01  2.72600055e-01 -4.61060107e-02
  -3.64386477e-02  1.87229514e-01 -1.25538465e-02 -5.24186380e-02
  -2.58358885e-02  9.63898748e-02 -2.12794542e-02 -4.89490665e-02
   2.86484752e-02 -6.73974156e-02  1.02258444e-01  3.17373350e-02
   2.78604440e-02 -4.85506691e-02  1.00319527e-01 -3.08556575e-02
  -7.84562062e-03 -6.67493269e-02 -8.31047222e-02  1.07125916e-01
   1.14030324e-01 -7.07194731e-02  3.53585593e-02  1.35586232e-01
   3.26157585e-02 -7.99068436e-02  6.90030009e-02  2.17437297e-01
   1.26301631e-01 -7.09596425e-02  1.01439528e-01  3.38010192e-02
   5.99869676e-02 -2.11136937e-02 -8.95856246e-02  6.22843802e-02
  -2.89690890e-03  6.62260354e-02  1.69724561e-02  1.16598211e-01
  -2.99120191e-02 -1.50739457e-02  3.05335014e-03  1.57219302e-02
  -7.16917515e-02  7.46389702e-02 -4.78762537e-02  5.33769131e-02
   1.50941744e-01  4.01661173e-02 -4.83425371e-02  5.61665073e-02
  -6.94680959e-02 -3.45672970e-03 -7.15252897e-03 -1.26711722e-03
  -4.35891114e-02 -3.62601504e-02 -1.40261706e-02 -7.69950449e-02
   4.06748690e-02 -4.89357114e-02  1.32267594e-01  1.79483816e-02]]
