[[ 1.40024528e-01 -7.33852610e-02 -1.03472576e-01 -2.50487894e-01
   5.27529493e-02  7.50269964e-02 -7.49152154e-02 -1.24948593e-02
   1.02407008e-01  6.27478734e-02 -1.55650035e-01  4.08187583e-02
   4.77130413e-02 -1.03762105e-01 -1.81237981e-02 -3.33725624e-02
   1.02213398e-01 -3.10242698e-02  3.85807119e-02 -1.09157749e-01
  -4.53115776e-02 -8.50220099e-02  4.31260280e-02 -1.68286860e-02
  -9.81309172e-03 -1.04851089e-01 -4.49129827e-02  8.55332837e-02
  -2.13323906e-03 -5.69196045e-02 -3.17327082e-02  7.48957098e-02
   1.54897168e-01  1.49177406e-02  6.01576455e-02 -2.69693658e-02
   1.96874559e-01 -1.19956389e-01  8.26501399e-02 -6.24914700e-03
   6.65972242e-03  1.75914411e-02 -3.47842239e-02  8.59889239e-02
  -5.53288460e-02  1.61481574e-01  5.68957590e-02 -1.36328697e-01
  -7.50896260e-02 -4.68421727e-02 -1.25333562e-01 -4.62716185e-02
  -7.51455352e-02 -6.80217743e-02  1.22384265e-01  7.21955150e-02
  -4.91915084e-02 -2.93385889e-02  6.69390783e-02 -1.30371630e-01
   6.01973906e-02  6.43141568e-02 -6.32110462e-02 -1.63035288e-01
  -7.05705583e-02 -9.00710449e-02 -5.34147490e-03 -3.72543968e-02
  -7.49220252e-02  1.07858874e-01 -9.10684243e-02 -7.05767870e-02
   2.63306219e-02 -9.11964178e-02  1.26573727e-01  1.14936955e-01
   1.01051651e-01 -3.81704755e-02  1.71854403e-02 -7.01260418e-02
   2.53385454e-01  3.73775959e-02 -1.43018872e-01 -6.32657558e-02
  -2.72881780e-02 -4.61728163e-02 -4.87381071e-02  1.81635931e-01
   1.94453467e-02 -1.31034479e-01 -1.03828631e-01 -9.85038429e-02
   1.97666809e-01 -4.27034795e-02 -1.48439994e-02 -2.19780039e-02
  -6.97221458e-02 -1.10986028e-02  3.98349110e-03 -4.22097892e-02
   1.16927121e-02  4.46644984e-02 -8.76825377e-02  5.21705598e-02
   2.99691502e-02 -5.35015538e-02 -6.78100511e-02 -9.80071574e-02
  -5.87130189e-02  8.02872106e-02 -1.69580374e-02 -6.23625480e-02
   2.00863242e-01  2.89946850e-02  1.06156856e-01 -1.34946480e-01
   7.93899670e-02 -5.75259270e-04 -7.32152313e-02 -1.35084793e-01
  -1.36467636e-01 -2.37242617e-02  5.56072779e-02  7.53641427e-02
  -2.79433392e-02  1.95675083e-02 -2.33120639e-02 -9.28656533e-02]
 [ 1.79844245e-01 -8.94749761e-02 -1.36833519e-01 -1.08990721e-01
   1.18183857e-02  4.60145548e-02  1.61980260e-02 -9.78500955e-03
   4.53549214e-02 -4.40811031e-02 -5.63212596e-02 -9.07036737e-02
  -5.70249408e-02  2.06383333e-01 -1.07056461e-01 -2.32304931e-02
   1.34646878e-01  5.83106279e-02 -3.72938514e-02  3.03530004e-02
   4.12050970e-02  2.07342744e-01 -8.70074406e-02  9.46662948e-02
   1.36779666e-01 -5.51439375e-02 -6.25580996e-02  1.40742958e-01
   1.02230078e-02 -6.93581402e-02 -7.19404668e-02  4.45510596e-02
   1.32738829e-01 -1.61088668e-02  6.73389137e-02  7.90940374e-02
   8.56515095e-02 -5.91612086e-02  1.75107569e-01 -6.24183230e-02
  -3.94323952e-02 -4.99167889e-02 -1.12637386e-01  8.64457339e-02
  -6.15839241e-03 -7.66500980e-02  2.60096602e-02 -9.02096778e-02
  -5.26199304e-02  2.25679595e-02 -8.74374136e-02  1.37160599e-01
   2.25485906e-01  4.09774780e-02  1.67059287e-01  1.36878014e-01
  -9.82617140e-02 -2.29150243e-02  6.11588955e-02 -7.97382593e-02
   5.39323241e-02  2.96891667e-02  2.42072299e-01 -3.58267948e-02
  -4.68387976e-02  2.48345435e-01  1.80304628e-02 -6.06701970e-02
  -3.07369959e-02  1.05134705e-02 -3.62863866e-05 -4.39694077e-02
   4.98778594e-04 -8.12276378e-02  1.55379996e-01  5.89438193e-02
  -2.98099983e-02 -5.59063330e-02  6.85096830e-02 -3.80571112e-02
  -2.44955439e-02 -7.30348080e-02 -9.21526924e-02  1.08527638e-01
   2.51618605e-02 -4.26322557e-02  8.27095285e-02  1.43198401e-01
   7.04929680e-02 -7.39061832e-02  1.07850946e-01  1.82241470e-01
   1.95188895e-01 -4.79859747e-02  1.05635263e-01  8.12793989e-03
   5.60089089e-02 -5.97025342e-02 -9.55256000e-02  4.82994206e-02
   5.34759015e-02  2.84017902e-02  1.58860558e-03  6.58230260e-02
  -4.63212505e-02 -3.37802470e-02  1.41333817e-02 -1.76682658e-02
  -8.54743943e-02  6.98155910e-02 -4.32279184e-02  3.00174095e-02
   1.03645891e-01  8.12175050e-02 -3.88597734e-02  3.36570553e-02
  -6.60319701e-02 -5.74512929e-02 -2.74716336e-02  6.13249689e-02
  -4.33300063e-02 -4.68036495e-02 -2.19679754e-02 -8.45839903e-02
   1.90347508e-02 -3.17027681e-02  9.53897312e-02  8.57021436e-02]]
[[ 1.40024528e-01 -7.33852610e-02 -1.03472576e-01 -2.50487894e-01
   5.27529493e-02  7.50269964e-02 -7.49152154e-02 -1.24948593e-02
   1.02407008e-01  6.27478734e-02 -1.55650035e-01  4.08187583e-02
   4.77130413e-02 -1.03762105e-01 -1.81237981e-02 -3.33725624e-02
   1.02213398e-01 -3.10242698e-02  3.85807119e-02 -1.09157749e-01
  -4.53115776e-02 -8.50220099e-02  4.31260280e-02 -1.68286860e-02
  -9.81309172e-03 -1.04851089e-01 -4.49129827e-02  8.55332837e-02
  -2.13323906e-03 -5.69196045e-02 -3.17327082e-02  7.48957098e-02
   1.54897168e-01  1.49177406e-02  6.01576455e-02 -2.69693658e-02
   1.96874559e-01 -1.19956389e-01  8.26501399e-02 -6.24914700e-03
   6.65972242e-03  1.75914411e-02 -3.47842239e-02  8.59889239e-02
  -5.53288460e-02  1.61481574e-01  5.68957590e-02 -1.36328697e-01
  -7.50896260e-02 -4.68421727e-02 -1.25333562e-01 -4.62716185e-02
  -7.51455352e-02 -6.80217743e-02  1.22384265e-01  7.21955150e-02
  -4.91915084e-02 -2.93385889e-02  6.69390783e-02 -1.30371630e-01
   6.01973906e-02  6.43141568e-02 -6.32110462e-02 -1.63035288e-01
  -7.05705583e-02 -9.00710449e-02 -5.34147490e-03 -3.72543968e-02
  -7.49220252e-02  1.07858874e-01 -9.10684243e-02 -7.05767870e-02
   2.63306219e-02 -9.11964178e-02  1.26573727e-01  1.14936955e-01
   1.01051651e-01 -3.81704755e-02  1.71854403e-02 -7.01260418e-02
   2.53385454e-01  3.73775959e-02 -1.43018872e-01 -6.32657558e-02
  -2.72881780e-02 -4.61728163e-02 -4.87381071e-02  1.81635931e-01
   1.94453467e-02 -1.31034479e-01 -1.03828631e-01 -9.85038429e-02
   1.97666809e-01 -4.27034795e-02 -1.48439994e-02 -2.19780039e-02
  -6.97221458e-02 -1.10986028e-02  3.98349110e-03 -4.22097892e-02
   1.16927121e-02  4.46644984e-02 -8.76825377e-02  5.21705598e-02
   2.99691502e-02 -5.35015538e-02 -6.78100511e-02 -9.80071574e-02
  -5.87130189e-02  8.02872106e-02 -1.69580374e-02 -6.23625480e-02
   2.00863242e-01  2.89946850e-02  1.06156856e-01 -1.34946480e-01
   7.93899670e-02 -5.75259270e-04 -7.32152313e-02 -1.35084793e-01
  -1.36467636e-01 -2.37242617e-02  5.56072779e-02  7.53641427e-02
  -2.79433392e-02  1.95675083e-02 -2.33120639e-02 -9.28656533e-02]
 [ 1.79844245e-01 -8.94749761e-02 -1.36833519e-01 -1.08990721e-01
   1.18183857e-02  4.60145548e-02  1.61980260e-02 -9.78500955e-03
   4.53549214e-02 -4.40811031e-02 -5.63212596e-02 -9.07036737e-02
  -5.70249408e-02  2.06383333e-01 -1.07056461e-01 -2.32304931e-02
   1.34646878e-01  5.83106279e-02 -3.72938514e-02  3.03530004e-02
   4.12050970e-02  2.07342744e-01 -8.70074406e-02  9.46662948e-02
   1.36779666e-01 -5.51439375e-02 -6.25580996e-02  1.40742958e-01
   1.02230078e-02 -6.93581402e-02 -7.19404668e-02  4.45510596e-02
   1.32738829e-01 -1.61088668e-02  6.73389137e-02  7.90940374e-02
   8.56515095e-02 -5.91612086e-02  1.75107569e-01 -6.24183230e-02
  -3.94323952e-02 -4.99167889e-02 -1.12637386e-01  8.64457339e-02
  -6.15839241e-03 -7.66500980e-02  2.60096602e-02 -9.02096778e-02
  -5.26199304e-02  2.25679595e-02 -8.74374136e-02  1.37160599e-01
   2.25485906e-01  4.09774780e-02  1.67059287e-01  1.36878014e-01
  -9.82617140e-02 -2.29150243e-02  6.11588955e-02 -7.97382593e-02
   5.39323241e-02  2.96891667e-02  2.42072299e-01 -3.58267948e-02
  -4.68387976e-02  2.48345435e-01  1.80304628e-02 -6.06701970e-02
  -3.07369959e-02  1.05134705e-02 -3.62863866e-05 -4.39694077e-02
   4.98778594e-04 -8.12276378e-02  1.55379996e-01  5.89438193e-02
  -2.98099983e-02 -5.59063330e-02  6.85096830e-02 -3.80571112e-02
  -2.44955439e-02 -7.30348080e-02 -9.21526924e-02  1.08527638e-01
   2.51618605e-02 -4.26322557e-02  8.27095285e-02  1.43198401e-01
   7.04929680e-02 -7.39061832e-02  1.07850946e-01  1.82241470e-01
   1.95188895e-01 -4.79859747e-02  1.05635263e-01  8.12793989e-03
   5.60089089e-02 -5.97025342e-02 -9.55256000e-02  4.82994206e-02
   5.34759015e-02  2.84017902e-02  1.58860558e-03  6.58230260e-02
  -4.63212505e-02 -3.37802470e-02  1.41333817e-02 -1.76682658e-02
  -8.54743943e-02  6.98155910e-02 -4.32279184e-02  3.00174095e-02
   1.03645891e-01  8.12175050e-02 -3.88597734e-02  3.36570553e-02
  -6.60319701e-02 -5.74512929e-02 -2.74716336e-02  6.13249689e-02
  -4.33300063e-02 -4.68036495e-02 -2.19679754e-02 -8.45839903e-02
   1.90347508e-02 -3.17027681e-02  9.53897312e-02  8.57021436e-02]]
[[ 1.40024528e-01 -7.33852610e-02 -1.03472576e-01 -2.50487894e-01
   5.27529493e-02  7.50269964e-02 -7.49152154e-02 -1.24948593e-02
   1.02407008e-01  6.27478734e-02 -1.55650035e-01  4.08187583e-02
   4.77130413e-02 -1.03762105e-01 -1.81237981e-02 -3.33725624e-02
   1.02213398e-01 -3.10242698e-02  3.85807119e-02 -1.09157749e-01
  -4.53115776e-02 -8.50220099e-02  4.31260280e-02 -1.68286860e-02
  -9.81309172e-03 -1.04851089e-01 -4.49129827e-02  8.55332837e-02
  -2.13323906e-03 -5.69196045e-02 -3.17327082e-02  7.48957098e-02
   1.54897168e-01  1.49177406e-02  6.01576455e-02 -2.69693658e-02
   1.96874559e-01 -1.19956389e-01  8.26501399e-02 -6.24914700e-03
   6.65972242e-03  1.75914411e-02 -3.47842239e-02  8.59889239e-02
  -5.53288460e-02  1.61481574e-01  5.68957590e-02 -1.36328697e-01
  -7.50896260e-02 -4.68421727e-02 -1.25333562e-01 -4.62716185e-02
  -7.51455352e-02 -6.80217743e-02  1.22384265e-01  7.21955150e-02
  -4.91915084e-02 -2.93385889e-02  6.69390783e-02 -1.30371630e-01
   6.01973906e-02  6.43141568e-02 -6.32110462e-02 -1.63035288e-01
  -7.05705583e-02 -9.00710449e-02 -5.34147490e-03 -3.72543968e-02
  -7.49220252e-02  1.07858874e-01 -9.10684243e-02 -7.05767870e-02
   2.63306219e-02 -9.11964178e-02  1.26573727e-01  1.14936955e-01
   1.01051651e-01 -3.81704755e-02  1.71854403e-02 -7.01260418e-02
   2.53385454e-01  3.73775959e-02 -1.43018872e-01 -6.32657558e-02
  -2.72881780e-02 -4.61728163e-02 -4.87381071e-02  1.81635931e-01
   1.94453467e-02 -1.31034479e-01 -1.03828631e-01 -9.85038429e-02
   1.97666809e-01 -4.27034795e-02 -1.48439994e-02 -2.19780039e-02
  -6.97221458e-02 -1.10986028e-02  3.98349110e-03 -4.22097892e-02
   1.16927121e-02  4.46644984e-02 -8.76825377e-02  5.21705598e-02
   2.99691502e-02 -5.35015538e-02 -6.78100511e-02 -9.80071574e-02
  -5.87130189e-02  8.02872106e-02 -1.69580374e-02 -6.23625480e-02
   2.00863242e-01  2.89946850e-02  1.06156856e-01 -1.34946480e-01
   7.93899670e-02 -5.75259270e-04 -7.32152313e-02 -1.35084793e-01
  -1.36467636e-01 -2.37242617e-02  5.56072779e-02  7.53641427e-02
  -2.79433392e-02  1.95675083e-02 -2.33120639e-02 -9.28656533e-02]
 [ 1.79844245e-01 -8.94749761e-02 -1.36833519e-01 -1.08990721e-01
   1.18183857e-02  4.60145548e-02  1.61980260e-02 -9.78500955e-03
   4.53549214e-02 -4.40811031e-02 -5.63212596e-02 -9.07036737e-02
  -5.70249408e-02  2.06383333e-01 -1.07056461e-01 -2.32304931e-02
   1.34646878e-01  5.83106279e-02 -3.72938514e-02  3.03530004e-02
   4.12050970e-02  2.07342744e-01 -8.70074406e-02  9.46662948e-02
   1.36779666e-01 -5.51439375e-02 -6.25580996e-02  1.40742958e-01
   1.02230078e-02 -6.93581402e-02 -7.19404668e-02  4.45510596e-02
   1.32738829e-01 -1.61088668e-02  6.73389137e-02  7.90940374e-02
   8.56515095e-02 -5.91612086e-02  1.75107569e-01 -6.24183230e-02
  -3.94323952e-02 -4.99167889e-02 -1.12637386e-01  8.64457339e-02
  -6.15839241e-03 -7.66500980e-02  2.60096602e-02 -9.02096778e-02
  -5.26199304e-02  2.25679595e-02 -8.74374136e-02  1.37160599e-01
   2.25485906e-01  4.09774780e-02  1.67059287e-01  1.36878014e-01
  -9.82617140e-02 -2.29150243e-02  6.11588955e-02 -7.97382593e-02
   5.39323241e-02  2.96891667e-02  2.42072299e-01 -3.58267948e-02
  -4.68387976e-02  2.48345435e-01  1.80304628e-02 -6.06701970e-02
  -3.07369959e-02  1.05134705e-02 -3.62863866e-05 -4.39694077e-02
   4.98778594e-04 -8.12276378e-02  1.55379996e-01  5.89438193e-02
  -2.98099983e-02 -5.59063330e-02  6.85096830e-02 -3.80571112e-02
  -2.44955439e-02 -7.30348080e-02 -9.21526924e-02  1.08527638e-01
   2.51618605e-02 -4.26322557e-02  8.27095285e-02  1.43198401e-01
   7.04929680e-02 -7.39061832e-02  1.07850946e-01  1.82241470e-01
   1.95188895e-01 -4.79859747e-02  1.05635263e-01  8.12793989e-03
   5.60089089e-02 -5.97025342e-02 -9.55256000e-02  4.82994206e-02
   5.34759015e-02  2.84017902e-02  1.58860558e-03  6.58230260e-02
  -4.63212505e-02 -3.37802470e-02  1.41333817e-02 -1.76682658e-02
  -8.54743943e-02  6.98155910e-02 -4.32279184e-02  3.00174095e-02
   1.03645891e-01  8.12175050e-02 -3.88597734e-02  3.36570553e-02
  -6.60319701e-02 -5.74512929e-02 -2.74716336e-02  6.13249689e-02
  -4.33300063e-02 -4.68036495e-02 -2.19679754e-02 -8.45839903e-02
   1.90347508e-02 -3.17027681e-02  9.53897312e-02  8.57021436e-02]]
