[[ 2.13066772e-01 -7.57196993e-02 -1.65727466e-01 -1.45028546e-01
   4.82324772e-02  1.07164316e-01 -5.64104840e-02 -5.25000356e-02
   6.90477192e-02  1.68907493e-02 -1.56170532e-01  6.24638312e-02
   1.86543092e-02 -5.28473258e-02 -2.76301373e-02  7.01975217e-03
   2.95924079e-02 -6.48681447e-02  5.26188500e-02  3.26802395e-02
  -9.28857327e-02 -7.53373131e-02 -5.29706553e-02 -5.24269119e-02
  -1.30255222e-01 -5.78120388e-02  3.15543078e-02  1.11046068e-01
   2.74314582e-02 -1.21962495e-01 -5.00147091e-03  1.78087234e-01
  -2.12486237e-02 -2.13759262e-02  9.57642049e-02  1.02867201e-01
   1.11139230e-01 -1.21144205e-01  1.19097568e-02 -1.15073718e-01
   6.68122619e-03  2.65452787e-02 -4.62072082e-02  1.22611836e-01
  -5.31017520e-02  9.20237228e-02  1.00695126e-01 -9.27972943e-02
  -3.10434289e-02 -1.21930726e-01 -1.87734097e-01 -5.70840500e-02
  -8.09002742e-02 -6.74634427e-02  7.15824515e-02  1.12542033e-01
  -1.31971568e-01 -4.19555791e-02  1.68261126e-01 -6.48522526e-02
   1.16518803e-01  1.06387034e-01 -8.61374140e-02 -1.56325728e-01
   9.13207419e-03 -9.48835164e-02  2.47170608e-02 -4.16598506e-02
  -7.92643726e-02  6.63767308e-02 -8.89768824e-02 -9.90608186e-02
  -6.91216672e-03 -5.84986955e-02  6.28528520e-02  9.24435556e-02
  -3.05148922e-02 -5.86152077e-02 -2.22895201e-03 -1.13504134e-01
   6.67199567e-02 -4.06759046e-03 -1.43245175e-01  6.13871925e-02
  -9.87860709e-02 -8.75790194e-02  2.93441620e-02  9.15594473e-02
   4.06762362e-02 -9.70768332e-02 -5.56907095e-02 -4.53713126e-02
   1.11287102e-01 -1.34301139e-02  2.86057089e-02 -1.60175264e-01
  -7.74802268e-02 -5.58201261e-02 -8.73784423e-02  4.45866538e-03
   1.17237523e-01  1.50193632e-01 -9.67116207e-02  2.40982119e-02
  -3.39674801e-02 -5.75364269e-02 -5.08509949e-02 -1.74109027e-01
  -1.93231646e-02  1.45478838e-03 -9.03500170e-02 -8.00708532e-02
   7.37893730e-02  1.39050810e-02 -5.97620197e-02 -1.45761296e-01
   1.98328122e-01  6.39702156e-02 -3.21837771e-03 -1.19692720e-01
  -1.26894727e-01 -8.15948769e-02 -8.32905993e-02  2.50586905e-02
  -6.58681244e-02 -3.87503579e-02  6.13641106e-02 -7.47872069e-02]
 [ 8.42911601e-02 -8.54301825e-02 -1.31045058e-01 -1.07464485e-01
  -2.39374079e-02  2.95527149e-02  2.56621130e-02 -3.58550176e-02
   5.96086271e-02 -2.83223819e-02 -5.38989864e-02 -7.16360062e-02
   5.54895401e-02  1.86979234e-01 -9.11244750e-02 -3.61938477e-02
   4.84868959e-02  3.57274450e-02 -1.21026570e-02  3.97315063e-02
   1.47450238e-01  1.99200213e-01 -6.58559948e-02  9.00414363e-02
   1.51501939e-01 -5.33462986e-02 -3.13010179e-02  9.25101265e-02
   7.17794430e-03 -5.54455966e-02 -6.93463013e-02  4.97159213e-02
   1.03928618e-01 -3.81849036e-02  3.84714343e-02  9.68856663e-02
   8.88204649e-02 -6.03758320e-02  2.14224279e-01 -6.40823096e-02
  -8.18947181e-02 -1.33396396e-02 -7.78416693e-02  1.69619709e-01
   4.70568202e-02 -6.34659007e-02  5.43370247e-02 -6.78832531e-02
  -3.75020579e-02 -1.63368434e-02 -7.98651353e-02  1.26895472e-01
   2.60718971e-01 -3.29637788e-02  1.28149047e-01  1.55603394e-01
  -7.10743815e-02 -5.15671484e-02  4.39579971e-02 -9.00626332e-02
   7.23409653e-02  1.05540283e-01  2.36747444e-01 -4.03605066e-02
  -6.36523962e-02  1.35226175e-01 -8.43438972e-03 -5.54954149e-02
  -1.92173838e-03  1.50843680e-01 -9.88852605e-03 -5.04733399e-02
   4.89614159e-02 -7.99074844e-02  1.16705224e-01  1.17284944e-05
   3.98164578e-02 -4.89095114e-02  2.42434125e-02 -4.06199545e-02
   4.67406679e-03 -9.54491869e-02 -8.84677395e-02  1.42217174e-01
   1.13244601e-01 -9.57477614e-02  8.83137360e-02  1.29339382e-01
   5.16623678e-03 -9.17970389e-02 -1.02661625e-02  2.32735232e-01
   1.42296210e-01 -7.81800002e-02  1.10673256e-01  5.53549789e-02
   1.28916800e-01 -8.56087729e-03 -8.64433497e-02  4.99624759e-02
   1.01814400e-02  1.34551420e-03  3.45212370e-02  4.31966111e-02
  -2.89429389e-02  1.47153554e-03 -2.73100589e-03  5.19330800e-03
  -8.01603496e-02  7.33861327e-02 -1.14063025e-02  9.35532749e-02
   1.72829837e-01  8.78867880e-02 -4.99309190e-02  5.13577163e-02
  -6.99119195e-02  3.14877592e-02 -1.24689946e-02  2.81011853e-02
  -4.36528660e-02 -4.27797250e-02  3.12698376e-03 -8.06272998e-02
   2.95323748e-02 -4.23593931e-02  1.44088522e-01  2.04440802e-02]]
[[ 2.13066772e-01 -7.57196993e-02 -1.65727466e-01 -1.45028546e-01
   4.82324772e-02  1.07164316e-01 -5.64104840e-02 -5.25000356e-02
   6.90477192e-02  1.68907493e-02 -1.56170532e-01  6.24638312e-02
   1.86543092e-02 -5.28473258e-02 -2.76301373e-02  7.01975217e-03
   2.95924079e-02 -6.48681447e-02  5.26188500e-02  3.26802395e-02
  -9.28857327e-02 -7.53373131e-02 -5.29706553e-02 -5.24269119e-02
  -1.30255222e-01 -5.78120388e-02  3.15543078e-02  1.11046068e-01
   2.74314582e-02 -1.21962495e-01 -5.00147091e-03  1.78087234e-01
  -2.12486237e-02 -2.13759262e-02  9.57642049e-02  1.02867201e-01
   1.11139230e-01 -1.21144205e-01  1.19097568e-02 -1.15073718e-01
   6.68122619e-03  2.65452787e-02 -4.62072082e-02  1.22611836e-01
  -5.31017520e-02  9.20237228e-02  1.00695126e-01 -9.27972943e-02
  -3.10434289e-02 -1.21930726e-01 -1.87734097e-01 -5.70840500e-02
  -8.09002742e-02 -6.74634427e-02  7.15824515e-02  1.12542033e-01
  -1.31971568e-01 -4.19555791e-02  1.68261126e-01 -6.48522526e-02
   1.16518803e-01  1.06387034e-01 -8.61374140e-02 -1.56325728e-01
   9.13207419e-03 -9.48835164e-02  2.47170608e-02 -4.16598506e-02
  -7.92643726e-02  6.63767308e-02 -8.89768824e-02 -9.90608186e-02
  -6.91216672e-03 -5.84986955e-02  6.28528520e-02  9.24435556e-02
  -3.05148922e-02 -5.86152077e-02 -2.22895201e-03 -1.13504134e-01
   6.67199567e-02 -4.06759046e-03 -1.43245175e-01  6.13871925e-02
  -9.87860709e-02 -8.75790194e-02  2.93441620e-02  9.15594473e-02
   4.06762362e-02 -9.70768332e-02 -5.56907095e-02 -4.53713126e-02
   1.11287102e-01 -1.34301139e-02  2.86057089e-02 -1.60175264e-01
  -7.74802268e-02 -5.58201261e-02 -8.73784423e-02  4.45866538e-03
   1.17237523e-01  1.50193632e-01 -9.67116207e-02  2.40982119e-02
  -3.39674801e-02 -5.75364269e-02 -5.08509949e-02 -1.74109027e-01
  -1.93231646e-02  1.45478838e-03 -9.03500170e-02 -8.00708532e-02
   7.37893730e-02  1.39050810e-02 -5.97620197e-02 -1.45761296e-01
   1.98328122e-01  6.39702156e-02 -3.21837771e-03 -1.19692720e-01
  -1.26894727e-01 -8.15948769e-02 -8.32905993e-02  2.50586905e-02
  -6.58681244e-02 -3.87503579e-02  6.13641106e-02 -7.47872069e-02]
 [ 8.42911601e-02 -8.54301825e-02 -1.31045058e-01 -1.07464485e-01
  -2.39374079e-02  2.95527149e-02  2.56621130e-02 -3.58550176e-02
   5.96086271e-02 -2.83223819e-02 -5.38989864e-02 -7.16360062e-02
   5.54895401e-02  1.86979234e-01 -9.11244750e-02 -3.61938477e-02
   4.84868959e-02  3.57274450e-02 -1.21026570e-02  3.97315063e-02
   1.47450238e-01  1.99200213e-01 -6.58559948e-02  9.00414363e-02
   1.51501939e-01 -5.33462986e-02 -3.13010179e-02  9.25101265e-02
   7.17794430e-03 -5.54455966e-02 -6.93463013e-02  4.97159213e-02
   1.03928618e-01 -3.81849036e-02  3.84714343e-02  9.68856663e-02
   8.88204649e-02 -6.03758320e-02  2.14224279e-01 -6.40823096e-02
  -8.18947181e-02 -1.33396396e-02 -7.78416693e-02  1.69619709e-01
   4.70568202e-02 -6.34659007e-02  5.43370247e-02 -6.78832531e-02
  -3.75020579e-02 -1.63368434e-02 -7.98651353e-02  1.26895472e-01
   2.60718971e-01 -3.29637788e-02  1.28149047e-01  1.55603394e-01
  -7.10743815e-02 -5.15671484e-02  4.39579971e-02 -9.00626332e-02
   7.23409653e-02  1.05540283e-01  2.36747444e-01 -4.03605066e-02
  -6.36523962e-02  1.35226175e-01 -8.43438972e-03 -5.54954149e-02
  -1.92173838e-03  1.50843680e-01 -9.88852605e-03 -5.04733399e-02
   4.89614159e-02 -7.99074844e-02  1.16705224e-01  1.17284944e-05
   3.98164578e-02 -4.89095114e-02  2.42434125e-02 -4.06199545e-02
   4.67406679e-03 -9.54491869e-02 -8.84677395e-02  1.42217174e-01
   1.13244601e-01 -9.57477614e-02  8.83137360e-02  1.29339382e-01
   5.16623678e-03 -9.17970389e-02 -1.02661625e-02  2.32735232e-01
   1.42296210e-01 -7.81800002e-02  1.10673256e-01  5.53549789e-02
   1.28916800e-01 -8.56087729e-03 -8.64433497e-02  4.99624759e-02
   1.01814400e-02  1.34551420e-03  3.45212370e-02  4.31966111e-02
  -2.89429389e-02  1.47153554e-03 -2.73100589e-03  5.19330800e-03
  -8.01603496e-02  7.33861327e-02 -1.14063025e-02  9.35532749e-02
   1.72829837e-01  8.78867880e-02 -4.99309190e-02  5.13577163e-02
  -6.99119195e-02  3.14877592e-02 -1.24689946e-02  2.81011853e-02
  -4.36528660e-02 -4.27797250e-02  3.12698376e-03 -8.06272998e-02
   2.95323748e-02 -4.23593931e-02  1.44088522e-01  2.04440802e-02]]
[[ 2.13066772e-01 -7.57196993e-02 -1.65727466e-01 -1.45028546e-01
   4.82324772e-02  1.07164316e-01 -5.64104840e-02 -5.25000356e-02
   6.90477192e-02  1.68907493e-02 -1.56170532e-01  6.24638312e-02
   1.86543092e-02 -5.28473258e-02 -2.76301373e-02  7.01975217e-03
   2.95924079e-02 -6.48681447e-02  5.26188500e-02  3.26802395e-02
  -9.28857327e-02 -7.53373131e-02 -5.29706553e-02 -5.24269119e-02
  -1.30255222e-01 -5.78120388e-02  3.15543078e-02  1.11046068e-01
   2.74314582e-02 -1.21962495e-01 -5.00147091e-03  1.78087234e-01
  -2.12486237e-02 -2.13759262e-02  9.57642049e-02  1.02867201e-01
   1.11139230e-01 -1.21144205e-01  1.19097568e-02 -1.15073718e-01
   6.68122619e-03  2.65452787e-02 -4.62072082e-02  1.22611836e-01
  -5.31017520e-02  9.20237228e-02  1.00695126e-01 -9.27972943e-02
  -3.10434289e-02 -1.21930726e-01 -1.87734097e-01 -5.70840500e-02
  -8.09002742e-02 -6.74634427e-02  7.15824515e-02  1.12542033e-01
  -1.31971568e-01 -4.19555791e-02  1.68261126e-01 -6.48522526e-02
   1.16518803e-01  1.06387034e-01 -8.61374140e-02 -1.56325728e-01
   9.13207419e-03 -9.48835164e-02  2.47170608e-02 -4.16598506e-02
  -7.92643726e-02  6.63767308e-02 -8.89768824e-02 -9.90608186e-02
  -6.91216672e-03 -5.84986955e-02  6.28528520e-02  9.24435556e-02
  -3.05148922e-02 -5.86152077e-02 -2.22895201e-03 -1.13504134e-01
   6.67199567e-02 -4.06759046e-03 -1.43245175e-01  6.13871925e-02
  -9.87860709e-02 -8.75790194e-02  2.93441620e-02  9.15594473e-02
   4.06762362e-02 -9.70768332e-02 -5.56907095e-02 -4.53713126e-02
   1.11287102e-01 -1.34301139e-02  2.86057089e-02 -1.60175264e-01
  -7.74802268e-02 -5.58201261e-02 -8.73784423e-02  4.45866538e-03
   1.17237523e-01  1.50193632e-01 -9.67116207e-02  2.40982119e-02
  -3.39674801e-02 -5.75364269e-02 -5.08509949e-02 -1.74109027e-01
  -1.93231646e-02  1.45478838e-03 -9.03500170e-02 -8.00708532e-02
   7.37893730e-02  1.39050810e-02 -5.97620197e-02 -1.45761296e-01
   1.98328122e-01  6.39702156e-02 -3.21837771e-03 -1.19692720e-01
  -1.26894727e-01 -8.15948769e-02 -8.32905993e-02  2.50586905e-02
  -6.58681244e-02 -3.87503579e-02  6.13641106e-02 -7.47872069e-02]
 [ 8.42911601e-02 -8.54301825e-02 -1.31045058e-01 -1.07464485e-01
  -2.39374079e-02  2.95527149e-02  2.56621130e-02 -3.58550176e-02
   5.96086271e-02 -2.83223819e-02 -5.38989864e-02 -7.16360062e-02
   5.54895401e-02  1.86979234e-01 -9.11244750e-02 -3.61938477e-02
   4.84868959e-02  3.57274450e-02 -1.21026570e-02  3.97315063e-02
   1.47450238e-01  1.99200213e-01 -6.58559948e-02  9.00414363e-02
   1.51501939e-01 -5.33462986e-02 -3.13010179e-02  9.25101265e-02
   7.17794430e-03 -5.54455966e-02 -6.93463013e-02  4.97159213e-02
   1.03928618e-01 -3.81849036e-02  3.84714343e-02  9.68856663e-02
   8.88204649e-02 -6.03758320e-02  2.14224279e-01 -6.40823096e-02
  -8.18947181e-02 -1.33396396e-02 -7.78416693e-02  1.69619709e-01
   4.70568202e-02 -6.34659007e-02  5.43370247e-02 -6.78832531e-02
  -3.75020579e-02 -1.63368434e-02 -7.98651353e-02  1.26895472e-01
   2.60718971e-01 -3.29637788e-02  1.28149047e-01  1.55603394e-01
  -7.10743815e-02 -5.15671484e-02  4.39579971e-02 -9.00626332e-02
   7.23409653e-02  1.05540283e-01  2.36747444e-01 -4.03605066e-02
  -6.36523962e-02  1.35226175e-01 -8.43438972e-03 -5.54954149e-02
  -1.92173838e-03  1.50843680e-01 -9.88852605e-03 -5.04733399e-02
   4.89614159e-02 -7.99074844e-02  1.16705224e-01  1.17284944e-05
   3.98164578e-02 -4.89095114e-02  2.42434125e-02 -4.06199545e-02
   4.67406679e-03 -9.54491869e-02 -8.84677395e-02  1.42217174e-01
   1.13244601e-01 -9.57477614e-02  8.83137360e-02  1.29339382e-01
   5.16623678e-03 -9.17970389e-02 -1.02661625e-02  2.32735232e-01
   1.42296210e-01 -7.81800002e-02  1.10673256e-01  5.53549789e-02
   1.28916800e-01 -8.56087729e-03 -8.64433497e-02  4.99624759e-02
   1.01814400e-02  1.34551420e-03  3.45212370e-02  4.31966111e-02
  -2.89429389e-02  1.47153554e-03 -2.73100589e-03  5.19330800e-03
  -8.01603496e-02  7.33861327e-02 -1.14063025e-02  9.35532749e-02
   1.72829837e-01  8.78867880e-02 -4.99309190e-02  5.13577163e-02
  -6.99119195e-02  3.14877592e-02 -1.24689946e-02  2.81011853e-02
  -4.36528660e-02 -4.27797250e-02  3.12698376e-03 -8.06272998e-02
   2.95323748e-02 -4.23593931e-02  1.44088522e-01  2.04440802e-02]]
