[[ 1.97739318e-01 -1.02106653e-01 -1.20768316e-01 -6.85124770e-02
   2.31563896e-02  1.48202613e-01  5.01581095e-02 -7.61376880e-03
   1.46425650e-01 -6.31904155e-02 -2.36841198e-02 -5.99652231e-02
  -9.01657119e-02  1.93346381e-01 -1.24430999e-01 -1.04393087e-01
   1.78223401e-01  5.32799661e-02 -1.04341153e-02  2.20903521e-03
   7.29637686e-04  1.45075530e-01 -5.25709428e-02 -2.32308898e-02
   2.29368303e-02 -5.85264643e-04 -7.82533735e-02  2.26784110e-01
   2.14070342e-02 -7.95539618e-02 -8.67330357e-02  2.72341948e-02
  -1.34175469e-04  1.26195299e-02  1.34471163e-01  9.18779746e-02
   1.08398490e-01 -8.21259469e-02  3.14846262e-02 -5.57773374e-02
  -1.27681252e-02 -7.39300624e-02 -1.02265596e-01  1.47516921e-01
   1.88449826e-02 -4.71555963e-02  1.24267710e-04 -9.31408033e-02
  -2.10369751e-02 -4.60150838e-02 -8.83714706e-02  3.36028412e-02
   1.28327429e-01  5.68723902e-02  1.90658644e-01  2.15050131e-02
  -1.35222495e-01 -2.92248707e-02  4.09888476e-02 -6.18384480e-02
   8.22745729e-03 -4.87371273e-02  1.56920031e-01  2.62320433e-02
  -6.78613335e-02  1.84730947e-01  3.07983756e-02 -8.01981166e-02
  -2.34991107e-02 -5.10701016e-02  8.10827389e-02 -3.82320881e-02
  -4.00603283e-04 -7.01923445e-02  1.62588805e-01  5.63723184e-02
  -8.48823711e-02 -7.17480406e-02 -9.37843288e-04  2.85781189e-05
  -3.83273289e-02 -1.04564920e-01 -9.98421162e-02  1.73585162e-01
  -4.04059812e-02  2.41035540e-02  1.30075410e-01  1.07972816e-01
   9.38028470e-02 -1.06891066e-01  9.64401141e-02  1.41389340e-01
   2.35054061e-01 -3.02387569e-02  1.02142110e-01 -6.46391360e-04
   8.46894830e-02 -7.50244930e-02 -7.24419132e-02  2.66699046e-02
   9.13793370e-02 -5.49649820e-02 -3.01525462e-02  6.82770684e-02
   1.52004315e-02  2.88658752e-03  1.76251605e-02 -6.50091246e-02
  -1.05820976e-01  9.59981680e-02  1.34466274e-04  4.71179187e-02
   4.80605774e-02  2.04870164e-01 -5.81983812e-02  3.00539155e-02
  -6.06498942e-02 -8.74939784e-02 -1.99579019e-02  3.38096097e-02
  -4.36954685e-02 -6.95762038e-02 -5.80516644e-03 -9.47818309e-02
  -1.53097874e-02 -4.00731452e-02 -1.25480974e-02  8.77898633e-02]]
[[ 1.97739318e-01 -1.02106653e-01 -1.20768316e-01 -6.85124770e-02
   2.31563896e-02  1.48202613e-01  5.01581095e-02 -7.61376880e-03
   1.46425650e-01 -6.31904155e-02 -2.36841198e-02 -5.99652231e-02
  -9.01657119e-02  1.93346381e-01 -1.24430999e-01 -1.04393087e-01
   1.78223401e-01  5.32799661e-02 -1.04341153e-02  2.20903521e-03
   7.29637686e-04  1.45075530e-01 -5.25709428e-02 -2.32308898e-02
   2.29368303e-02 -5.85264643e-04 -7.82533735e-02  2.26784110e-01
   2.14070342e-02 -7.95539618e-02 -8.67330357e-02  2.72341948e-02
  -1.34175469e-04  1.26195299e-02  1.34471163e-01  9.18779746e-02
   1.08398490e-01 -8.21259469e-02  3.14846262e-02 -5.57773374e-02
  -1.27681252e-02 -7.39300624e-02 -1.02265596e-01  1.47516921e-01
   1.88449826e-02 -4.71555963e-02  1.24267710e-04 -9.31408033e-02
  -2.10369751e-02 -4.60150838e-02 -8.83714706e-02  3.36028412e-02
   1.28327429e-01  5.68723902e-02  1.90658644e-01  2.15050131e-02
  -1.35222495e-01 -2.92248707e-02  4.09888476e-02 -6.18384480e-02
   8.22745729e-03 -4.87371273e-02  1.56920031e-01  2.62320433e-02
  -6.78613335e-02  1.84730947e-01  3.07983756e-02 -8.01981166e-02
  -2.34991107e-02 -5.10701016e-02  8.10827389e-02 -3.82320881e-02
  -4.00603283e-04 -7.01923445e-02  1.62588805e-01  5.63723184e-02
  -8.48823711e-02 -7.17480406e-02 -9.37843288e-04  2.85781189e-05
  -3.83273289e-02 -1.04564920e-01 -9.98421162e-02  1.73585162e-01
  -4.04059812e-02  2.41035540e-02  1.30075410e-01  1.07972816e-01
   9.38028470e-02 -1.06891066e-01  9.64401141e-02  1.41389340e-01
   2.35054061e-01 -3.02387569e-02  1.02142110e-01 -6.46391360e-04
   8.46894830e-02 -7.50244930e-02 -7.24419132e-02  2.66699046e-02
   9.13793370e-02 -5.49649820e-02 -3.01525462e-02  6.82770684e-02
   1.52004315e-02  2.88658752e-03  1.76251605e-02 -6.50091246e-02
  -1.05820976e-01  9.59981680e-02  1.34466274e-04  4.71179187e-02
   4.80605774e-02  2.04870164e-01 -5.81983812e-02  3.00539155e-02
  -6.06498942e-02 -8.74939784e-02 -1.99579019e-02  3.38096097e-02
  -4.36954685e-02 -6.95762038e-02 -5.80516644e-03 -9.47818309e-02
  -1.53097874e-02 -4.00731452e-02 -1.25480974e-02  8.77898633e-02]]
[[ 1.97739318e-01 -1.02106653e-01 -1.20768316e-01 -6.85124770e-02
   2.31563896e-02  1.48202613e-01  5.01581095e-02 -7.61376880e-03
   1.46425650e-01 -6.31904155e-02 -2.36841198e-02 -5.99652231e-02
  -9.01657119e-02  1.93346381e-01 -1.24430999e-01 -1.04393087e-01
   1.78223401e-01  5.32799661e-02 -1.04341153e-02  2.20903521e-03
   7.29637686e-04  1.45075530e-01 -5.25709428e-02 -2.32308898e-02
   2.29368303e-02 -5.85264643e-04 -7.82533735e-02  2.26784110e-01
   2.14070342e-02 -7.95539618e-02 -8.67330357e-02  2.72341948e-02
  -1.34175469e-04  1.26195299e-02  1.34471163e-01  9.18779746e-02
   1.08398490e-01 -8.21259469e-02  3.14846262e-02 -5.57773374e-02
  -1.27681252e-02 -7.39300624e-02 -1.02265596e-01  1.47516921e-01
   1.88449826e-02 -4.71555963e-02  1.24267710e-04 -9.31408033e-02
  -2.10369751e-02 -4.60150838e-02 -8.83714706e-02  3.36028412e-02
   1.28327429e-01  5.68723902e-02  1.90658644e-01  2.15050131e-02
  -1.35222495e-01 -2.92248707e-02  4.09888476e-02 -6.18384480e-02
   8.22745729e-03 -4.87371273e-02  1.56920031e-01  2.62320433e-02
  -6.78613335e-02  1.84730947e-01  3.07983756e-02 -8.01981166e-02
  -2.34991107e-02 -5.10701016e-02  8.10827389e-02 -3.82320881e-02
  -4.00603283e-04 -7.01923445e-02  1.62588805e-01  5.63723184e-02
  -8.48823711e-02 -7.17480406e-02 -9.37843288e-04  2.85781189e-05
  -3.83273289e-02 -1.04564920e-01 -9.98421162e-02  1.73585162e-01
  -4.04059812e-02  2.41035540e-02  1.30075410e-01  1.07972816e-01
   9.38028470e-02 -1.06891066e-01  9.64401141e-02  1.41389340e-01
   2.35054061e-01 -3.02387569e-02  1.02142110e-01 -6.46391360e-04
   8.46894830e-02 -7.50244930e-02 -7.24419132e-02  2.66699046e-02
   9.13793370e-02 -5.49649820e-02 -3.01525462e-02  6.82770684e-02
   1.52004315e-02  2.88658752e-03  1.76251605e-02 -6.50091246e-02
  -1.05820976e-01  9.59981680e-02  1.34466274e-04  4.71179187e-02
   4.80605774e-02  2.04870164e-01 -5.81983812e-02  3.00539155e-02
  -6.06498942e-02 -8.74939784e-02 -1.99579019e-02  3.38096097e-02
  -4.36954685e-02 -6.95762038e-02 -5.80516644e-03 -9.47818309e-02
  -1.53097874e-02 -4.00731452e-02 -1.25480974e-02  8.77898633e-02]]
