[[ 0.17316623 -0.10553581 -0.11172339 -0.093522    0.06589754  0.11973161
   0.07905365  0.003683    0.08944041 -0.04276688 -0.04334336 -0.05620585
  -0.0835202   0.21109997 -0.13107516 -0.0856019   0.19676307  0.06693096
  -0.02580521  0.01078663  0.00067344  0.1573885  -0.02454923 -0.03325201
  -0.01794905 -0.02116983 -0.08201123  0.2146433  -0.01316241 -0.08968956
  -0.07060097  0.01529929  0.02231253  0.01542589  0.15233216  0.0574216
   0.10166319 -0.08489543  0.02889638 -0.07141463  0.01348194 -0.08282263
  -0.11060292  0.16781224  0.00774865 -0.04282802 -0.02074    -0.10572848
  -0.02429469 -0.0492873  -0.09952489  0.01202488  0.06192044  0.06954835
   0.18250345  0.08938    -0.1239483   0.02864685  0.07390854 -0.0509248
   0.01541598  0.00613464  0.1217719   0.02165943 -0.05435251  0.1778774
   0.05375056 -0.09120259 -0.05291943 -0.03882561  0.05772334 -0.04448194
  -0.04176827 -0.07162494  0.14510983  0.11562025 -0.11839349 -0.06661132
  -0.00063181 -0.02183864 -0.01073804 -0.10915024 -0.10335513  0.15804404
  -0.05164688  0.03318975  0.13565414  0.15255016  0.06357538 -0.11242306
   0.087468    0.13123427  0.26498798 -0.00832873  0.10130253 -0.03556174
   0.03138098 -0.08923934 -0.07580432  0.05177804  0.07468639 -0.03204848
  -0.05168622  0.06671773  0.02931776 -0.01726901  0.09390841 -0.0798157
  -0.10638922  0.08624268 -0.02251548  0.04721297  0.02377594  0.14368983
  -0.04533331 -0.02840875 -0.06202037 -0.09413266  0.03646512  0.01271604
  -0.05652813 -0.09209307 -0.00096848 -0.09603298  0.00511965 -0.05160119
   0.0114226   0.08210059]]
[[ 0.17316623 -0.10553581 -0.11172339 -0.093522    0.06589754  0.11973161
   0.07905365  0.003683    0.08944041 -0.04276688 -0.04334336 -0.05620585
  -0.0835202   0.21109997 -0.13107516 -0.0856019   0.19676307  0.06693096
  -0.02580521  0.01078663  0.00067344  0.1573885  -0.02454923 -0.03325201
  -0.01794905 -0.02116983 -0.08201123  0.2146433  -0.01316241 -0.08968956
  -0.07060097  0.01529929  0.02231253  0.01542589  0.15233216  0.0574216
   0.10166319 -0.08489543  0.02889638 -0.07141463  0.01348194 -0.08282263
  -0.11060292  0.16781224  0.00774865 -0.04282802 -0.02074    -0.10572848
  -0.02429469 -0.0492873  -0.09952489  0.01202488  0.06192044  0.06954835
   0.18250345  0.08938    -0.1239483   0.02864685  0.07390854 -0.0509248
   0.01541598  0.00613464  0.1217719   0.02165943 -0.05435251  0.1778774
   0.05375056 -0.09120259 -0.05291943 -0.03882561  0.05772334 -0.04448194
  -0.04176827 -0.07162494  0.14510983  0.11562025 -0.11839349 -0.06661132
  -0.00063181 -0.02183864 -0.01073804 -0.10915024 -0.10335513  0.15804404
  -0.05164688  0.03318975  0.13565414  0.15255016  0.06357538 -0.11242306
   0.087468    0.13123427  0.26498798 -0.00832873  0.10130253 -0.03556174
   0.03138098 -0.08923934 -0.07580432  0.05177804  0.07468639 -0.03204848
  -0.05168622  0.06671773  0.02931776 -0.01726901  0.09390841 -0.0798157
  -0.10638922  0.08624268 -0.02251548  0.04721297  0.02377594  0.14368983
  -0.04533331 -0.02840875 -0.06202037 -0.09413266  0.03646512  0.01271604
  -0.05652813 -0.09209307 -0.00096848 -0.09603298  0.00511965 -0.05160119
   0.0114226   0.08210059]]
[[ 0.17316623 -0.10553581 -0.11172339 -0.093522    0.06589754  0.11973161
   0.07905365  0.003683    0.08944041 -0.04276688 -0.04334336 -0.05620585
  -0.0835202   0.21109997 -0.13107516 -0.0856019   0.19676307  0.06693096
  -0.02580521  0.01078663  0.00067344  0.1573885  -0.02454923 -0.03325201
  -0.01794905 -0.02116983 -0.08201123  0.2146433  -0.01316241 -0.08968956
  -0.07060097  0.01529929  0.02231253  0.01542589  0.15233216  0.0574216
   0.10166319 -0.08489543  0.02889638 -0.07141463  0.01348194 -0.08282263
  -0.11060292  0.16781224  0.00774865 -0.04282802 -0.02074    -0.10572848
  -0.02429469 -0.0492873  -0.09952489  0.01202488  0.06192044  0.06954835
   0.18250345  0.08938    -0.1239483   0.02864685  0.07390854 -0.0509248
   0.01541598  0.00613464  0.1217719   0.02165943 -0.05435251  0.1778774
   0.05375056 -0.09120259 -0.05291943 -0.03882561  0.05772334 -0.04448194
  -0.04176827 -0.07162494  0.14510983  0.11562025 -0.11839349 -0.06661132
  -0.00063181 -0.02183864 -0.01073804 -0.10915024 -0.10335513  0.15804404
  -0.05164688  0.03318975  0.13565414  0.15255016  0.06357538 -0.11242306
   0.087468    0.13123427  0.26498798 -0.00832873  0.10130253 -0.03556174
   0.03138098 -0.08923934 -0.07580432  0.05177804  0.07468639 -0.03204848
  -0.05168622  0.06671773  0.02931776 -0.01726901  0.09390841 -0.0798157
  -0.10638922  0.08624268 -0.02251548  0.04721297  0.02377594  0.14368983
  -0.04533331 -0.02840875 -0.06202037 -0.09413266  0.03646512  0.01271604
  -0.05652813 -0.09209307 -0.00096848 -0.09603298  0.00511965 -0.05160119
   0.0114226   0.08210059]]
