[[ 0.19236259 -0.09249531 -0.13719271 -0.10511054  0.04159218  0.09009179
   0.01219228 -0.00188257  0.07488632 -0.05422249 -0.03467835 -0.09756168
  -0.08104274  0.17995158 -0.11933243 -0.04224119  0.16719206  0.03405221
  -0.00604028 -0.00149435  0.03479993  0.20983602 -0.0641215   0.08647841
   0.08805335 -0.04041995 -0.0714751   0.16885528  0.02589994 -0.07328335
  -0.08213064  0.04388469  0.04329375 -0.00112488  0.11605313  0.08038889
   0.07474406 -0.07192501  0.1471857  -0.0639942  -0.03863725 -0.06651151
  -0.11543226  0.10835253  0.01401165 -0.07733724 -0.00647717 -0.09468604
  -0.03597641 -0.01222532 -0.10762326  0.09652731  0.1846373   0.06669672
   0.18083803  0.11553725 -0.10958188 -0.02699484  0.05699582 -0.08271326
   0.02603373 -0.00647056  0.20580028 -0.01377967 -0.04855967  0.22676365
   0.01740626 -0.0702553  -0.02607545 -0.01313673  0.04521647 -0.06676055
  -0.00595507 -0.08786099  0.16158438  0.03134663 -0.06313361 -0.06029169
   0.05369456 -0.02526719 -0.0144085  -0.08118249 -0.0986036   0.10501471
   0.02606707  0.01036452  0.05550043  0.14822894  0.09587839 -0.09236446
   0.14037764  0.19214782  0.2406595  -0.03184371  0.10852895 -0.00701233
   0.01322936 -0.08448672 -0.08267257  0.04675401  0.06154924 -0.02724014
   0.01512168  0.09543656 -0.04514078 -0.00993284  0.00404272 -0.04941981
  -0.09503749  0.07283854 -0.01740071  0.03978431  0.08423375  0.1257757
  -0.04030124  0.03496952 -0.05160958 -0.07844263 -0.02012718  0.01171869
  -0.02523476 -0.06416562  0.00097629 -0.09361374  0.00315865 -0.03136769
   0.05549613  0.06720375]]
[[ 0.19236259 -0.09249531 -0.13719271 -0.10511054  0.04159218  0.09009179
   0.01219228 -0.00188257  0.07488632 -0.05422249 -0.03467835 -0.09756168
  -0.08104274  0.17995158 -0.11933243 -0.04224119  0.16719206  0.03405221
  -0.00604028 -0.00149435  0.03479993  0.20983602 -0.0641215   0.08647841
   0.08805335 -0.04041995 -0.0714751   0.16885528  0.02589994 -0.07328335
  -0.08213064  0.04388469  0.04329375 -0.00112488  0.11605313  0.08038889
   0.07474406 -0.07192501  0.1471857  -0.0639942  -0.03863725 -0.06651151
  -0.11543226  0.10835253  0.01401165 -0.07733724 -0.00647717 -0.09468604
  -0.03597641 -0.01222532 -0.10762326  0.09652731  0.1846373   0.06669672
   0.18083803  0.11553725 -0.10958188 -0.02699484  0.05699582 -0.08271326
   0.02603373 -0.00647056  0.20580028 -0.01377967 -0.04855967  0.22676365
   0.01740626 -0.0702553  -0.02607545 -0.01313673  0.04521647 -0.06676055
  -0.00595507 -0.08786099  0.16158438  0.03134663 -0.06313361 -0.06029169
   0.05369456 -0.02526719 -0.0144085  -0.08118249 -0.0986036   0.10501471
   0.02606707  0.01036452  0.05550043  0.14822894  0.09587839 -0.09236446
   0.14037764  0.19214782  0.2406595  -0.03184371  0.10852895 -0.00701233
   0.01322936 -0.08448672 -0.08267257  0.04675401  0.06154924 -0.02724014
   0.01512168  0.09543656 -0.04514078 -0.00993284  0.00404272 -0.04941981
  -0.09503749  0.07283854 -0.01740071  0.03978431  0.08423375  0.1257757
  -0.04030124  0.03496952 -0.05160958 -0.07844263 -0.02012718  0.01171869
  -0.02523476 -0.06416562  0.00097629 -0.09361374  0.00315865 -0.03136769
   0.05549613  0.06720375]]
[[ 0.19236259 -0.09249531 -0.13719271 -0.10511054  0.04159218  0.09009179
   0.01219228 -0.00188257  0.07488632 -0.05422249 -0.03467835 -0.09756168
  -0.08104274  0.17995158 -0.11933243 -0.04224119  0.16719206  0.03405221
  -0.00604028 -0.00149435  0.03479993  0.20983602 -0.0641215   0.08647841
   0.08805335 -0.04041995 -0.0714751   0.16885528  0.02589994 -0.07328335
  -0.08213064  0.04388469  0.04329375 -0.00112488  0.11605313  0.08038889
   0.07474406 -0.07192501  0.1471857  -0.0639942  -0.03863725 -0.06651151
  -0.11543226  0.10835253  0.01401165 -0.07733724 -0.00647717 -0.09468604
  -0.03597641 -0.01222532 -0.10762326  0.09652731  0.1846373   0.06669672
   0.18083803  0.11553725 -0.10958188 -0.02699484  0.05699582 -0.08271326
   0.02603373 -0.00647056  0.20580028 -0.01377967 -0.04855967  0.22676365
   0.01740626 -0.0702553  -0.02607545 -0.01313673  0.04521647 -0.06676055
  -0.00595507 -0.08786099  0.16158438  0.03134663 -0.06313361 -0.06029169
   0.05369456 -0.02526719 -0.0144085  -0.08118249 -0.0986036   0.10501471
   0.02606707  0.01036452  0.05550043  0.14822894  0.09587839 -0.09236446
   0.14037764  0.19214782  0.2406595  -0.03184371  0.10852895 -0.00701233
   0.01322936 -0.08448672 -0.08267257  0.04675401  0.06154924 -0.02724014
   0.01512168  0.09543656 -0.04514078 -0.00993284  0.00404272 -0.04941981
  -0.09503749  0.07283854 -0.01740071  0.03978431  0.08423375  0.1257757
  -0.04030124  0.03496952 -0.05160958 -0.07844263 -0.02012718  0.01171869
  -0.02523476 -0.06416562  0.00097629 -0.09361374  0.00315865 -0.03136769
   0.05549613  0.06720375]]
