[[ 1.72033340e-01 -1.05581217e-01 -1.14864089e-01 -1.00046843e-01
   6.73959851e-02  1.35801271e-01  8.32852498e-02 -3.21478397e-03
   9.70017985e-02 -5.64334430e-02 -1.84647590e-02 -6.74848780e-02
  -1.01911671e-01  1.76683724e-01 -1.32143840e-01 -9.56953615e-02
   2.07145825e-01  6.19105324e-02 -6.32723346e-02 -3.55124772e-02
  -1.51965916e-02  1.61705881e-01  7.30450338e-05 -6.09566085e-02
  -2.64136344e-02 -4.20690440e-02 -5.81734702e-02  2.16574028e-01
  -2.47151987e-03 -7.75682926e-02 -6.31695241e-02  9.45485570e-03
  -5.90974290e-04  1.13468319e-02  1.31475911e-01  5.81291094e-02
   1.01904131e-01 -8.11562687e-02  2.84087770e-02 -6.90312460e-02
   4.67152111e-02 -8.02435949e-02 -1.19223446e-01  1.19583160e-01
  -1.32164955e-02 -7.12437034e-02 -1.81759093e-02 -1.10686906e-01
  -5.01791807e-03 -4.50177342e-02 -9.75682288e-02 -1.53515721e-03
   9.26713124e-02  1.21922001e-01  1.75566092e-01  1.09498665e-01
  -1.39879748e-01  2.92446651e-02  8.71738046e-02 -4.28875834e-02
   1.15606058e-02  2.34617721e-02  1.30087763e-01  3.47569771e-02
  -4.19309996e-02  2.06834435e-01  3.72392721e-02 -8.68453160e-02
  -4.55865003e-02 -5.88879883e-02  1.59976576e-02 -5.14846966e-02
  -5.61194606e-02 -6.84779063e-02  1.57203197e-01  1.12707168e-01
  -1.18528426e-01 -7.43765831e-02 -1.19868657e-02 -6.01579770e-02
  -2.69697458e-02 -9.39571038e-02 -9.97185931e-02  1.40493274e-01
  -4.41221520e-02  2.89574228e-02  7.03587383e-02  1.53673962e-01
   8.87462646e-02 -1.00310996e-01  9.82789844e-02  1.03200033e-01
   2.57534772e-01 -3.56558263e-02  1.20893501e-01 -3.61429006e-02
   1.48308957e-02 -8.25425386e-02 -8.31286535e-02  8.67135450e-02
   7.86509961e-02 -4.89210486e-02 -6.22061938e-02  1.08386576e-01
   3.04261260e-02 -3.01679261e-02  6.14394620e-02 -4.92699780e-02
  -9.93937999e-02  8.30640793e-02  1.48460194e-02 -3.95876588e-03
   8.94683134e-03  8.92977864e-02 -4.29918990e-02  8.27897154e-03
  -7.52060488e-02 -9.29489955e-02 -1.91398729e-02 -1.37897711e-02
  -3.10458560e-02 -9.85520929e-02  1.66392382e-02 -9.92749333e-02
   4.47462918e-03 -4.56953123e-02  1.90664884e-02  9.45667252e-02]]
[[ 1.72033340e-01 -1.05581217e-01 -1.14864089e-01 -1.00046843e-01
   6.73959851e-02  1.35801271e-01  8.32852498e-02 -3.21478397e-03
   9.70017985e-02 -5.64334430e-02 -1.84647590e-02 -6.74848780e-02
  -1.01911671e-01  1.76683724e-01 -1.32143840e-01 -9.56953615e-02
   2.07145825e-01  6.19105324e-02 -6.32723346e-02 -3.55124772e-02
  -1.51965916e-02  1.61705881e-01  7.30450338e-05 -6.09566085e-02
  -2.64136344e-02 -4.20690440e-02 -5.81734702e-02  2.16574028e-01
  -2.47151987e-03 -7.75682926e-02 -6.31695241e-02  9.45485570e-03
  -5.90974290e-04  1.13468319e-02  1.31475911e-01  5.81291094e-02
   1.01904131e-01 -8.11562687e-02  2.84087770e-02 -6.90312460e-02
   4.67152111e-02 -8.02435949e-02 -1.19223446e-01  1.19583160e-01
  -1.32164955e-02 -7.12437034e-02 -1.81759093e-02 -1.10686906e-01
  -5.01791807e-03 -4.50177342e-02 -9.75682288e-02 -1.53515721e-03
   9.26713124e-02  1.21922001e-01  1.75566092e-01  1.09498665e-01
  -1.39879748e-01  2.92446651e-02  8.71738046e-02 -4.28875834e-02
   1.15606058e-02  2.34617721e-02  1.30087763e-01  3.47569771e-02
  -4.19309996e-02  2.06834435e-01  3.72392721e-02 -8.68453160e-02
  -4.55865003e-02 -5.88879883e-02  1.59976576e-02 -5.14846966e-02
  -5.61194606e-02 -6.84779063e-02  1.57203197e-01  1.12707168e-01
  -1.18528426e-01 -7.43765831e-02 -1.19868657e-02 -6.01579770e-02
  -2.69697458e-02 -9.39571038e-02 -9.97185931e-02  1.40493274e-01
  -4.41221520e-02  2.89574228e-02  7.03587383e-02  1.53673962e-01
   8.87462646e-02 -1.00310996e-01  9.82789844e-02  1.03200033e-01
   2.57534772e-01 -3.56558263e-02  1.20893501e-01 -3.61429006e-02
   1.48308957e-02 -8.25425386e-02 -8.31286535e-02  8.67135450e-02
   7.86509961e-02 -4.89210486e-02 -6.22061938e-02  1.08386576e-01
   3.04261260e-02 -3.01679261e-02  6.14394620e-02 -4.92699780e-02
  -9.93937999e-02  8.30640793e-02  1.48460194e-02 -3.95876588e-03
   8.94683134e-03  8.92977864e-02 -4.29918990e-02  8.27897154e-03
  -7.52060488e-02 -9.29489955e-02 -1.91398729e-02 -1.37897711e-02
  -3.10458560e-02 -9.85520929e-02  1.66392382e-02 -9.92749333e-02
   4.47462918e-03 -4.56953123e-02  1.90664884e-02  9.45667252e-02]]
[[ 1.72033340e-01 -1.05581217e-01 -1.14864089e-01 -1.00046843e-01
   6.73959851e-02  1.35801271e-01  8.32852498e-02 -3.21478397e-03
   9.70017985e-02 -5.64334430e-02 -1.84647590e-02 -6.74848780e-02
  -1.01911671e-01  1.76683724e-01 -1.32143840e-01 -9.56953615e-02
   2.07145825e-01  6.19105324e-02 -6.32723346e-02 -3.55124772e-02
  -1.51965916e-02  1.61705881e-01  7.30450338e-05 -6.09566085e-02
  -2.64136344e-02 -4.20690440e-02 -5.81734702e-02  2.16574028e-01
  -2.47151987e-03 -7.75682926e-02 -6.31695241e-02  9.45485570e-03
  -5.90974290e-04  1.13468319e-02  1.31475911e-01  5.81291094e-02
   1.01904131e-01 -8.11562687e-02  2.84087770e-02 -6.90312460e-02
   4.67152111e-02 -8.02435949e-02 -1.19223446e-01  1.19583160e-01
  -1.32164955e-02 -7.12437034e-02 -1.81759093e-02 -1.10686906e-01
  -5.01791807e-03 -4.50177342e-02 -9.75682288e-02 -1.53515721e-03
   9.26713124e-02  1.21922001e-01  1.75566092e-01  1.09498665e-01
  -1.39879748e-01  2.92446651e-02  8.71738046e-02 -4.28875834e-02
   1.15606058e-02  2.34617721e-02  1.30087763e-01  3.47569771e-02
  -4.19309996e-02  2.06834435e-01  3.72392721e-02 -8.68453160e-02
  -4.55865003e-02 -5.88879883e-02  1.59976576e-02 -5.14846966e-02
  -5.61194606e-02 -6.84779063e-02  1.57203197e-01  1.12707168e-01
  -1.18528426e-01 -7.43765831e-02 -1.19868657e-02 -6.01579770e-02
  -2.69697458e-02 -9.39571038e-02 -9.97185931e-02  1.40493274e-01
  -4.41221520e-02  2.89574228e-02  7.03587383e-02  1.53673962e-01
   8.87462646e-02 -1.00310996e-01  9.82789844e-02  1.03200033e-01
   2.57534772e-01 -3.56558263e-02  1.20893501e-01 -3.61429006e-02
   1.48308957e-02 -8.25425386e-02 -8.31286535e-02  8.67135450e-02
   7.86509961e-02 -4.89210486e-02 -6.22061938e-02  1.08386576e-01
   3.04261260e-02 -3.01679261e-02  6.14394620e-02 -4.92699780e-02
  -9.93937999e-02  8.30640793e-02  1.48460194e-02 -3.95876588e-03
   8.94683134e-03  8.92977864e-02 -4.29918990e-02  8.27897154e-03
  -7.52060488e-02 -9.29489955e-02 -1.91398729e-02 -1.37897711e-02
  -3.10458560e-02 -9.85520929e-02  1.66392382e-02 -9.92749333e-02
   4.47462918e-03 -4.56953123e-02  1.90664884e-02  9.45667252e-02]]
