[[ 0.13125074 -0.11087411 -0.11771204 -0.07654937  0.03714949  0.13469899
   0.08466883  0.00329608  0.07891057 -0.05390369 -0.03122509 -0.05959743
  -0.08188185  0.19105993 -0.13343793 -0.10208338  0.18508033  0.05808721
  -0.08221953 -0.02226416 -0.0180732   0.1597966  -0.01605278 -0.05287185
  -0.03472649 -0.05381447 -0.05365809  0.23574877 -0.01810364 -0.06524794
  -0.07917966  0.00904062  0.01606231 -0.00609022  0.1225841   0.04687459
   0.1055558  -0.06710449  0.00044863 -0.07522164  0.05461854 -0.0991881
  -0.0980662   0.1732505   0.00718235 -0.05469697 -0.03182553 -0.11014396
   0.00417365 -0.06683983 -0.0912427  -0.0144268   0.12826519  0.08774361
   0.19106992  0.09050131 -0.15492626 -0.01836821  0.06233954 -0.04631458
   0.02753704  0.02345453  0.16265893  0.01833251 -0.05164611  0.18684676
   0.00070369 -0.08134442 -0.02053738 -0.06439237  0.03762326 -0.05773259
  -0.04928159 -0.06396538  0.1736956   0.04188759 -0.12534164 -0.08884533
  -0.05940547 -0.06963577 -0.01690233 -0.08487017 -0.10003403  0.15438156
  -0.04583912  0.01747129  0.0490174   0.10377563  0.05473106 -0.10587233
   0.06596281  0.163218    0.23217337 -0.0512686   0.12689805 -0.00459321
   0.03520803 -0.08294134 -0.08628695  0.07052779  0.08218635 -0.07060819
  -0.04711339  0.10654693  0.03370113 -0.00684099  0.00676039 -0.0331464
  -0.10223404  0.0737194   0.02443667  0.01836044 -0.00112467  0.13139333
  -0.04168331  0.04676078 -0.05564595 -0.10184175 -0.04215655  0.00771281
  -0.03808102 -0.09157399  0.01055655 -0.0997619  -0.03035051 -0.04601733
   0.0221186   0.14228624]]
[[ 0.13125074 -0.11087411 -0.11771204 -0.07654937  0.03714949  0.13469899
   0.08466883  0.00329608  0.07891057 -0.05390369 -0.03122509 -0.05959743
  -0.08188185  0.19105993 -0.13343793 -0.10208338  0.18508033  0.05808721
  -0.08221953 -0.02226416 -0.0180732   0.1597966  -0.01605278 -0.05287185
  -0.03472649 -0.05381447 -0.05365809  0.23574877 -0.01810364 -0.06524794
  -0.07917966  0.00904062  0.01606231 -0.00609022  0.1225841   0.04687459
   0.1055558  -0.06710449  0.00044863 -0.07522164  0.05461854 -0.0991881
  -0.0980662   0.1732505   0.00718235 -0.05469697 -0.03182553 -0.11014396
   0.00417365 -0.06683983 -0.0912427  -0.0144268   0.12826519  0.08774361
   0.19106992  0.09050131 -0.15492626 -0.01836821  0.06233954 -0.04631458
   0.02753704  0.02345453  0.16265893  0.01833251 -0.05164611  0.18684676
   0.00070369 -0.08134442 -0.02053738 -0.06439237  0.03762326 -0.05773259
  -0.04928159 -0.06396538  0.1736956   0.04188759 -0.12534164 -0.08884533
  -0.05940547 -0.06963577 -0.01690233 -0.08487017 -0.10003403  0.15438156
  -0.04583912  0.01747129  0.0490174   0.10377563  0.05473106 -0.10587233
   0.06596281  0.163218    0.23217337 -0.0512686   0.12689805 -0.00459321
   0.03520803 -0.08294134 -0.08628695  0.07052779  0.08218635 -0.07060819
  -0.04711339  0.10654693  0.03370113 -0.00684099  0.00676039 -0.0331464
  -0.10223404  0.0737194   0.02443667  0.01836044 -0.00112467  0.13139333
  -0.04168331  0.04676078 -0.05564595 -0.10184175 -0.04215655  0.00771281
  -0.03808102 -0.09157399  0.01055655 -0.0997619  -0.03035051 -0.04601733
   0.0221186   0.14228624]]
[[ 0.13125074 -0.11087411 -0.11771204 -0.07654937  0.03714949  0.13469899
   0.08466883  0.00329608  0.07891057 -0.05390369 -0.03122509 -0.05959743
  -0.08188185  0.19105993 -0.13343793 -0.10208338  0.18508033  0.05808721
  -0.08221953 -0.02226416 -0.0180732   0.1597966  -0.01605278 -0.05287185
  -0.03472649 -0.05381447 -0.05365809  0.23574877 -0.01810364 -0.06524794
  -0.07917966  0.00904062  0.01606231 -0.00609022  0.1225841   0.04687459
   0.1055558  -0.06710449  0.00044863 -0.07522164  0.05461854 -0.0991881
  -0.0980662   0.1732505   0.00718235 -0.05469697 -0.03182553 -0.11014396
   0.00417365 -0.06683983 -0.0912427  -0.0144268   0.12826519  0.08774361
   0.19106992  0.09050131 -0.15492626 -0.01836821  0.06233954 -0.04631458
   0.02753704  0.02345453  0.16265893  0.01833251 -0.05164611  0.18684676
   0.00070369 -0.08134442 -0.02053738 -0.06439237  0.03762326 -0.05773259
  -0.04928159 -0.06396538  0.1736956   0.04188759 -0.12534164 -0.08884533
  -0.05940547 -0.06963577 -0.01690233 -0.08487017 -0.10003403  0.15438156
  -0.04583912  0.01747129  0.0490174   0.10377563  0.05473106 -0.10587233
   0.06596281  0.163218    0.23217337 -0.0512686   0.12689805 -0.00459321
   0.03520803 -0.08294134 -0.08628695  0.07052779  0.08218635 -0.07060819
  -0.04711339  0.10654693  0.03370113 -0.00684099  0.00676039 -0.0331464
  -0.10223404  0.0737194   0.02443667  0.01836044 -0.00112467  0.13139333
  -0.04168331  0.04676078 -0.05564595 -0.10184175 -0.04215655  0.00771281
  -0.03808102 -0.09157399  0.01055655 -0.0997619  -0.03035051 -0.04601733
   0.0221186   0.14228624]]
