[[ 1.70748085e-01 -9.80783477e-02 -1.22262493e-01 -2.37349018e-01
   5.27080931e-02  9.03807580e-02 -7.43676648e-02 -8.21092129e-02
   5.08683063e-02 -2.39699669e-02 -1.48545906e-01  5.98679595e-02
   1.60177089e-02 -9.20570195e-02  3.86575609e-02 -8.21388885e-02
   1.32168129e-01 -2.32869554e-02  6.45014420e-02 -1.17668390e-01
  -7.84171820e-02 -2.19204202e-02  2.53234804e-02 -2.68665515e-02
  -2.60573514e-02 -1.06399044e-01 -2.46871579e-02  8.82867277e-02
   3.80967259e-02 -8.84287581e-02 -5.22719994e-02  5.56777604e-02
   1.30215317e-01  2.17644256e-02  1.15135856e-01  2.83074770e-02
   1.55571908e-01 -1.22921534e-01  7.12810606e-02  1.66609840e-04
  -1.33715814e-03  2.10997090e-02 -8.09560493e-02  8.44268799e-02
  -6.22715987e-02  1.64348900e-01  9.36007947e-02 -1.22505277e-01
  -8.74222443e-02 -7.62028918e-02 -1.46399289e-01 -4.38534245e-02
  -7.09359497e-02 -5.75928986e-02  9.30062830e-02  7.27510154e-02
  -1.36724621e-01 -5.72626218e-02  1.55455023e-01 -1.31352231e-01
   3.32682356e-02  7.00807199e-02 -2.52231359e-02 -1.54893830e-01
  -5.50135300e-02 -7.10889548e-02 -3.81290242e-02 -5.12776040e-02
  -8.68966281e-02  8.56172815e-02 -4.67338860e-02 -7.14559034e-02
   5.67878187e-02 -8.20717812e-02  8.34271014e-02  7.43666440e-02
   1.16110697e-01 -3.86543721e-02  4.99270782e-02 -5.03536984e-02
   2.71579623e-01  9.36372206e-03 -1.36715725e-01 -6.93467334e-02
   1.35155777e-02 -2.17090268e-02 -2.05900427e-02  1.62915885e-01
   9.33995992e-02 -1.17815517e-01 -1.05110168e-01 -1.03000969e-01
   1.37394026e-01 -5.97535297e-02  3.03307883e-02 -2.66256947e-02
  -5.33889309e-02 -5.91927953e-03 -1.97424479e-02 -1.39590409e-02
   2.28132517e-03  6.19154759e-02 -9.10395384e-02  5.36893308e-02
   1.60903540e-02 -6.35564551e-02 -1.76049192e-02 -6.52860329e-02
  -4.82830890e-02  9.72587764e-02  6.03592163e-03 -8.51181820e-02
   1.90556094e-01  3.57156880e-02 -1.15091931e-02 -1.38357744e-01
   9.22347233e-02  3.41843441e-02 -7.86248893e-02 -1.29909024e-01
  -1.37622148e-01  1.50284674e-02  4.43527326e-02  5.83304465e-02
  -2.00174991e-02 -3.21470983e-02 -2.10940000e-02 -1.05340123e-01]
 [ 1.86685637e-01 -9.30746272e-02 -1.26672968e-01 -1.09055348e-01
   2.51432210e-02  5.71568906e-02  2.32602395e-02 -1.46730030e-02
   5.05227782e-02 -5.37672527e-02 -5.17174974e-02 -9.27409902e-02
  -7.74083138e-02  1.79925576e-01 -1.17724642e-01 -3.77729014e-02
   1.59468338e-01  4.31306399e-02 -3.54304761e-02  2.63787750e-02
   1.99995358e-02  1.97098345e-01 -7.83764943e-02  8.69989395e-02
   1.34214431e-01 -5.08640260e-02 -8.10013637e-02  1.75704256e-01
   1.00772213e-02 -7.34458789e-02 -7.92170316e-02  7.32199624e-02
   8.97165015e-02 -1.10819163e-02  8.90498459e-02  7.70727694e-02
   9.64215994e-02 -7.20145702e-02  1.51257589e-01 -6.80775046e-02
  -3.12472135e-02 -5.92656918e-02 -1.21219225e-01  9.10947546e-02
  -1.05950246e-02 -8.53834674e-02  1.08100343e-02 -9.70108658e-02
  -4.67373393e-02  4.77274461e-03 -1.00466326e-01  1.29474387e-01
   1.85361981e-01  6.79457709e-02  1.78439513e-01  1.18850335e-01
  -1.07132643e-01 -1.96910314e-02  5.33371195e-02 -8.05574805e-02
   2.39931270e-02 -1.91668712e-03  2.06924289e-01 -5.09223808e-03
  -4.92808670e-02  2.38331661e-01  1.63225066e-02 -7.05909580e-02
  -2.83049624e-02 -1.97711904e-02  3.84674333e-02 -5.43944128e-02
  -1.35096081e-03 -8.72114003e-02  1.63618147e-01  5.31777740e-02
  -5.06185777e-02 -6.28773421e-02  4.91580889e-02 -3.27517912e-02
  -2.13675257e-02 -7.06494823e-02 -9.78868976e-02  1.20167643e-01
   6.60593063e-03 -1.93128884e-02  6.58429191e-02  1.46698043e-01
   8.84786472e-02 -8.35677162e-02  1.19946152e-01  1.77724466e-01
   2.22937405e-01 -2.83354726e-02  1.20625533e-01  5.13420999e-03
   3.10685448e-02 -7.36839697e-02 -9.25941914e-02  4.35064360e-02
   8.42479691e-02  5.86373033e-03  1.25707171e-04  7.30469003e-02
  -5.27023189e-02 -3.95055041e-02  1.11293895e-02 -3.53162661e-02
  -9.44738835e-02  8.15934837e-02 -3.91939655e-02  3.22537124e-02
   7.85178244e-02  1.15101382e-01 -3.68798040e-02  1.66291036e-02
  -6.25002980e-02 -7.16817826e-02 -3.77886668e-02  3.97476628e-02
  -3.85684185e-02 -4.32600528e-02 -8.03311542e-03 -8.94430354e-02
   9.85013228e-03 -4.63547483e-02  6.02629632e-02  8.08930472e-02]]
[[ 1.70748085e-01 -9.80783477e-02 -1.22262493e-01 -2.37349018e-01
   5.27080931e-02  9.03807580e-02 -7.43676648e-02 -8.21092129e-02
   5.08683063e-02 -2.39699669e-02 -1.48545906e-01  5.98679595e-02
   1.60177089e-02 -9.20570195e-02  3.86575609e-02 -8.21388885e-02
   1.32168129e-01 -2.32869554e-02  6.45014420e-02 -1.17668390e-01
  -7.84171820e-02 -2.19204202e-02  2.53234804e-02 -2.68665515e-02
  -2.60573514e-02 -1.06399044e-01 -2.46871579e-02  8.82867277e-02
   3.80967259e-02 -8.84287581e-02 -5.22719994e-02  5.56777604e-02
   1.30215317e-01  2.17644256e-02  1.15135856e-01  2.83074770e-02
   1.55571908e-01 -1.22921534e-01  7.12810606e-02  1.66609840e-04
  -1.33715814e-03  2.10997090e-02 -8.09560493e-02  8.44268799e-02
  -6.22715987e-02  1.64348900e-01  9.36007947e-02 -1.22505277e-01
  -8.74222443e-02 -7.62028918e-02 -1.46399289e-01 -4.38534245e-02
  -7.09359497e-02 -5.75928986e-02  9.30062830e-02  7.27510154e-02
  -1.36724621e-01 -5.72626218e-02  1.55455023e-01 -1.31352231e-01
   3.32682356e-02  7.00807199e-02 -2.52231359e-02 -1.54893830e-01
  -5.50135300e-02 -7.10889548e-02 -3.81290242e-02 -5.12776040e-02
  -8.68966281e-02  8.56172815e-02 -4.67338860e-02 -7.14559034e-02
   5.67878187e-02 -8.20717812e-02  8.34271014e-02  7.43666440e-02
   1.16110697e-01 -3.86543721e-02  4.99270782e-02 -5.03536984e-02
   2.71579623e-01  9.36372206e-03 -1.36715725e-01 -6.93467334e-02
   1.35155777e-02 -2.17090268e-02 -2.05900427e-02  1.62915885e-01
   9.33995992e-02 -1.17815517e-01 -1.05110168e-01 -1.03000969e-01
   1.37394026e-01 -5.97535297e-02  3.03307883e-02 -2.66256947e-02
  -5.33889309e-02 -5.91927953e-03 -1.97424479e-02 -1.39590409e-02
   2.28132517e-03  6.19154759e-02 -9.10395384e-02  5.36893308e-02
   1.60903540e-02 -6.35564551e-02 -1.76049192e-02 -6.52860329e-02
  -4.82830890e-02  9.72587764e-02  6.03592163e-03 -8.51181820e-02
   1.90556094e-01  3.57156880e-02 -1.15091931e-02 -1.38357744e-01
   9.22347233e-02  3.41843441e-02 -7.86248893e-02 -1.29909024e-01
  -1.37622148e-01  1.50284674e-02  4.43527326e-02  5.83304465e-02
  -2.00174991e-02 -3.21470983e-02 -2.10940000e-02 -1.05340123e-01]
 [ 1.86685637e-01 -9.30746272e-02 -1.26672968e-01 -1.09055348e-01
   2.51432210e-02  5.71568906e-02  2.32602395e-02 -1.46730030e-02
   5.05227782e-02 -5.37672527e-02 -5.17174974e-02 -9.27409902e-02
  -7.74083138e-02  1.79925576e-01 -1.17724642e-01 -3.77729014e-02
   1.59468338e-01  4.31306399e-02 -3.54304761e-02  2.63787750e-02
   1.99995358e-02  1.97098345e-01 -7.83764943e-02  8.69989395e-02
   1.34214431e-01 -5.08640260e-02 -8.10013637e-02  1.75704256e-01
   1.00772213e-02 -7.34458789e-02 -7.92170316e-02  7.32199624e-02
   8.97165015e-02 -1.10819163e-02  8.90498459e-02  7.70727694e-02
   9.64215994e-02 -7.20145702e-02  1.51257589e-01 -6.80775046e-02
  -3.12472135e-02 -5.92656918e-02 -1.21219225e-01  9.10947546e-02
  -1.05950246e-02 -8.53834674e-02  1.08100343e-02 -9.70108658e-02
  -4.67373393e-02  4.77274461e-03 -1.00466326e-01  1.29474387e-01
   1.85361981e-01  6.79457709e-02  1.78439513e-01  1.18850335e-01
  -1.07132643e-01 -1.96910314e-02  5.33371195e-02 -8.05574805e-02
   2.39931270e-02 -1.91668712e-03  2.06924289e-01 -5.09223808e-03
  -4.92808670e-02  2.38331661e-01  1.63225066e-02 -7.05909580e-02
  -2.83049624e-02 -1.97711904e-02  3.84674333e-02 -5.43944128e-02
  -1.35096081e-03 -8.72114003e-02  1.63618147e-01  5.31777740e-02
  -5.06185777e-02 -6.28773421e-02  4.91580889e-02 -3.27517912e-02
  -2.13675257e-02 -7.06494823e-02 -9.78868976e-02  1.20167643e-01
   6.60593063e-03 -1.93128884e-02  6.58429191e-02  1.46698043e-01
   8.84786472e-02 -8.35677162e-02  1.19946152e-01  1.77724466e-01
   2.22937405e-01 -2.83354726e-02  1.20625533e-01  5.13420999e-03
   3.10685448e-02 -7.36839697e-02 -9.25941914e-02  4.35064360e-02
   8.42479691e-02  5.86373033e-03  1.25707171e-04  7.30469003e-02
  -5.27023189e-02 -3.95055041e-02  1.11293895e-02 -3.53162661e-02
  -9.44738835e-02  8.15934837e-02 -3.91939655e-02  3.22537124e-02
   7.85178244e-02  1.15101382e-01 -3.68798040e-02  1.66291036e-02
  -6.25002980e-02 -7.16817826e-02 -3.77886668e-02  3.97476628e-02
  -3.85684185e-02 -4.32600528e-02 -8.03311542e-03 -8.94430354e-02
   9.85013228e-03 -4.63547483e-02  6.02629632e-02  8.08930472e-02]]
[[ 1.70748085e-01 -9.80783477e-02 -1.22262493e-01 -2.37349018e-01
   5.27080931e-02  9.03807580e-02 -7.43676648e-02 -8.21092129e-02
   5.08683063e-02 -2.39699669e-02 -1.48545906e-01  5.98679595e-02
   1.60177089e-02 -9.20570195e-02  3.86575609e-02 -8.21388885e-02
   1.32168129e-01 -2.32869554e-02  6.45014420e-02 -1.17668390e-01
  -7.84171820e-02 -2.19204202e-02  2.53234804e-02 -2.68665515e-02
  -2.60573514e-02 -1.06399044e-01 -2.46871579e-02  8.82867277e-02
   3.80967259e-02 -8.84287581e-02 -5.22719994e-02  5.56777604e-02
   1.30215317e-01  2.17644256e-02  1.15135856e-01  2.83074770e-02
   1.55571908e-01 -1.22921534e-01  7.12810606e-02  1.66609840e-04
  -1.33715814e-03  2.10997090e-02 -8.09560493e-02  8.44268799e-02
  -6.22715987e-02  1.64348900e-01  9.36007947e-02 -1.22505277e-01
  -8.74222443e-02 -7.62028918e-02 -1.46399289e-01 -4.38534245e-02
  -7.09359497e-02 -5.75928986e-02  9.30062830e-02  7.27510154e-02
  -1.36724621e-01 -5.72626218e-02  1.55455023e-01 -1.31352231e-01
   3.32682356e-02  7.00807199e-02 -2.52231359e-02 -1.54893830e-01
  -5.50135300e-02 -7.10889548e-02 -3.81290242e-02 -5.12776040e-02
  -8.68966281e-02  8.56172815e-02 -4.67338860e-02 -7.14559034e-02
   5.67878187e-02 -8.20717812e-02  8.34271014e-02  7.43666440e-02
   1.16110697e-01 -3.86543721e-02  4.99270782e-02 -5.03536984e-02
   2.71579623e-01  9.36372206e-03 -1.36715725e-01 -6.93467334e-02
   1.35155777e-02 -2.17090268e-02 -2.05900427e-02  1.62915885e-01
   9.33995992e-02 -1.17815517e-01 -1.05110168e-01 -1.03000969e-01
   1.37394026e-01 -5.97535297e-02  3.03307883e-02 -2.66256947e-02
  -5.33889309e-02 -5.91927953e-03 -1.97424479e-02 -1.39590409e-02
   2.28132517e-03  6.19154759e-02 -9.10395384e-02  5.36893308e-02
   1.60903540e-02 -6.35564551e-02 -1.76049192e-02 -6.52860329e-02
  -4.82830890e-02  9.72587764e-02  6.03592163e-03 -8.51181820e-02
   1.90556094e-01  3.57156880e-02 -1.15091931e-02 -1.38357744e-01
   9.22347233e-02  3.41843441e-02 -7.86248893e-02 -1.29909024e-01
  -1.37622148e-01  1.50284674e-02  4.43527326e-02  5.83304465e-02
  -2.00174991e-02 -3.21470983e-02 -2.10940000e-02 -1.05340123e-01]
 [ 1.86685637e-01 -9.30746272e-02 -1.26672968e-01 -1.09055348e-01
   2.51432210e-02  5.71568906e-02  2.32602395e-02 -1.46730030e-02
   5.05227782e-02 -5.37672527e-02 -5.17174974e-02 -9.27409902e-02
  -7.74083138e-02  1.79925576e-01 -1.17724642e-01 -3.77729014e-02
   1.59468338e-01  4.31306399e-02 -3.54304761e-02  2.63787750e-02
   1.99995358e-02  1.97098345e-01 -7.83764943e-02  8.69989395e-02
   1.34214431e-01 -5.08640260e-02 -8.10013637e-02  1.75704256e-01
   1.00772213e-02 -7.34458789e-02 -7.92170316e-02  7.32199624e-02
   8.97165015e-02 -1.10819163e-02  8.90498459e-02  7.70727694e-02
   9.64215994e-02 -7.20145702e-02  1.51257589e-01 -6.80775046e-02
  -3.12472135e-02 -5.92656918e-02 -1.21219225e-01  9.10947546e-02
  -1.05950246e-02 -8.53834674e-02  1.08100343e-02 -9.70108658e-02
  -4.67373393e-02  4.77274461e-03 -1.00466326e-01  1.29474387e-01
   1.85361981e-01  6.79457709e-02  1.78439513e-01  1.18850335e-01
  -1.07132643e-01 -1.96910314e-02  5.33371195e-02 -8.05574805e-02
   2.39931270e-02 -1.91668712e-03  2.06924289e-01 -5.09223808e-03
  -4.92808670e-02  2.38331661e-01  1.63225066e-02 -7.05909580e-02
  -2.83049624e-02 -1.97711904e-02  3.84674333e-02 -5.43944128e-02
  -1.35096081e-03 -8.72114003e-02  1.63618147e-01  5.31777740e-02
  -5.06185777e-02 -6.28773421e-02  4.91580889e-02 -3.27517912e-02
  -2.13675257e-02 -7.06494823e-02 -9.78868976e-02  1.20167643e-01
   6.60593063e-03 -1.93128884e-02  6.58429191e-02  1.46698043e-01
   8.84786472e-02 -8.35677162e-02  1.19946152e-01  1.77724466e-01
   2.22937405e-01 -2.83354726e-02  1.20625533e-01  5.13420999e-03
   3.10685448e-02 -7.36839697e-02 -9.25941914e-02  4.35064360e-02
   8.42479691e-02  5.86373033e-03  1.25707171e-04  7.30469003e-02
  -5.27023189e-02 -3.95055041e-02  1.11293895e-02 -3.53162661e-02
  -9.44738835e-02  8.15934837e-02 -3.91939655e-02  3.22537124e-02
   7.85178244e-02  1.15101382e-01 -3.68798040e-02  1.66291036e-02
  -6.25002980e-02 -7.16817826e-02 -3.77886668e-02  3.97476628e-02
  -3.85684185e-02 -4.32600528e-02 -8.03311542e-03 -8.94430354e-02
   9.85013228e-03 -4.63547483e-02  6.02629632e-02  8.08930472e-02]]
