[[ 1.54775083e-01 -9.41262320e-02 -1.08657137e-01 -2.47581616e-01
   4.63498868e-02  8.45113546e-02 -7.15261996e-02 -7.21727312e-02
   9.73106846e-02  8.82386602e-03 -1.52117506e-01  5.30206189e-02
   4.46842574e-02 -1.02804251e-01  1.16745541e-02 -8.69503021e-02
   1.36250347e-01 -2.73920745e-02  3.04000713e-02 -1.25479639e-01
  -7.54914656e-02 -7.20456764e-02  3.52363177e-02 -2.75559183e-02
  -3.15563381e-02 -1.00797676e-01 -1.50624700e-02  1.10178448e-01
   1.65318865e-02 -7.63573498e-02 -5.54181151e-02  3.89626622e-02
   1.42612025e-01  4.24219016e-03  1.18336633e-01  1.11462940e-02
   1.84283301e-01 -1.29891589e-01  3.65189835e-02  4.54763230e-03
   3.12262622e-04  2.96804141e-02 -5.69398776e-02  8.77325162e-02
  -5.45774698e-02  1.77222446e-01  8.51939321e-02 -1.31613702e-01
  -9.50630754e-02 -7.11610839e-02 -1.39925048e-01 -4.38636318e-02
  -8.38765278e-02 -6.13636635e-02  1.05064847e-01  4.20705266e-02
  -9.15288851e-02 -5.80147021e-02  1.08881369e-01 -1.32232070e-01
   1.26868067e-02  5.34684323e-02 -4.65039127e-02 -1.64254412e-01
  -4.74282093e-02 -9.52988192e-02 -2.05236748e-02 -5.36197908e-02
  -8.28513131e-02  6.99525177e-02 -7.75813311e-02 -4.97391969e-02
   3.45663242e-02 -7.17515498e-02  1.22533299e-01  9.98051167e-02
   1.06543869e-01 -3.62736136e-02  4.31596227e-02 -4.88959178e-02
   2.30259255e-01 -2.32179722e-04 -1.45527735e-01 -7.53294304e-02
  -2.47971360e-02 -4.24984507e-02 -2.03766767e-02  1.77266568e-01
   4.39266413e-02 -1.32654384e-01 -1.13267809e-01 -1.03299551e-01
   1.45924360e-01 -4.25160490e-02  8.15213565e-03 -1.63423568e-02
  -4.91577946e-02  6.36483217e-03 -4.39416990e-02 -3.38107795e-02
   1.04832854e-02  4.20025513e-02 -9.94466767e-02  7.55979940e-02
   4.44518141e-02 -6.49388880e-02 -3.16299722e-02 -7.92176798e-02
  -6.18754514e-02  7.18849897e-02 -4.04858729e-03 -7.11627901e-02
   2.02271253e-01  4.40135002e-02  4.71619554e-02 -1.49552569e-01
   8.01774412e-02 -1.58487097e-03 -8.07631016e-02 -1.36812612e-01
  -1.40420660e-01  6.51285704e-03  1.45471116e-04  6.54479042e-02
  -2.28883252e-02 -7.48795643e-03 -1.83020290e-02 -8.58054906e-02]
 [ 1.88383758e-01 -9.39901546e-02 -1.31660521e-01 -1.15545765e-01
   1.34181846e-02  3.31610590e-02  3.29495631e-02 -1.89694203e-02
   2.86852941e-02 -4.34789546e-02 -6.24607541e-02 -8.92989635e-02
  -6.52598590e-02  1.94594488e-01 -1.16593719e-01 -3.07900850e-02
   1.39674559e-01  3.89296822e-02 -3.27961147e-02  3.94627638e-02
   2.53645200e-02  1.92094341e-01 -9.22689438e-02  8.63442272e-02
   1.35851800e-01 -5.55908196e-02 -7.98493326e-02  1.60981134e-01
   5.10418415e-03 -7.33182654e-02 -7.94551000e-02  5.47571294e-02
   1.12252988e-01 -7.90461060e-03  6.98280782e-02  8.14369395e-02
   9.75543857e-02 -6.79398403e-02  1.57237664e-01 -7.05840439e-02
  -3.80924456e-02 -6.05273619e-02 -1.23105586e-01  9.44046900e-02
  -1.57494657e-02 -8.65964741e-02  2.90961470e-02 -9.89855602e-02
  -5.32881692e-02  1.46907615e-02 -9.19327438e-02  1.50853023e-01
   1.67650685e-01  5.26414551e-02  1.81739584e-01  1.36586487e-01
  -9.30986702e-02 -1.36672771e-02  5.88119663e-02 -8.22201893e-02
   4.13672403e-02  1.52184209e-02  2.19145477e-01 -2.02105641e-02
  -4.39156853e-02  2.51488894e-01  1.58578157e-02 -7.01339468e-02
  -3.68088037e-02 -9.73264966e-03  2.12965291e-02 -5.88191673e-02
   3.59565858e-03 -8.24106857e-02  1.57196492e-01  6.26870394e-02
  -3.73823307e-02 -5.94951324e-02  6.83132410e-02 -4.44806144e-02
  -2.69372668e-02 -6.89548552e-02 -9.75462347e-02  1.07938439e-01
   1.15130143e-02 -2.70314775e-02  8.51497054e-02  1.52780384e-01
   6.68970048e-02 -8.10877159e-02  1.09732099e-01  1.86242089e-01
   2.01799259e-01 -3.21497954e-02  1.21535100e-01  9.80329700e-03
   4.55389544e-02 -6.62246868e-02 -9.12343785e-02  4.74386513e-02
   6.22059591e-02  2.73149274e-02 -2.05747434e-03  5.23547269e-02
  -6.08275197e-02 -4.31392305e-02  2.07056850e-02 -3.60897817e-02
  -9.03686136e-02  7.55397081e-02 -4.31068391e-02  4.58238237e-02
   9.03099924e-02  9.45237726e-02 -3.43270041e-02  1.49570629e-02
  -6.52221218e-02 -6.32607862e-02 -3.01970821e-02  5.53549491e-02
  -4.26016264e-02 -4.32905443e-02 -2.12095492e-02 -8.82732049e-02
   1.48394257e-02 -4.61747125e-02  8.92913640e-02  7.54594430e-02]]
[[ 1.54775083e-01 -9.41262320e-02 -1.08657137e-01 -2.47581616e-01
   4.63498868e-02  8.45113546e-02 -7.15261996e-02 -7.21727312e-02
   9.73106846e-02  8.82386602e-03 -1.52117506e-01  5.30206189e-02
   4.46842574e-02 -1.02804251e-01  1.16745541e-02 -8.69503021e-02
   1.36250347e-01 -2.73920745e-02  3.04000713e-02 -1.25479639e-01
  -7.54914656e-02 -7.20456764e-02  3.52363177e-02 -2.75559183e-02
  -3.15563381e-02 -1.00797676e-01 -1.50624700e-02  1.10178448e-01
   1.65318865e-02 -7.63573498e-02 -5.54181151e-02  3.89626622e-02
   1.42612025e-01  4.24219016e-03  1.18336633e-01  1.11462940e-02
   1.84283301e-01 -1.29891589e-01  3.65189835e-02  4.54763230e-03
   3.12262622e-04  2.96804141e-02 -5.69398776e-02  8.77325162e-02
  -5.45774698e-02  1.77222446e-01  8.51939321e-02 -1.31613702e-01
  -9.50630754e-02 -7.11610839e-02 -1.39925048e-01 -4.38636318e-02
  -8.38765278e-02 -6.13636635e-02  1.05064847e-01  4.20705266e-02
  -9.15288851e-02 -5.80147021e-02  1.08881369e-01 -1.32232070e-01
   1.26868067e-02  5.34684323e-02 -4.65039127e-02 -1.64254412e-01
  -4.74282093e-02 -9.52988192e-02 -2.05236748e-02 -5.36197908e-02
  -8.28513131e-02  6.99525177e-02 -7.75813311e-02 -4.97391969e-02
   3.45663242e-02 -7.17515498e-02  1.22533299e-01  9.98051167e-02
   1.06543869e-01 -3.62736136e-02  4.31596227e-02 -4.88959178e-02
   2.30259255e-01 -2.32179722e-04 -1.45527735e-01 -7.53294304e-02
  -2.47971360e-02 -4.24984507e-02 -2.03766767e-02  1.77266568e-01
   4.39266413e-02 -1.32654384e-01 -1.13267809e-01 -1.03299551e-01
   1.45924360e-01 -4.25160490e-02  8.15213565e-03 -1.63423568e-02
  -4.91577946e-02  6.36483217e-03 -4.39416990e-02 -3.38107795e-02
   1.04832854e-02  4.20025513e-02 -9.94466767e-02  7.55979940e-02
   4.44518141e-02 -6.49388880e-02 -3.16299722e-02 -7.92176798e-02
  -6.18754514e-02  7.18849897e-02 -4.04858729e-03 -7.11627901e-02
   2.02271253e-01  4.40135002e-02  4.71619554e-02 -1.49552569e-01
   8.01774412e-02 -1.58487097e-03 -8.07631016e-02 -1.36812612e-01
  -1.40420660e-01  6.51285704e-03  1.45471116e-04  6.54479042e-02
  -2.28883252e-02 -7.48795643e-03 -1.83020290e-02 -8.58054906e-02]
 [ 1.88383758e-01 -9.39901546e-02 -1.31660521e-01 -1.15545765e-01
   1.34181846e-02  3.31610590e-02  3.29495631e-02 -1.89694203e-02
   2.86852941e-02 -4.34789546e-02 -6.24607541e-02 -8.92989635e-02
  -6.52598590e-02  1.94594488e-01 -1.16593719e-01 -3.07900850e-02
   1.39674559e-01  3.89296822e-02 -3.27961147e-02  3.94627638e-02
   2.53645200e-02  1.92094341e-01 -9.22689438e-02  8.63442272e-02
   1.35851800e-01 -5.55908196e-02 -7.98493326e-02  1.60981134e-01
   5.10418415e-03 -7.33182654e-02 -7.94551000e-02  5.47571294e-02
   1.12252988e-01 -7.90461060e-03  6.98280782e-02  8.14369395e-02
   9.75543857e-02 -6.79398403e-02  1.57237664e-01 -7.05840439e-02
  -3.80924456e-02 -6.05273619e-02 -1.23105586e-01  9.44046900e-02
  -1.57494657e-02 -8.65964741e-02  2.90961470e-02 -9.89855602e-02
  -5.32881692e-02  1.46907615e-02 -9.19327438e-02  1.50853023e-01
   1.67650685e-01  5.26414551e-02  1.81739584e-01  1.36586487e-01
  -9.30986702e-02 -1.36672771e-02  5.88119663e-02 -8.22201893e-02
   4.13672403e-02  1.52184209e-02  2.19145477e-01 -2.02105641e-02
  -4.39156853e-02  2.51488894e-01  1.58578157e-02 -7.01339468e-02
  -3.68088037e-02 -9.73264966e-03  2.12965291e-02 -5.88191673e-02
   3.59565858e-03 -8.24106857e-02  1.57196492e-01  6.26870394e-02
  -3.73823307e-02 -5.94951324e-02  6.83132410e-02 -4.44806144e-02
  -2.69372668e-02 -6.89548552e-02 -9.75462347e-02  1.07938439e-01
   1.15130143e-02 -2.70314775e-02  8.51497054e-02  1.52780384e-01
   6.68970048e-02 -8.10877159e-02  1.09732099e-01  1.86242089e-01
   2.01799259e-01 -3.21497954e-02  1.21535100e-01  9.80329700e-03
   4.55389544e-02 -6.62246868e-02 -9.12343785e-02  4.74386513e-02
   6.22059591e-02  2.73149274e-02 -2.05747434e-03  5.23547269e-02
  -6.08275197e-02 -4.31392305e-02  2.07056850e-02 -3.60897817e-02
  -9.03686136e-02  7.55397081e-02 -4.31068391e-02  4.58238237e-02
   9.03099924e-02  9.45237726e-02 -3.43270041e-02  1.49570629e-02
  -6.52221218e-02 -6.32607862e-02 -3.01970821e-02  5.53549491e-02
  -4.26016264e-02 -4.32905443e-02 -2.12095492e-02 -8.82732049e-02
   1.48394257e-02 -4.61747125e-02  8.92913640e-02  7.54594430e-02]]
[[ 1.54775083e-01 -9.41262320e-02 -1.08657137e-01 -2.47581616e-01
   4.63498868e-02  8.45113546e-02 -7.15261996e-02 -7.21727312e-02
   9.73106846e-02  8.82386602e-03 -1.52117506e-01  5.30206189e-02
   4.46842574e-02 -1.02804251e-01  1.16745541e-02 -8.69503021e-02
   1.36250347e-01 -2.73920745e-02  3.04000713e-02 -1.25479639e-01
  -7.54914656e-02 -7.20456764e-02  3.52363177e-02 -2.75559183e-02
  -3.15563381e-02 -1.00797676e-01 -1.50624700e-02  1.10178448e-01
   1.65318865e-02 -7.63573498e-02 -5.54181151e-02  3.89626622e-02
   1.42612025e-01  4.24219016e-03  1.18336633e-01  1.11462940e-02
   1.84283301e-01 -1.29891589e-01  3.65189835e-02  4.54763230e-03
   3.12262622e-04  2.96804141e-02 -5.69398776e-02  8.77325162e-02
  -5.45774698e-02  1.77222446e-01  8.51939321e-02 -1.31613702e-01
  -9.50630754e-02 -7.11610839e-02 -1.39925048e-01 -4.38636318e-02
  -8.38765278e-02 -6.13636635e-02  1.05064847e-01  4.20705266e-02
  -9.15288851e-02 -5.80147021e-02  1.08881369e-01 -1.32232070e-01
   1.26868067e-02  5.34684323e-02 -4.65039127e-02 -1.64254412e-01
  -4.74282093e-02 -9.52988192e-02 -2.05236748e-02 -5.36197908e-02
  -8.28513131e-02  6.99525177e-02 -7.75813311e-02 -4.97391969e-02
   3.45663242e-02 -7.17515498e-02  1.22533299e-01  9.98051167e-02
   1.06543869e-01 -3.62736136e-02  4.31596227e-02 -4.88959178e-02
   2.30259255e-01 -2.32179722e-04 -1.45527735e-01 -7.53294304e-02
  -2.47971360e-02 -4.24984507e-02 -2.03766767e-02  1.77266568e-01
   4.39266413e-02 -1.32654384e-01 -1.13267809e-01 -1.03299551e-01
   1.45924360e-01 -4.25160490e-02  8.15213565e-03 -1.63423568e-02
  -4.91577946e-02  6.36483217e-03 -4.39416990e-02 -3.38107795e-02
   1.04832854e-02  4.20025513e-02 -9.94466767e-02  7.55979940e-02
   4.44518141e-02 -6.49388880e-02 -3.16299722e-02 -7.92176798e-02
  -6.18754514e-02  7.18849897e-02 -4.04858729e-03 -7.11627901e-02
   2.02271253e-01  4.40135002e-02  4.71619554e-02 -1.49552569e-01
   8.01774412e-02 -1.58487097e-03 -8.07631016e-02 -1.36812612e-01
  -1.40420660e-01  6.51285704e-03  1.45471116e-04  6.54479042e-02
  -2.28883252e-02 -7.48795643e-03 -1.83020290e-02 -8.58054906e-02]
 [ 1.88383758e-01 -9.39901546e-02 -1.31660521e-01 -1.15545765e-01
   1.34181846e-02  3.31610590e-02  3.29495631e-02 -1.89694203e-02
   2.86852941e-02 -4.34789546e-02 -6.24607541e-02 -8.92989635e-02
  -6.52598590e-02  1.94594488e-01 -1.16593719e-01 -3.07900850e-02
   1.39674559e-01  3.89296822e-02 -3.27961147e-02  3.94627638e-02
   2.53645200e-02  1.92094341e-01 -9.22689438e-02  8.63442272e-02
   1.35851800e-01 -5.55908196e-02 -7.98493326e-02  1.60981134e-01
   5.10418415e-03 -7.33182654e-02 -7.94551000e-02  5.47571294e-02
   1.12252988e-01 -7.90461060e-03  6.98280782e-02  8.14369395e-02
   9.75543857e-02 -6.79398403e-02  1.57237664e-01 -7.05840439e-02
  -3.80924456e-02 -6.05273619e-02 -1.23105586e-01  9.44046900e-02
  -1.57494657e-02 -8.65964741e-02  2.90961470e-02 -9.89855602e-02
  -5.32881692e-02  1.46907615e-02 -9.19327438e-02  1.50853023e-01
   1.67650685e-01  5.26414551e-02  1.81739584e-01  1.36586487e-01
  -9.30986702e-02 -1.36672771e-02  5.88119663e-02 -8.22201893e-02
   4.13672403e-02  1.52184209e-02  2.19145477e-01 -2.02105641e-02
  -4.39156853e-02  2.51488894e-01  1.58578157e-02 -7.01339468e-02
  -3.68088037e-02 -9.73264966e-03  2.12965291e-02 -5.88191673e-02
   3.59565858e-03 -8.24106857e-02  1.57196492e-01  6.26870394e-02
  -3.73823307e-02 -5.94951324e-02  6.83132410e-02 -4.44806144e-02
  -2.69372668e-02 -6.89548552e-02 -9.75462347e-02  1.07938439e-01
   1.15130143e-02 -2.70314775e-02  8.51497054e-02  1.52780384e-01
   6.68970048e-02 -8.10877159e-02  1.09732099e-01  1.86242089e-01
   2.01799259e-01 -3.21497954e-02  1.21535100e-01  9.80329700e-03
   4.55389544e-02 -6.62246868e-02 -9.12343785e-02  4.74386513e-02
   6.22059591e-02  2.73149274e-02 -2.05747434e-03  5.23547269e-02
  -6.08275197e-02 -4.31392305e-02  2.07056850e-02 -3.60897817e-02
  -9.03686136e-02  7.55397081e-02 -4.31068391e-02  4.58238237e-02
   9.03099924e-02  9.45237726e-02 -3.43270041e-02  1.49570629e-02
  -6.52221218e-02 -6.32607862e-02 -3.01970821e-02  5.53549491e-02
  -4.26016264e-02 -4.32905443e-02 -2.12095492e-02 -8.82732049e-02
   1.48394257e-02 -4.61747125e-02  8.92913640e-02  7.54594430e-02]]
