[[ 2.20792979e-01 -1.06000789e-01 -1.43247724e-01 -9.05556455e-02
   5.12905233e-02  1.41138539e-01  2.72481404e-02 -7.32969074e-03
   1.16957135e-01 -5.78862503e-02 -3.28704044e-02 -8.94463360e-02
  -9.10033807e-02  1.89400032e-01 -1.20070212e-01 -6.54280335e-02
   1.81273848e-01  3.56217250e-02 -5.36544854e-03 -3.63743678e-03
   4.47918335e-03  1.69368178e-01 -6.09577037e-02  1.59675200e-02
   3.36599164e-02 -1.84225086e-02 -6.46397695e-02  1.97024763e-01
   2.34816857e-02 -8.29622000e-02 -8.53309557e-02  1.74464546e-02
   1.46907968e-02  7.36110937e-03  1.53323665e-01  1.00522749e-01
   8.99761245e-02 -8.13828260e-02  7.23119676e-02 -6.04334213e-02
  -2.20466964e-02 -6.80250749e-02 -1.02048412e-01  1.32383034e-01
   2.88106296e-02 -5.64501099e-02  1.83927454e-03 -9.18404981e-02
  -2.88844518e-02 -2.82833707e-02 -1.04569227e-01  4.25525792e-02
   1.60412520e-01  7.55319893e-02  1.95028380e-01  6.37398288e-02
  -1.23780347e-01 -1.73124764e-02  5.30944988e-02 -6.99476078e-02
   6.74032746e-03 -2.27421355e-02  1.82396904e-01 -1.04542705e-03
  -4.85827737e-02  2.04685271e-01  2.56714169e-02 -7.18847066e-02
  -2.31652167e-02 -3.78121622e-02  5.60774617e-02 -4.84841987e-02
  -8.20547529e-03 -7.52378181e-02  1.45750225e-01  5.35354502e-02
  -8.92687961e-02 -6.06803000e-02  5.02758771e-02 -5.68050146e-03
  -4.01647054e-02 -1.06249854e-01 -9.84541699e-02  1.39938444e-01
  -9.30061471e-03  4.62350622e-02  8.78421515e-02  1.33480564e-01
   1.08383253e-01 -9.60758105e-02  1.42796651e-01  1.60827190e-01
   2.27415457e-01 -1.77489407e-02  1.11834168e-01 -1.68362856e-02
   2.63191890e-02 -8.21770430e-02 -8.11138302e-02  4.11165170e-02
   5.62976263e-02 -4.14625630e-02 -9.27767716e-03  8.91680345e-02
  -4.44050133e-03  1.19572636e-02  3.26898918e-02 -8.00915807e-02
  -9.72506776e-02  8.22016075e-02 -1.71410013e-02  2.52762847e-02
   5.15487678e-02  1.63337067e-01 -5.29889800e-02  3.05132614e-03
  -4.87270281e-02 -8.60504583e-02 -1.95258148e-02  4.25046571e-02
  -4.29376848e-02 -7.05297738e-02 -1.63331665e-02 -9.65863392e-02
   1.53567016e-04 -3.58221829e-02  2.49522645e-02  7.15260580e-02]]
[[ 2.20792979e-01 -1.06000789e-01 -1.43247724e-01 -9.05556455e-02
   5.12905233e-02  1.41138539e-01  2.72481404e-02 -7.32969074e-03
   1.16957135e-01 -5.78862503e-02 -3.28704044e-02 -8.94463360e-02
  -9.10033807e-02  1.89400032e-01 -1.20070212e-01 -6.54280335e-02
   1.81273848e-01  3.56217250e-02 -5.36544854e-03 -3.63743678e-03
   4.47918335e-03  1.69368178e-01 -6.09577037e-02  1.59675200e-02
   3.36599164e-02 -1.84225086e-02 -6.46397695e-02  1.97024763e-01
   2.34816857e-02 -8.29622000e-02 -8.53309557e-02  1.74464546e-02
   1.46907968e-02  7.36110937e-03  1.53323665e-01  1.00522749e-01
   8.99761245e-02 -8.13828260e-02  7.23119676e-02 -6.04334213e-02
  -2.20466964e-02 -6.80250749e-02 -1.02048412e-01  1.32383034e-01
   2.88106296e-02 -5.64501099e-02  1.83927454e-03 -9.18404981e-02
  -2.88844518e-02 -2.82833707e-02 -1.04569227e-01  4.25525792e-02
   1.60412520e-01  7.55319893e-02  1.95028380e-01  6.37398288e-02
  -1.23780347e-01 -1.73124764e-02  5.30944988e-02 -6.99476078e-02
   6.74032746e-03 -2.27421355e-02  1.82396904e-01 -1.04542705e-03
  -4.85827737e-02  2.04685271e-01  2.56714169e-02 -7.18847066e-02
  -2.31652167e-02 -3.78121622e-02  5.60774617e-02 -4.84841987e-02
  -8.20547529e-03 -7.52378181e-02  1.45750225e-01  5.35354502e-02
  -8.92687961e-02 -6.06803000e-02  5.02758771e-02 -5.68050146e-03
  -4.01647054e-02 -1.06249854e-01 -9.84541699e-02  1.39938444e-01
  -9.30061471e-03  4.62350622e-02  8.78421515e-02  1.33480564e-01
   1.08383253e-01 -9.60758105e-02  1.42796651e-01  1.60827190e-01
   2.27415457e-01 -1.77489407e-02  1.11834168e-01 -1.68362856e-02
   2.63191890e-02 -8.21770430e-02 -8.11138302e-02  4.11165170e-02
   5.62976263e-02 -4.14625630e-02 -9.27767716e-03  8.91680345e-02
  -4.44050133e-03  1.19572636e-02  3.26898918e-02 -8.00915807e-02
  -9.72506776e-02  8.22016075e-02 -1.71410013e-02  2.52762847e-02
   5.15487678e-02  1.63337067e-01 -5.29889800e-02  3.05132614e-03
  -4.87270281e-02 -8.60504583e-02 -1.95258148e-02  4.25046571e-02
  -4.29376848e-02 -7.05297738e-02 -1.63331665e-02 -9.65863392e-02
   1.53567016e-04 -3.58221829e-02  2.49522645e-02  7.15260580e-02]]
[[ 2.20792979e-01 -1.06000789e-01 -1.43247724e-01 -9.05556455e-02
   5.12905233e-02  1.41138539e-01  2.72481404e-02 -7.32969074e-03
   1.16957135e-01 -5.78862503e-02 -3.28704044e-02 -8.94463360e-02
  -9.10033807e-02  1.89400032e-01 -1.20070212e-01 -6.54280335e-02
   1.81273848e-01  3.56217250e-02 -5.36544854e-03 -3.63743678e-03
   4.47918335e-03  1.69368178e-01 -6.09577037e-02  1.59675200e-02
   3.36599164e-02 -1.84225086e-02 -6.46397695e-02  1.97024763e-01
   2.34816857e-02 -8.29622000e-02 -8.53309557e-02  1.74464546e-02
   1.46907968e-02  7.36110937e-03  1.53323665e-01  1.00522749e-01
   8.99761245e-02 -8.13828260e-02  7.23119676e-02 -6.04334213e-02
  -2.20466964e-02 -6.80250749e-02 -1.02048412e-01  1.32383034e-01
   2.88106296e-02 -5.64501099e-02  1.83927454e-03 -9.18404981e-02
  -2.88844518e-02 -2.82833707e-02 -1.04569227e-01  4.25525792e-02
   1.60412520e-01  7.55319893e-02  1.95028380e-01  6.37398288e-02
  -1.23780347e-01 -1.73124764e-02  5.30944988e-02 -6.99476078e-02
   6.74032746e-03 -2.27421355e-02  1.82396904e-01 -1.04542705e-03
  -4.85827737e-02  2.04685271e-01  2.56714169e-02 -7.18847066e-02
  -2.31652167e-02 -3.78121622e-02  5.60774617e-02 -4.84841987e-02
  -8.20547529e-03 -7.52378181e-02  1.45750225e-01  5.35354502e-02
  -8.92687961e-02 -6.06803000e-02  5.02758771e-02 -5.68050146e-03
  -4.01647054e-02 -1.06249854e-01 -9.84541699e-02  1.39938444e-01
  -9.30061471e-03  4.62350622e-02  8.78421515e-02  1.33480564e-01
   1.08383253e-01 -9.60758105e-02  1.42796651e-01  1.60827190e-01
   2.27415457e-01 -1.77489407e-02  1.11834168e-01 -1.68362856e-02
   2.63191890e-02 -8.21770430e-02 -8.11138302e-02  4.11165170e-02
   5.62976263e-02 -4.14625630e-02 -9.27767716e-03  8.91680345e-02
  -4.44050133e-03  1.19572636e-02  3.26898918e-02 -8.00915807e-02
  -9.72506776e-02  8.22016075e-02 -1.71410013e-02  2.52762847e-02
   5.15487678e-02  1.63337067e-01 -5.29889800e-02  3.05132614e-03
  -4.87270281e-02 -8.60504583e-02 -1.95258148e-02  4.25046571e-02
  -4.29376848e-02 -7.05297738e-02 -1.63331665e-02 -9.65863392e-02
   1.53567016e-04 -3.58221829e-02  2.49522645e-02  7.15260580e-02]]
