[[ 0.17183244 -0.09382211 -0.11031042 -0.20162068  0.04331861  0.11016361
  -0.09685346 -0.05746545 -0.00209557 -0.01969053 -0.14691831  0.00615593
   0.03533756 -0.10356986  0.08205718 -0.02944024  0.10950098 -0.08258574
   0.06196547 -0.11044791 -0.07317086 -0.02045947 -0.01556081 -0.01688223
   0.07038818 -0.10287181 -0.09527482  0.15536818 -0.00320491 -0.0543915
  -0.04429121  0.03676547  0.10579331  0.03989511  0.14150032  0.06906907
   0.18901965 -0.10673442  0.12837753 -0.0279703   0.06908148 -0.01749956
  -0.03774373  0.1159092  -0.04564958  0.16603564  0.04455297 -0.10924216
  -0.06321776 -0.03709178 -0.13022165  0.02264054 -0.06530353 -0.08677559
   0.11971013  0.12637788 -0.14087987 -0.03609904  0.1393436  -0.13229789
   0.05982351  0.08107749 -0.04274351 -0.14782074 -0.06524036 -0.09324457
  -0.0894888  -0.04567758 -0.08018717  0.09123401 -0.00920649 -0.04547301
   0.06812263 -0.06726293  0.12288029  0.10810096  0.13252771 -0.04528313
   0.0316779  -0.03652276  0.24453813  0.06207928 -0.13490154 -0.07916646
  -0.01613931 -0.05158682 -0.03161009  0.1317132   0.02937254 -0.06979457
  -0.08057573 -0.07901153  0.17016897  0.00319485  0.01491247  0.02333388
  -0.04842123 -0.00712613 -0.00569059  0.00526934 -0.02870297  0.08520781
  -0.07469141  0.03287238  0.02080805 -0.02727265  0.03833875 -0.08764777
  -0.0012934   0.12294324 -0.0318055  -0.08512857  0.13554014  0.02526918
   0.00687197 -0.12270325  0.0898682   0.00652982 -0.08027789 -0.11956637
  -0.14437333  0.05023013  0.04474784  0.10788337 -0.01381818 -0.01076273
   0.02449544 -0.12180821]
 [ 0.2141648  -0.09986401 -0.14282824 -0.10463054  0.0608785   0.10898532
   0.03853741  0.00096068  0.07021821 -0.05816137 -0.05299506 -0.08364408
  -0.08197182  0.20830247 -0.11620605 -0.02767677  0.19140889  0.02594322
  -0.01683321  0.00743887 -0.01298175  0.17920344 -0.07754958  0.05002141
   0.07217981 -0.03786126 -0.05735531  0.19063306  0.00932178 -0.0814302
  -0.0858181   0.02062415  0.06465083 -0.01221993  0.14275214  0.09608328
   0.10201084 -0.07870256  0.10670169 -0.06971871 -0.01279138 -0.06221643
  -0.10412633  0.11388713  0.01100721 -0.07280793  0.00800338 -0.09406389
  -0.03900639 -0.01498812 -0.1033926   0.08186343  0.15728872  0.07851378
   0.20118026  0.08495301 -0.10773312 -0.0133981   0.07004693 -0.06886695
   0.02181199 -0.01458414  0.19178411 -0.00817118 -0.04120473  0.23046236
   0.02562756 -0.05828425 -0.03719902 -0.03103731  0.02973632 -0.06832129
  -0.01892435 -0.07089837  0.16526417  0.06051046 -0.08626312 -0.06159395
   0.07247885 -0.03076805 -0.01201589 -0.09902899 -0.09553866  0.11229061
   0.01683332  0.02754421  0.08424582  0.13454317  0.0967731  -0.08026661
   0.16156018  0.15434267  0.20808393 -0.0070897   0.12814105 -0.02497057
  -0.02786055 -0.08472115 -0.08453376  0.0546546   0.05472313  0.00401963
   0.00288637  0.10765263 -0.03245139  0.01227711  0.03235488 -0.05758583
  -0.08803786  0.07168131 -0.02307875 -0.002974    0.07527077  0.09823946
  -0.03153904 -0.01939453 -0.04515512 -0.08074833 -0.00422844  0.04219712
  -0.03977842 -0.06946038  0.00242767 -0.09299386  0.00515653 -0.03328077
   0.04400685  0.08286186]]
[[ 0.17183244 -0.09382211 -0.11031042 -0.20162068  0.04331861  0.11016361
  -0.09685346 -0.05746545 -0.00209557 -0.01969053 -0.14691831  0.00615593
   0.03533756 -0.10356986  0.08205718 -0.02944024  0.10950098 -0.08258574
   0.06196547 -0.11044791 -0.07317086 -0.02045947 -0.01556081 -0.01688223
   0.07038818 -0.10287181 -0.09527482  0.15536818 -0.00320491 -0.0543915
  -0.04429121  0.03676547  0.10579331  0.03989511  0.14150032  0.06906907
   0.18901965 -0.10673442  0.12837753 -0.0279703   0.06908148 -0.01749956
  -0.03774373  0.1159092  -0.04564958  0.16603564  0.04455297 -0.10924216
  -0.06321776 -0.03709178 -0.13022165  0.02264054 -0.06530353 -0.08677559
   0.11971013  0.12637788 -0.14087987 -0.03609904  0.1393436  -0.13229789
   0.05982351  0.08107749 -0.04274351 -0.14782074 -0.06524036 -0.09324457
  -0.0894888  -0.04567758 -0.08018717  0.09123401 -0.00920649 -0.04547301
   0.06812263 -0.06726293  0.12288029  0.10810096  0.13252771 -0.04528313
   0.0316779  -0.03652276  0.24453813  0.06207928 -0.13490154 -0.07916646
  -0.01613931 -0.05158682 -0.03161009  0.1317132   0.02937254 -0.06979457
  -0.08057573 -0.07901153  0.17016897  0.00319485  0.01491247  0.02333388
  -0.04842123 -0.00712613 -0.00569059  0.00526934 -0.02870297  0.08520781
  -0.07469141  0.03287238  0.02080805 -0.02727265  0.03833875 -0.08764777
  -0.0012934   0.12294324 -0.0318055  -0.08512857  0.13554014  0.02526918
   0.00687197 -0.12270325  0.0898682   0.00652982 -0.08027789 -0.11956637
  -0.14437333  0.05023013  0.04474784  0.10788337 -0.01381818 -0.01076273
   0.02449544 -0.12180821]
 [ 0.2141648  -0.09986401 -0.14282824 -0.10463054  0.0608785   0.10898532
   0.03853741  0.00096068  0.07021821 -0.05816137 -0.05299506 -0.08364408
  -0.08197182  0.20830247 -0.11620605 -0.02767677  0.19140889  0.02594322
  -0.01683321  0.00743887 -0.01298175  0.17920344 -0.07754958  0.05002141
   0.07217981 -0.03786126 -0.05735531  0.19063306  0.00932178 -0.0814302
  -0.0858181   0.02062415  0.06465083 -0.01221993  0.14275214  0.09608328
   0.10201084 -0.07870256  0.10670169 -0.06971871 -0.01279138 -0.06221643
  -0.10412633  0.11388713  0.01100721 -0.07280793  0.00800338 -0.09406389
  -0.03900639 -0.01498812 -0.1033926   0.08186343  0.15728872  0.07851378
   0.20118026  0.08495301 -0.10773312 -0.0133981   0.07004693 -0.06886695
   0.02181199 -0.01458414  0.19178411 -0.00817118 -0.04120473  0.23046236
   0.02562756 -0.05828425 -0.03719902 -0.03103731  0.02973632 -0.06832129
  -0.01892435 -0.07089837  0.16526417  0.06051046 -0.08626312 -0.06159395
   0.07247885 -0.03076805 -0.01201589 -0.09902899 -0.09553866  0.11229061
   0.01683332  0.02754421  0.08424582  0.13454317  0.0967731  -0.08026661
   0.16156018  0.15434267  0.20808393 -0.0070897   0.12814105 -0.02497057
  -0.02786055 -0.08472115 -0.08453376  0.0546546   0.05472313  0.00401963
   0.00288637  0.10765263 -0.03245139  0.01227711  0.03235488 -0.05758583
  -0.08803786  0.07168131 -0.02307875 -0.002974    0.07527077  0.09823946
  -0.03153904 -0.01939453 -0.04515512 -0.08074833 -0.00422844  0.04219712
  -0.03977842 -0.06946038  0.00242767 -0.09299386  0.00515653 -0.03328077
   0.04400685  0.08286186]]
[[ 0.17183244 -0.09382211 -0.11031042 -0.20162068  0.04331861  0.11016361
  -0.09685346 -0.05746545 -0.00209557 -0.01969053 -0.14691831  0.00615593
   0.03533756 -0.10356986  0.08205718 -0.02944024  0.10950098 -0.08258574
   0.06196547 -0.11044791 -0.07317086 -0.02045947 -0.01556081 -0.01688223
   0.07038818 -0.10287181 -0.09527482  0.15536818 -0.00320491 -0.0543915
  -0.04429121  0.03676547  0.10579331  0.03989511  0.14150032  0.06906907
   0.18901965 -0.10673442  0.12837753 -0.0279703   0.06908148 -0.01749956
  -0.03774373  0.1159092  -0.04564958  0.16603564  0.04455297 -0.10924216
  -0.06321776 -0.03709178 -0.13022165  0.02264054 -0.06530353 -0.08677559
   0.11971013  0.12637788 -0.14087987 -0.03609904  0.1393436  -0.13229789
   0.05982351  0.08107749 -0.04274351 -0.14782074 -0.06524036 -0.09324457
  -0.0894888  -0.04567758 -0.08018717  0.09123401 -0.00920649 -0.04547301
   0.06812263 -0.06726293  0.12288029  0.10810096  0.13252771 -0.04528313
   0.0316779  -0.03652276  0.24453813  0.06207928 -0.13490154 -0.07916646
  -0.01613931 -0.05158682 -0.03161009  0.1317132   0.02937254 -0.06979457
  -0.08057573 -0.07901153  0.17016897  0.00319485  0.01491247  0.02333388
  -0.04842123 -0.00712613 -0.00569059  0.00526934 -0.02870297  0.08520781
  -0.07469141  0.03287238  0.02080805 -0.02727265  0.03833875 -0.08764777
  -0.0012934   0.12294324 -0.0318055  -0.08512857  0.13554014  0.02526918
   0.00687197 -0.12270325  0.0898682   0.00652982 -0.08027789 -0.11956637
  -0.14437333  0.05023013  0.04474784  0.10788337 -0.01381818 -0.01076273
   0.02449544 -0.12180821]
 [ 0.2141648  -0.09986401 -0.14282824 -0.10463054  0.0608785   0.10898532
   0.03853741  0.00096068  0.07021821 -0.05816137 -0.05299506 -0.08364408
  -0.08197182  0.20830247 -0.11620605 -0.02767677  0.19140889  0.02594322
  -0.01683321  0.00743887 -0.01298175  0.17920344 -0.07754958  0.05002141
   0.07217981 -0.03786126 -0.05735531  0.19063306  0.00932178 -0.0814302
  -0.0858181   0.02062415  0.06465083 -0.01221993  0.14275214  0.09608328
   0.10201084 -0.07870256  0.10670169 -0.06971871 -0.01279138 -0.06221643
  -0.10412633  0.11388713  0.01100721 -0.07280793  0.00800338 -0.09406389
  -0.03900639 -0.01498812 -0.1033926   0.08186343  0.15728872  0.07851378
   0.20118026  0.08495301 -0.10773312 -0.0133981   0.07004693 -0.06886695
   0.02181199 -0.01458414  0.19178411 -0.00817118 -0.04120473  0.23046236
   0.02562756 -0.05828425 -0.03719902 -0.03103731  0.02973632 -0.06832129
  -0.01892435 -0.07089837  0.16526417  0.06051046 -0.08626312 -0.06159395
   0.07247885 -0.03076805 -0.01201589 -0.09902899 -0.09553866  0.11229061
   0.01683332  0.02754421  0.08424582  0.13454317  0.0967731  -0.08026661
   0.16156018  0.15434267  0.20808393 -0.0070897   0.12814105 -0.02497057
  -0.02786055 -0.08472115 -0.08453376  0.0546546   0.05472313  0.00401963
   0.00288637  0.10765263 -0.03245139  0.01227711  0.03235488 -0.05758583
  -0.08803786  0.07168131 -0.02307875 -0.002974    0.07527077  0.09823946
  -0.03153904 -0.01939453 -0.04515512 -0.08074833 -0.00422844  0.04219712
  -0.03977842 -0.06946038  0.00242767 -0.09299386  0.00515653 -0.03328077
   0.04400685  0.08286186]]
