[[ 0.12186269 -0.09829162 -0.09784938 -0.1057726   0.01362241  0.12043571
   0.12477023 -0.02189465  0.04445253 -0.03630059 -0.06186375 -0.04088643
  -0.03861587  0.19880639 -0.13179407 -0.12403776  0.1775805   0.1030753
  -0.08009585  0.01236361 -0.0438846   0.12733103 -0.0146738  -0.01109927
  -0.03230808 -0.04988564 -0.0094515   0.21578299 -0.03833243 -0.0572267
  -0.0878392  -0.00033279  0.06055821 -0.01943778  0.10946303  0.0224543
   0.10771675 -0.06695364 -0.01976633 -0.08730222  0.09196931 -0.10835269
  -0.08582348  0.21940908  0.05219478 -0.04435783 -0.04930009 -0.11366283
  -0.00786851 -0.0567625  -0.08659448 -0.04387736  0.09687052  0.0647243
   0.22624786  0.07477697 -0.14444585 -0.04586801  0.05352523 -0.0552405
   0.05015193 -0.0007711   0.14809315  0.02667576 -0.06782211  0.16579837
  -0.01183264 -0.07225156 -0.03641392 -0.06681322  0.04923503 -0.0788741
  -0.068002   -0.07190719  0.18137746  0.05400421 -0.13547486 -0.0909109
  -0.08855724 -0.06417041  0.056449   -0.054273   -0.09714873  0.18354602
  -0.03639784  0.04247332  0.02655514  0.12789835  0.00682848 -0.09421071
   0.02671228  0.13609122  0.20202546 -0.05016844  0.14664556  0.0330328
   0.02479314 -0.08795603 -0.0621468   0.05180944  0.05506915 -0.08728943
  -0.04496205  0.06822358  0.02080404 -0.01313261  0.02888203 -0.04415654
  -0.09673871  0.06913204  0.03741099  0.02411817 -0.00024654  0.13325797
  -0.02194356  0.04859829 -0.05184725 -0.09752911 -0.02461875  0.04138943
  -0.06703854 -0.08280396  0.05250584 -0.09830669  0.00082727 -0.07563775
  -0.02128124  0.14727205]]
[[ 0.12186269 -0.09829162 -0.09784938 -0.1057726   0.01362241  0.12043571
   0.12477023 -0.02189465  0.04445253 -0.03630059 -0.06186375 -0.04088643
  -0.03861587  0.19880639 -0.13179407 -0.12403776  0.1775805   0.1030753
  -0.08009585  0.01236361 -0.0438846   0.12733103 -0.0146738  -0.01109927
  -0.03230808 -0.04988564 -0.0094515   0.21578299 -0.03833243 -0.0572267
  -0.0878392  -0.00033279  0.06055821 -0.01943778  0.10946303  0.0224543
   0.10771675 -0.06695364 -0.01976633 -0.08730222  0.09196931 -0.10835269
  -0.08582348  0.21940908  0.05219478 -0.04435783 -0.04930009 -0.11366283
  -0.00786851 -0.0567625  -0.08659448 -0.04387736  0.09687052  0.0647243
   0.22624786  0.07477697 -0.14444585 -0.04586801  0.05352523 -0.0552405
   0.05015193 -0.0007711   0.14809315  0.02667576 -0.06782211  0.16579837
  -0.01183264 -0.07225156 -0.03641392 -0.06681322  0.04923503 -0.0788741
  -0.068002   -0.07190719  0.18137746  0.05400421 -0.13547486 -0.0909109
  -0.08855724 -0.06417041  0.056449   -0.054273   -0.09714873  0.18354602
  -0.03639784  0.04247332  0.02655514  0.12789835  0.00682848 -0.09421071
   0.02671228  0.13609122  0.20202546 -0.05016844  0.14664556  0.0330328
   0.02479314 -0.08795603 -0.0621468   0.05180944  0.05506915 -0.08728943
  -0.04496205  0.06822358  0.02080404 -0.01313261  0.02888203 -0.04415654
  -0.09673871  0.06913204  0.03741099  0.02411817 -0.00024654  0.13325797
  -0.02194356  0.04859829 -0.05184725 -0.09752911 -0.02461875  0.04138943
  -0.06703854 -0.08280396  0.05250584 -0.09830669  0.00082727 -0.07563775
  -0.02128124  0.14727205]]
[[ 0.12186269 -0.09829162 -0.09784938 -0.1057726   0.01362241  0.12043571
   0.12477023 -0.02189465  0.04445253 -0.03630059 -0.06186375 -0.04088643
  -0.03861587  0.19880639 -0.13179407 -0.12403776  0.1775805   0.1030753
  -0.08009585  0.01236361 -0.0438846   0.12733103 -0.0146738  -0.01109927
  -0.03230808 -0.04988564 -0.0094515   0.21578299 -0.03833243 -0.0572267
  -0.0878392  -0.00033279  0.06055821 -0.01943778  0.10946303  0.0224543
   0.10771675 -0.06695364 -0.01976633 -0.08730222  0.09196931 -0.10835269
  -0.08582348  0.21940908  0.05219478 -0.04435783 -0.04930009 -0.11366283
  -0.00786851 -0.0567625  -0.08659448 -0.04387736  0.09687052  0.0647243
   0.22624786  0.07477697 -0.14444585 -0.04586801  0.05352523 -0.0552405
   0.05015193 -0.0007711   0.14809315  0.02667576 -0.06782211  0.16579837
  -0.01183264 -0.07225156 -0.03641392 -0.06681322  0.04923503 -0.0788741
  -0.068002   -0.07190719  0.18137746  0.05400421 -0.13547486 -0.0909109
  -0.08855724 -0.06417041  0.056449   -0.054273   -0.09714873  0.18354602
  -0.03639784  0.04247332  0.02655514  0.12789835  0.00682848 -0.09421071
   0.02671228  0.13609122  0.20202546 -0.05016844  0.14664556  0.0330328
   0.02479314 -0.08795603 -0.0621468   0.05180944  0.05506915 -0.08728943
  -0.04496205  0.06822358  0.02080404 -0.01313261  0.02888203 -0.04415654
  -0.09673871  0.06913204  0.03741099  0.02411817 -0.00024654  0.13325797
  -0.02194356  0.04859829 -0.05184725 -0.09752911 -0.02461875  0.04138943
  -0.06703854 -0.08280396  0.05250584 -0.09830669  0.00082727 -0.07563775
  -0.02128124  0.14727205]]
