[[ 0.13845453 -0.07959774 -0.1155555  -0.07080994 -0.01757824  0.14560993
   0.12375121  0.04524716  0.05341797 -0.03558971 -0.04509835 -0.013634
  -0.03838987  0.07599883 -0.13391636 -0.15967119  0.16865495  0.12054428
  -0.07281368 -0.05254984 -0.02099869  0.1014543   0.00827168  0.00158419
  -0.07022719 -0.04155845  0.02726731  0.16113272 -0.04109005 -0.03515245
  -0.10808039  0.02835124 -0.01685065 -0.02997049  0.0486326   0.02917328
   0.11762989 -0.06140383  0.02905106 -0.06327611  0.06191411 -0.10424298
  -0.09424574  0.16424835  0.10836806 -0.02097801  0.00899774 -0.11010154
  -0.00710149 -0.08746707 -0.10659724  0.00570072  0.02418966  0.08616646
   0.18404824  0.11564717 -0.1317551  -0.08533554  0.08468428 -0.06311376
   0.00986695 -0.02146757  0.13239695  0.02067399 -0.07627284  0.18101846
  -0.00392203 -0.07796045 -0.03460911 -0.08167718  0.1365327  -0.0940522
  -0.06836812 -0.09378125  0.20770143  0.04243233 -0.09805184 -0.0759813
  -0.0812165  -0.06203854  0.07454873 -0.07024145 -0.0993266   0.16173637
  -0.05507383  0.00609997  0.01350187  0.11256721  0.03595671 -0.12113783
  -0.00520133  0.14274995  0.22834493 -0.08779306  0.12574212  0.01222036
   0.11275706 -0.08784058 -0.06236708  0.05488917  0.05295889 -0.10398917
  -0.0751772   0.05856447 -0.01505575 -0.00909482  0.01675957 -0.07245921
  -0.11598378  0.05114268  0.04800013  0.0989115   0.04744574  0.16581501
  -0.03934214  0.0547688  -0.03917748 -0.09682404 -0.00628575 -0.04136924
   0.00415554 -0.112102    0.03633593 -0.1024703  -0.01628434 -0.04612165
   0.04507305  0.14298347]]
[[ 0.13845453 -0.07959774 -0.1155555  -0.07080994 -0.01757824  0.14560993
   0.12375121  0.04524716  0.05341797 -0.03558971 -0.04509835 -0.013634
  -0.03838987  0.07599883 -0.13391636 -0.15967119  0.16865495  0.12054428
  -0.07281368 -0.05254984 -0.02099869  0.1014543   0.00827168  0.00158419
  -0.07022719 -0.04155845  0.02726731  0.16113272 -0.04109005 -0.03515245
  -0.10808039  0.02835124 -0.01685065 -0.02997049  0.0486326   0.02917328
   0.11762989 -0.06140383  0.02905106 -0.06327611  0.06191411 -0.10424298
  -0.09424574  0.16424835  0.10836806 -0.02097801  0.00899774 -0.11010154
  -0.00710149 -0.08746707 -0.10659724  0.00570072  0.02418966  0.08616646
   0.18404824  0.11564717 -0.1317551  -0.08533554  0.08468428 -0.06311376
   0.00986695 -0.02146757  0.13239695  0.02067399 -0.07627284  0.18101846
  -0.00392203 -0.07796045 -0.03460911 -0.08167718  0.1365327  -0.0940522
  -0.06836812 -0.09378125  0.20770143  0.04243233 -0.09805184 -0.0759813
  -0.0812165  -0.06203854  0.07454873 -0.07024145 -0.0993266   0.16173637
  -0.05507383  0.00609997  0.01350187  0.11256721  0.03595671 -0.12113783
  -0.00520133  0.14274995  0.22834493 -0.08779306  0.12574212  0.01222036
   0.11275706 -0.08784058 -0.06236708  0.05488917  0.05295889 -0.10398917
  -0.0751772   0.05856447 -0.01505575 -0.00909482  0.01675957 -0.07245921
  -0.11598378  0.05114268  0.04800013  0.0989115   0.04744574  0.16581501
  -0.03934214  0.0547688  -0.03917748 -0.09682404 -0.00628575 -0.04136924
   0.00415554 -0.112102    0.03633593 -0.1024703  -0.01628434 -0.04612165
   0.04507305  0.14298347]]
[[ 0.13845453 -0.07959774 -0.1155555  -0.07080994 -0.01757824  0.14560993
   0.12375121  0.04524716  0.05341797 -0.03558971 -0.04509835 -0.013634
  -0.03838987  0.07599883 -0.13391636 -0.15967119  0.16865495  0.12054428
  -0.07281368 -0.05254984 -0.02099869  0.1014543   0.00827168  0.00158419
  -0.07022719 -0.04155845  0.02726731  0.16113272 -0.04109005 -0.03515245
  -0.10808039  0.02835124 -0.01685065 -0.02997049  0.0486326   0.02917328
   0.11762989 -0.06140383  0.02905106 -0.06327611  0.06191411 -0.10424298
  -0.09424574  0.16424835  0.10836806 -0.02097801  0.00899774 -0.11010154
  -0.00710149 -0.08746707 -0.10659724  0.00570072  0.02418966  0.08616646
   0.18404824  0.11564717 -0.1317551  -0.08533554  0.08468428 -0.06311376
   0.00986695 -0.02146757  0.13239695  0.02067399 -0.07627284  0.18101846
  -0.00392203 -0.07796045 -0.03460911 -0.08167718  0.1365327  -0.0940522
  -0.06836812 -0.09378125  0.20770143  0.04243233 -0.09805184 -0.0759813
  -0.0812165  -0.06203854  0.07454873 -0.07024145 -0.0993266   0.16173637
  -0.05507383  0.00609997  0.01350187  0.11256721  0.03595671 -0.12113783
  -0.00520133  0.14274995  0.22834493 -0.08779306  0.12574212  0.01222036
   0.11275706 -0.08784058 -0.06236708  0.05488917  0.05295889 -0.10398917
  -0.0751772   0.05856447 -0.01505575 -0.00909482  0.01675957 -0.07245921
  -0.11598378  0.05114268  0.04800013  0.0989115   0.04744574  0.16581501
  -0.03934214  0.0547688  -0.03917748 -0.09682404 -0.00628575 -0.04136924
   0.00415554 -0.112102    0.03633593 -0.1024703  -0.01628434 -0.04612165
   0.04507305  0.14298347]]
