[[ 0.11926617 -0.09206472 -0.0631773  -0.02215319  0.01088197  0.10041767
   0.03130915 -0.03424359  0.09404761 -0.02385002 -0.10141086  0.05852576
  -0.00036388 -0.01370701 -0.15902755 -0.07629552  0.1615204  -0.00433286
   0.00555625  0.11241516 -0.05819628  0.11357235 -0.01625676  0.02541285
  -0.09177551 -0.03598299 -0.08639757  0.0418315  -0.00138037 -0.10885035
  -0.08800783  0.05220338 -0.05606003 -0.02322862  0.06607669 -0.02367854
   0.14298342 -0.07184052 -0.06761777 -0.05234676  0.07566056 -0.10741351
  -0.07157784  0.21709399 -0.00602294 -0.0382153   0.06286835 -0.1391489
  -0.0161204  -0.07669558 -0.11533749 -0.05462753 -0.07294881  0.03931075
   0.10456163  0.02739198 -0.1600055  -0.03911439  0.10496616 -0.05850258
  -0.01442346 -0.06960198  0.04274525 -0.08259573 -0.09825739  0.09588249
   0.0151608  -0.10886893 -0.08759629 -0.08920845  0.09389401 -0.08455193
  -0.04722675 -0.11962599  0.10770038  0.07230182 -0.1064865  -0.0636207
  -0.08954634 -0.0269308   0.05507559 -0.00311388 -0.12178895  0.16279432
  -0.1167991  -0.04507819  0.05581121  0.03781885 -0.05398011 -0.16039354
  -0.02644952  0.20339671  0.18047446 -0.03427046  0.21895874 -0.04978745
   0.05050723 -0.06857763 -0.0596316   0.02766922  0.07089753 -0.11774649
  -0.10107496 -0.0684235  -0.01158026 -0.07345456 -0.07989845 -0.10542888
  -0.14583069  0.08077502 -0.05124264  0.07369757  0.03974517  0.1910595
  -0.01269432 -0.08753122  0.02798779 -0.09078547 -0.01356955 -0.09776928
  -0.08324865 -0.10771941  0.06052712 -0.07688943 -0.13580807 -0.07583325
   0.01591586  0.12545206]]
[[ 0.11926617 -0.09206472 -0.0631773  -0.02215319  0.01088197  0.10041767
   0.03130915 -0.03424359  0.09404761 -0.02385002 -0.10141086  0.05852576
  -0.00036388 -0.01370701 -0.15902755 -0.07629552  0.1615204  -0.00433286
   0.00555625  0.11241516 -0.05819628  0.11357235 -0.01625676  0.02541285
  -0.09177551 -0.03598299 -0.08639757  0.0418315  -0.00138037 -0.10885035
  -0.08800783  0.05220338 -0.05606003 -0.02322862  0.06607669 -0.02367854
   0.14298342 -0.07184052 -0.06761777 -0.05234676  0.07566056 -0.10741351
  -0.07157784  0.21709399 -0.00602294 -0.0382153   0.06286835 -0.1391489
  -0.0161204  -0.07669558 -0.11533749 -0.05462753 -0.07294881  0.03931075
   0.10456163  0.02739198 -0.1600055  -0.03911439  0.10496616 -0.05850258
  -0.01442346 -0.06960198  0.04274525 -0.08259573 -0.09825739  0.09588249
   0.0151608  -0.10886893 -0.08759629 -0.08920845  0.09389401 -0.08455193
  -0.04722675 -0.11962599  0.10770038  0.07230182 -0.1064865  -0.0636207
  -0.08954634 -0.0269308   0.05507559 -0.00311388 -0.12178895  0.16279432
  -0.1167991  -0.04507819  0.05581121  0.03781885 -0.05398011 -0.16039354
  -0.02644952  0.20339671  0.18047446 -0.03427046  0.21895874 -0.04978745
   0.05050723 -0.06857763 -0.0596316   0.02766922  0.07089753 -0.11774649
  -0.10107496 -0.0684235  -0.01158026 -0.07345456 -0.07989845 -0.10542888
  -0.14583069  0.08077502 -0.05124264  0.07369757  0.03974517  0.1910595
  -0.01269432 -0.08753122  0.02798779 -0.09078547 -0.01356955 -0.09776928
  -0.08324865 -0.10771941  0.06052712 -0.07688943 -0.13580807 -0.07583325
   0.01591586  0.12545206]]
[[ 0.11926617 -0.09206472 -0.0631773  -0.02215319  0.01088197  0.10041767
   0.03130915 -0.03424359  0.09404761 -0.02385002 -0.10141086  0.05852576
  -0.00036388 -0.01370701 -0.15902755 -0.07629552  0.1615204  -0.00433286
   0.00555625  0.11241516 -0.05819628  0.11357235 -0.01625676  0.02541285
  -0.09177551 -0.03598299 -0.08639757  0.0418315  -0.00138037 -0.10885035
  -0.08800783  0.05220338 -0.05606003 -0.02322862  0.06607669 -0.02367854
   0.14298342 -0.07184052 -0.06761777 -0.05234676  0.07566056 -0.10741351
  -0.07157784  0.21709399 -0.00602294 -0.0382153   0.06286835 -0.1391489
  -0.0161204  -0.07669558 -0.11533749 -0.05462753 -0.07294881  0.03931075
   0.10456163  0.02739198 -0.1600055  -0.03911439  0.10496616 -0.05850258
  -0.01442346 -0.06960198  0.04274525 -0.08259573 -0.09825739  0.09588249
   0.0151608  -0.10886893 -0.08759629 -0.08920845  0.09389401 -0.08455193
  -0.04722675 -0.11962599  0.10770038  0.07230182 -0.1064865  -0.0636207
  -0.08954634 -0.0269308   0.05507559 -0.00311388 -0.12178895  0.16279432
  -0.1167991  -0.04507819  0.05581121  0.03781885 -0.05398011 -0.16039354
  -0.02644952  0.20339671  0.18047446 -0.03427046  0.21895874 -0.04978745
   0.05050723 -0.06857763 -0.0596316   0.02766922  0.07089753 -0.11774649
  -0.10107496 -0.0684235  -0.01158026 -0.07345456 -0.07989845 -0.10542888
  -0.14583069  0.08077502 -0.05124264  0.07369757  0.03974517  0.1910595
  -0.01269432 -0.08753122  0.02798779 -0.09078547 -0.01356955 -0.09776928
  -0.08324865 -0.10771941  0.06052712 -0.07688943 -0.13580807 -0.07583325
   0.01591586  0.12545206]]
