[[ 0.06642704 -0.09331275 -0.03890209 -0.00722179 -0.00177043  0.06927112
  -0.00842924  0.02851013  0.09150399  0.00275304 -0.10430278  0.09002493
   0.01204511 -0.01669407 -0.15403286 -0.06808989  0.1540626  -0.04161787
   0.00985226  0.11507832 -0.08119249  0.09167245 -0.01222326  0.08839522
  -0.09298908 -0.0180306  -0.11863995 -0.00596087 -0.02129096 -0.10765032
  -0.07135174  0.06543163 -0.03988089 -0.03848377  0.11054434 -0.03071944
   0.18890463 -0.07844338 -0.08802887 -0.04561926  0.11705082 -0.11929256
  -0.05315093  0.21433397  0.00480408 -0.00949386  0.053767   -0.12385635
   0.00692161 -0.04586405 -0.08987365 -0.05492749 -0.06701886  0.01610907
   0.04273997  0.00271743 -0.16264822 -0.04727567  0.07732233 -0.03130915
  -0.01244183 -0.08790693 -0.00182268 -0.08806906 -0.09920189  0.04264257
  -0.02950738 -0.10454831 -0.09101436 -0.09194022  0.11574767 -0.07248644
  -0.06774127 -0.1040668   0.08148175  0.1160918  -0.12479106 -0.04337818
  -0.09342744 -0.00563214  0.07858045  0.06181119 -0.11393166  0.21173249
  -0.11804347 -0.00239252  0.05954464 -0.00646915 -0.07731654 -0.1608003
  -0.02244204  0.1469637   0.17419195 -0.00732768  0.16732015 -0.07543395
   0.04367033 -0.07798419 -0.07246519 -0.00378544  0.07070116 -0.11371155
  -0.09193642 -0.07372196 -0.01885897 -0.05489156 -0.09225586 -0.1171316
  -0.14417082  0.05893882 -0.0934571   0.08161975 -0.00173111  0.21788315
   0.00636298 -0.09744934  0.0172416  -0.10012889 -0.00386234 -0.09674256
  -0.10391281 -0.09811822 -0.00381577 -0.07534587 -0.14265187 -0.07582365
  -0.0059383   0.14110878]]
[[ 0.06642704 -0.09331275 -0.03890209 -0.00722179 -0.00177043  0.06927112
  -0.00842924  0.02851013  0.09150399  0.00275304 -0.10430278  0.09002493
   0.01204511 -0.01669407 -0.15403286 -0.06808989  0.1540626  -0.04161787
   0.00985226  0.11507832 -0.08119249  0.09167245 -0.01222326  0.08839522
  -0.09298908 -0.0180306  -0.11863995 -0.00596087 -0.02129096 -0.10765032
  -0.07135174  0.06543163 -0.03988089 -0.03848377  0.11054434 -0.03071944
   0.18890463 -0.07844338 -0.08802887 -0.04561926  0.11705082 -0.11929256
  -0.05315093  0.21433397  0.00480408 -0.00949386  0.053767   -0.12385635
   0.00692161 -0.04586405 -0.08987365 -0.05492749 -0.06701886  0.01610907
   0.04273997  0.00271743 -0.16264822 -0.04727567  0.07732233 -0.03130915
  -0.01244183 -0.08790693 -0.00182268 -0.08806906 -0.09920189  0.04264257
  -0.02950738 -0.10454831 -0.09101436 -0.09194022  0.11574767 -0.07248644
  -0.06774127 -0.1040668   0.08148175  0.1160918  -0.12479106 -0.04337818
  -0.09342744 -0.00563214  0.07858045  0.06181119 -0.11393166  0.21173249
  -0.11804347 -0.00239252  0.05954464 -0.00646915 -0.07731654 -0.1608003
  -0.02244204  0.1469637   0.17419195 -0.00732768  0.16732015 -0.07543395
   0.04367033 -0.07798419 -0.07246519 -0.00378544  0.07070116 -0.11371155
  -0.09193642 -0.07372196 -0.01885897 -0.05489156 -0.09225586 -0.1171316
  -0.14417082  0.05893882 -0.0934571   0.08161975 -0.00173111  0.21788315
   0.00636298 -0.09744934  0.0172416  -0.10012889 -0.00386234 -0.09674256
  -0.10391281 -0.09811822 -0.00381577 -0.07534587 -0.14265187 -0.07582365
  -0.0059383   0.14110878]]
[[ 0.06642704 -0.09331275 -0.03890209 -0.00722179 -0.00177043  0.06927112
  -0.00842924  0.02851013  0.09150399  0.00275304 -0.10430278  0.09002493
   0.01204511 -0.01669407 -0.15403286 -0.06808989  0.1540626  -0.04161787
   0.00985226  0.11507832 -0.08119249  0.09167245 -0.01222326  0.08839522
  -0.09298908 -0.0180306  -0.11863995 -0.00596087 -0.02129096 -0.10765032
  -0.07135174  0.06543163 -0.03988089 -0.03848377  0.11054434 -0.03071944
   0.18890463 -0.07844338 -0.08802887 -0.04561926  0.11705082 -0.11929256
  -0.05315093  0.21433397  0.00480408 -0.00949386  0.053767   -0.12385635
   0.00692161 -0.04586405 -0.08987365 -0.05492749 -0.06701886  0.01610907
   0.04273997  0.00271743 -0.16264822 -0.04727567  0.07732233 -0.03130915
  -0.01244183 -0.08790693 -0.00182268 -0.08806906 -0.09920189  0.04264257
  -0.02950738 -0.10454831 -0.09101436 -0.09194022  0.11574767 -0.07248644
  -0.06774127 -0.1040668   0.08148175  0.1160918  -0.12479106 -0.04337818
  -0.09342744 -0.00563214  0.07858045  0.06181119 -0.11393166  0.21173249
  -0.11804347 -0.00239252  0.05954464 -0.00646915 -0.07731654 -0.1608003
  -0.02244204  0.1469637   0.17419195 -0.00732768  0.16732015 -0.07543395
   0.04367033 -0.07798419 -0.07246519 -0.00378544  0.07070116 -0.11371155
  -0.09193642 -0.07372196 -0.01885897 -0.05489156 -0.09225586 -0.1171316
  -0.14417082  0.05893882 -0.0934571   0.08161975 -0.00173111  0.21788315
   0.00636298 -0.09744934  0.0172416  -0.10012889 -0.00386234 -0.09674256
  -0.10391281 -0.09811822 -0.00381577 -0.07534587 -0.14265187 -0.07582365
  -0.0059383   0.14110878]]
