[[ 0.08690064 -0.10551602 -0.07226507 -0.02834298 -0.00326513  0.14858955
   0.0905521  -0.03217261  0.08129817 -0.03342718 -0.05865608 -0.00501365
  -0.00429631  0.03758935 -0.13803805 -0.12724325  0.16578808  0.06326675
  -0.05601353  0.02997163 -0.01833373  0.12192517 -0.00880251 -0.01876606
  -0.08802586 -0.05340201 -0.02542018  0.18099657  0.03220161 -0.06778903
  -0.11090268  0.03136519  0.00193592 -0.03369144  0.08276812 -0.03660491
   0.13222525 -0.09775122 -0.03326416 -0.05061981  0.03201886 -0.11439377
  -0.04474287  0.18187356  0.08357286 -0.03226803  0.00610934 -0.12052777
  -0.034368   -0.07727332 -0.10082946 -0.01277441  0.03389919  0.03710468
   0.17235221  0.11387943 -0.15154207 -0.07512318  0.08758444 -0.06930478
  -0.02671561 -0.01878596  0.13512698 -0.02931579 -0.08877944  0.12118155
   0.0207861  -0.09290226 -0.03570635 -0.07922924  0.15036543 -0.0840966
  -0.047778   -0.10662274  0.220439    0.04112098 -0.10614485 -0.08411017
  -0.09509322 -0.06816872  0.05819541 -0.08346996 -0.11411498  0.18218286
  -0.06290247 -0.03257641  0.01594596  0.0961058  -0.0015685  -0.13749446
  -0.02729619  0.1273846   0.23720154 -0.05181201  0.14010799  0.01775442
   0.12967218 -0.0722703  -0.04393779  0.05907905  0.03184533 -0.11085924
  -0.06517092  0.03605098 -0.01497142 -0.01493003 -0.00480404 -0.07711211
  -0.12957034  0.05725803  0.03183503  0.09357597  0.03779902  0.20229211
  -0.03571501  0.00839022 -0.04237103 -0.0889065  -0.00772431 -0.06569663
  -0.06175017 -0.1050221   0.06305732 -0.09854582 -0.05293743 -0.05681775
   0.0350765   0.13944498]]
[[ 0.08690064 -0.10551602 -0.07226507 -0.02834298 -0.00326513  0.14858955
   0.0905521  -0.03217261  0.08129817 -0.03342718 -0.05865608 -0.00501365
  -0.00429631  0.03758935 -0.13803805 -0.12724325  0.16578808  0.06326675
  -0.05601353  0.02997163 -0.01833373  0.12192517 -0.00880251 -0.01876606
  -0.08802586 -0.05340201 -0.02542018  0.18099657  0.03220161 -0.06778903
  -0.11090268  0.03136519  0.00193592 -0.03369144  0.08276812 -0.03660491
   0.13222525 -0.09775122 -0.03326416 -0.05061981  0.03201886 -0.11439377
  -0.04474287  0.18187356  0.08357286 -0.03226803  0.00610934 -0.12052777
  -0.034368   -0.07727332 -0.10082946 -0.01277441  0.03389919  0.03710468
   0.17235221  0.11387943 -0.15154207 -0.07512318  0.08758444 -0.06930478
  -0.02671561 -0.01878596  0.13512698 -0.02931579 -0.08877944  0.12118155
   0.0207861  -0.09290226 -0.03570635 -0.07922924  0.15036543 -0.0840966
  -0.047778   -0.10662274  0.220439    0.04112098 -0.10614485 -0.08411017
  -0.09509322 -0.06816872  0.05819541 -0.08346996 -0.11411498  0.18218286
  -0.06290247 -0.03257641  0.01594596  0.0961058  -0.0015685  -0.13749446
  -0.02729619  0.1273846   0.23720154 -0.05181201  0.14010799  0.01775442
   0.12967218 -0.0722703  -0.04393779  0.05907905  0.03184533 -0.11085924
  -0.06517092  0.03605098 -0.01497142 -0.01493003 -0.00480404 -0.07711211
  -0.12957034  0.05725803  0.03183503  0.09357597  0.03779902  0.20229211
  -0.03571501  0.00839022 -0.04237103 -0.0889065  -0.00772431 -0.06569663
  -0.06175017 -0.1050221   0.06305732 -0.09854582 -0.05293743 -0.05681775
   0.0350765   0.13944498]]
[[ 0.08690064 -0.10551602 -0.07226507 -0.02834298 -0.00326513  0.14858955
   0.0905521  -0.03217261  0.08129817 -0.03342718 -0.05865608 -0.00501365
  -0.00429631  0.03758935 -0.13803805 -0.12724325  0.16578808  0.06326675
  -0.05601353  0.02997163 -0.01833373  0.12192517 -0.00880251 -0.01876606
  -0.08802586 -0.05340201 -0.02542018  0.18099657  0.03220161 -0.06778903
  -0.11090268  0.03136519  0.00193592 -0.03369144  0.08276812 -0.03660491
   0.13222525 -0.09775122 -0.03326416 -0.05061981  0.03201886 -0.11439377
  -0.04474287  0.18187356  0.08357286 -0.03226803  0.00610934 -0.12052777
  -0.034368   -0.07727332 -0.10082946 -0.01277441  0.03389919  0.03710468
   0.17235221  0.11387943 -0.15154207 -0.07512318  0.08758444 -0.06930478
  -0.02671561 -0.01878596  0.13512698 -0.02931579 -0.08877944  0.12118155
   0.0207861  -0.09290226 -0.03570635 -0.07922924  0.15036543 -0.0840966
  -0.047778   -0.10662274  0.220439    0.04112098 -0.10614485 -0.08411017
  -0.09509322 -0.06816872  0.05819541 -0.08346996 -0.11411498  0.18218286
  -0.06290247 -0.03257641  0.01594596  0.0961058  -0.0015685  -0.13749446
  -0.02729619  0.1273846   0.23720154 -0.05181201  0.14010799  0.01775442
   0.12967218 -0.0722703  -0.04393779  0.05907905  0.03184533 -0.11085924
  -0.06517092  0.03605098 -0.01497142 -0.01493003 -0.00480404 -0.07711211
  -0.12957034  0.05725803  0.03183503  0.09357597  0.03779902  0.20229211
  -0.03571501  0.00839022 -0.04237103 -0.0889065  -0.00772431 -0.06569663
  -0.06175017 -0.1050221   0.06305732 -0.09854582 -0.05293743 -0.05681775
   0.0350765   0.13944498]]
