[[ 0.15578057 -0.09504288 -0.11852252 -0.10473139 -0.01597824  0.16790171
   0.12907845  0.01908515  0.06399156 -0.04692034 -0.04644993 -0.01254424
  -0.07329074  0.1208471  -0.13982724 -0.1402174   0.18537559  0.12141362
  -0.06547607 -0.05452736 -0.02137105  0.0870358  -0.00287434 -0.03654695
  -0.05688283 -0.05979023  0.04262712  0.1792051  -0.01834329 -0.03223724
  -0.1030523   0.00092939  0.01144936 -0.01795043  0.05446867  0.03510521
   0.10035198 -0.06294094  0.04239817 -0.06709903  0.06768495 -0.10296141
  -0.09859977  0.17094037  0.07880771 -0.04444334 -0.02553274 -0.11965082
  -0.02314265 -0.07438172 -0.10354747 -0.00173825  0.06373228  0.08048382
   0.19154674  0.10274711 -0.12561224 -0.06476001  0.08086184 -0.07153617
   0.02666741 -0.02531032  0.14175403 -0.00926247 -0.05462162  0.19622783
   0.01293331 -0.08011458 -0.06773752 -0.07644241  0.07060096 -0.09016608
  -0.07032435 -0.09217415  0.2090369   0.04473605 -0.10171735 -0.07899182
  -0.08548735 -0.07984742  0.07691793 -0.0701264  -0.10208871  0.15867071
  -0.01528295  0.04009803  0.00425249  0.15951958  0.028149   -0.11149009
   0.02533366  0.11721316  0.22378588 -0.07748875  0.12307151  0.01219046
   0.06534308 -0.09132807 -0.06026387  0.05254233  0.02840862 -0.10153411
  -0.07798973  0.04335346  0.01098319  0.01306205  0.02729324 -0.06678338
  -0.1122034   0.05707672  0.08588319  0.05637872  0.06676173  0.12170012
  -0.02205366  0.04221626 -0.04282781 -0.09531462 -0.02272907  0.00052717
  -0.01614272 -0.11127459  0.04576229 -0.10460687  0.00333407 -0.03869479
   0.01442314  0.12581432]]
[[ 0.15578057 -0.09504288 -0.11852252 -0.10473139 -0.01597824  0.16790171
   0.12907845  0.01908515  0.06399156 -0.04692034 -0.04644993 -0.01254424
  -0.07329074  0.1208471  -0.13982724 -0.1402174   0.18537559  0.12141362
  -0.06547607 -0.05452736 -0.02137105  0.0870358  -0.00287434 -0.03654695
  -0.05688283 -0.05979023  0.04262712  0.1792051  -0.01834329 -0.03223724
  -0.1030523   0.00092939  0.01144936 -0.01795043  0.05446867  0.03510521
   0.10035198 -0.06294094  0.04239817 -0.06709903  0.06768495 -0.10296141
  -0.09859977  0.17094037  0.07880771 -0.04444334 -0.02553274 -0.11965082
  -0.02314265 -0.07438172 -0.10354747 -0.00173825  0.06373228  0.08048382
   0.19154674  0.10274711 -0.12561224 -0.06476001  0.08086184 -0.07153617
   0.02666741 -0.02531032  0.14175403 -0.00926247 -0.05462162  0.19622783
   0.01293331 -0.08011458 -0.06773752 -0.07644241  0.07060096 -0.09016608
  -0.07032435 -0.09217415  0.2090369   0.04473605 -0.10171735 -0.07899182
  -0.08548735 -0.07984742  0.07691793 -0.0701264  -0.10208871  0.15867071
  -0.01528295  0.04009803  0.00425249  0.15951958  0.028149   -0.11149009
   0.02533366  0.11721316  0.22378588 -0.07748875  0.12307151  0.01219046
   0.06534308 -0.09132807 -0.06026387  0.05254233  0.02840862 -0.10153411
  -0.07798973  0.04335346  0.01098319  0.01306205  0.02729324 -0.06678338
  -0.1122034   0.05707672  0.08588319  0.05637872  0.06676173  0.12170012
  -0.02205366  0.04221626 -0.04282781 -0.09531462 -0.02272907  0.00052717
  -0.01614272 -0.11127459  0.04576229 -0.10460687  0.00333407 -0.03869479
   0.01442314  0.12581432]]
[[ 0.15578057 -0.09504288 -0.11852252 -0.10473139 -0.01597824  0.16790171
   0.12907845  0.01908515  0.06399156 -0.04692034 -0.04644993 -0.01254424
  -0.07329074  0.1208471  -0.13982724 -0.1402174   0.18537559  0.12141362
  -0.06547607 -0.05452736 -0.02137105  0.0870358  -0.00287434 -0.03654695
  -0.05688283 -0.05979023  0.04262712  0.1792051  -0.01834329 -0.03223724
  -0.1030523   0.00092939  0.01144936 -0.01795043  0.05446867  0.03510521
   0.10035198 -0.06294094  0.04239817 -0.06709903  0.06768495 -0.10296141
  -0.09859977  0.17094037  0.07880771 -0.04444334 -0.02553274 -0.11965082
  -0.02314265 -0.07438172 -0.10354747 -0.00173825  0.06373228  0.08048382
   0.19154674  0.10274711 -0.12561224 -0.06476001  0.08086184 -0.07153617
   0.02666741 -0.02531032  0.14175403 -0.00926247 -0.05462162  0.19622783
   0.01293331 -0.08011458 -0.06773752 -0.07644241  0.07060096 -0.09016608
  -0.07032435 -0.09217415  0.2090369   0.04473605 -0.10171735 -0.07899182
  -0.08548735 -0.07984742  0.07691793 -0.0701264  -0.10208871  0.15867071
  -0.01528295  0.04009803  0.00425249  0.15951958  0.028149   -0.11149009
   0.02533366  0.11721316  0.22378588 -0.07748875  0.12307151  0.01219046
   0.06534308 -0.09132807 -0.06026387  0.05254233  0.02840862 -0.10153411
  -0.07798973  0.04335346  0.01098319  0.01306205  0.02729324 -0.06678338
  -0.1122034   0.05707672  0.08588319  0.05637872  0.06676173  0.12170012
  -0.02205366  0.04221626 -0.04282781 -0.09531462 -0.02272907  0.00052717
  -0.01614272 -0.11127459  0.04576229 -0.10460687  0.00333407 -0.03869479
   0.01442314  0.12581432]]
