[[ 0.05567524 -0.10072396 -0.05362224 -0.0218041   0.00165405  0.07391267
  -0.05335506  0.04266291  0.09469675  0.03735869 -0.12348792  0.110879
   0.00782421 -0.02136471 -0.13833204 -0.05954471  0.16674998 -0.0366282
   0.01034356  0.07668154 -0.07613979  0.0812817   0.01036729  0.12367591
  -0.08772907 -0.04863665 -0.12560762  0.00046833 -0.04227662 -0.10972416
  -0.06830549  0.09222657 -0.0138732  -0.06588227  0.14674042 -0.00615542
   0.21835876 -0.08173621 -0.07335079 -0.05455486  0.12044512 -0.11302163
  -0.04526044  0.21375759  0.01667984  0.0263809   0.05449507 -0.11170474
   0.02188476 -0.00828657 -0.0923676  -0.07294215 -0.0316202   0.03982685
   0.06873288 -0.01712222 -0.15551564 -0.05346401  0.05320452 -0.03246484
  -0.04095902 -0.09453059 -0.00535844 -0.11018044 -0.10090365 -0.01301281
  -0.0407164  -0.0873689  -0.06177585 -0.05132069  0.05214916 -0.06265469
  -0.08408781 -0.10364626  0.08010449  0.12826516 -0.13071254 -0.01780202
  -0.09195159  0.01340561  0.10104569  0.07064652 -0.11522365  0.1989924
  -0.09750815  0.01290957  0.03822312 -0.01048357 -0.08437595 -0.16783151
  -0.01935775  0.10432611  0.21132497 -0.01644162  0.1684104  -0.06399231
  -0.00119173 -0.07962798 -0.08304636 -0.04165206  0.05767486 -0.11004278
  -0.07968045 -0.05474149  0.00657244 -0.03366393 -0.08366805 -0.12443651
  -0.14673023  0.07311936 -0.11865755  0.02425593  0.03801481  0.16044068
   0.01126239 -0.11805169  0.00843348 -0.09993924 -0.00414885 -0.08903276
  -0.1275981  -0.09881034 -0.00832454 -0.07447173 -0.14085567 -0.07425915
  -0.003884    0.1282841 ]]
[[ 0.05567524 -0.10072396 -0.05362224 -0.0218041   0.00165405  0.07391267
  -0.05335506  0.04266291  0.09469675  0.03735869 -0.12348792  0.110879
   0.00782421 -0.02136471 -0.13833204 -0.05954471  0.16674998 -0.0366282
   0.01034356  0.07668154 -0.07613979  0.0812817   0.01036729  0.12367591
  -0.08772907 -0.04863665 -0.12560762  0.00046833 -0.04227662 -0.10972416
  -0.06830549  0.09222657 -0.0138732  -0.06588227  0.14674042 -0.00615542
   0.21835876 -0.08173621 -0.07335079 -0.05455486  0.12044512 -0.11302163
  -0.04526044  0.21375759  0.01667984  0.0263809   0.05449507 -0.11170474
   0.02188476 -0.00828657 -0.0923676  -0.07294215 -0.0316202   0.03982685
   0.06873288 -0.01712222 -0.15551564 -0.05346401  0.05320452 -0.03246484
  -0.04095902 -0.09453059 -0.00535844 -0.11018044 -0.10090365 -0.01301281
  -0.0407164  -0.0873689  -0.06177585 -0.05132069  0.05214916 -0.06265469
  -0.08408781 -0.10364626  0.08010449  0.12826516 -0.13071254 -0.01780202
  -0.09195159  0.01340561  0.10104569  0.07064652 -0.11522365  0.1989924
  -0.09750815  0.01290957  0.03822312 -0.01048357 -0.08437595 -0.16783151
  -0.01935775  0.10432611  0.21132497 -0.01644162  0.1684104  -0.06399231
  -0.00119173 -0.07962798 -0.08304636 -0.04165206  0.05767486 -0.11004278
  -0.07968045 -0.05474149  0.00657244 -0.03366393 -0.08366805 -0.12443651
  -0.14673023  0.07311936 -0.11865755  0.02425593  0.03801481  0.16044068
   0.01126239 -0.11805169  0.00843348 -0.09993924 -0.00414885 -0.08903276
  -0.1275981  -0.09881034 -0.00832454 -0.07447173 -0.14085567 -0.07425915
  -0.003884    0.1282841 ]]
[[ 0.05567524 -0.10072396 -0.05362224 -0.0218041   0.00165405  0.07391267
  -0.05335506  0.04266291  0.09469675  0.03735869 -0.12348792  0.110879
   0.00782421 -0.02136471 -0.13833204 -0.05954471  0.16674998 -0.0366282
   0.01034356  0.07668154 -0.07613979  0.0812817   0.01036729  0.12367591
  -0.08772907 -0.04863665 -0.12560762  0.00046833 -0.04227662 -0.10972416
  -0.06830549  0.09222657 -0.0138732  -0.06588227  0.14674042 -0.00615542
   0.21835876 -0.08173621 -0.07335079 -0.05455486  0.12044512 -0.11302163
  -0.04526044  0.21375759  0.01667984  0.0263809   0.05449507 -0.11170474
   0.02188476 -0.00828657 -0.0923676  -0.07294215 -0.0316202   0.03982685
   0.06873288 -0.01712222 -0.15551564 -0.05346401  0.05320452 -0.03246484
  -0.04095902 -0.09453059 -0.00535844 -0.11018044 -0.10090365 -0.01301281
  -0.0407164  -0.0873689  -0.06177585 -0.05132069  0.05214916 -0.06265469
  -0.08408781 -0.10364626  0.08010449  0.12826516 -0.13071254 -0.01780202
  -0.09195159  0.01340561  0.10104569  0.07064652 -0.11522365  0.1989924
  -0.09750815  0.01290957  0.03822312 -0.01048357 -0.08437595 -0.16783151
  -0.01935775  0.10432611  0.21132497 -0.01644162  0.1684104  -0.06399231
  -0.00119173 -0.07962798 -0.08304636 -0.04165206  0.05767486 -0.11004278
  -0.07968045 -0.05474149  0.00657244 -0.03366393 -0.08366805 -0.12443651
  -0.14673023  0.07311936 -0.11865755  0.02425593  0.03801481  0.16044068
   0.01126239 -0.11805169  0.00843348 -0.09993924 -0.00414885 -0.08903276
  -0.1275981  -0.09881034 -0.00832454 -0.07447173 -0.14085567 -0.07425915
  -0.003884    0.1282841 ]]
