[[ 0.00909922 -0.11512483 -0.01149171 -0.0880558  -0.05416396  0.02304726
  -0.11279424  0.05170223  0.09436461  0.05324375 -0.10778379  0.08871644
  -0.04021086 -0.03004888 -0.12785237 -0.08993772  0.13326645 -0.03515851
  -0.00715194  0.03571783 -0.0568396   0.12548675  0.08020699  0.12856856
  -0.09043461 -0.07731573 -0.11442199  0.00492475 -0.01675439 -0.12130348
  -0.03284417  0.07571457  0.03508651 -0.07670294  0.1163107   0.02167762
   0.2149509  -0.09128881 -0.00609496 -0.02418912  0.13026425 -0.07028238
  -0.07266275  0.10923266  0.04860251 -0.01999426  0.03103385 -0.11098789
   0.01846698  0.09938183 -0.13602127 -0.10303722  0.02716848  0.11067399
   0.04158896  0.00877538 -0.15513134  0.0031041  -0.00244553 -0.03907825
  -0.07450197 -0.0735007   0.05645539 -0.12844253 -0.11101313 -0.07288709
   0.01711408 -0.0736547  -0.09730991  0.07766487 -0.06566495 -0.0303678
  -0.11262649 -0.05574875  0.10592827  0.18035358 -0.10207123  0.04540843
  -0.08234913  0.04012528  0.08336612  0.115041   -0.10184082  0.18283385
  -0.07266061 -0.02855251 -0.05170284 -0.03796814 -0.09791394 -0.15037562
  -0.00443714 -0.00788242  0.19236025  0.00099106  0.13596603 -0.02265437
  -0.07495384 -0.09700478 -0.11071104 -0.09979426 -0.02576839 -0.11617095
  -0.05904861 -0.04319704  0.1114479  -0.02868569 -0.09491684 -0.08533275
  -0.14068314  0.06930339 -0.15342112 -0.05307644  0.07477057 -0.00069184
  -0.03750828 -0.1234932  -0.08337405 -0.10744518 -0.08477771 -0.0841383
  -0.12708646 -0.09217124 -0.03674957 -0.07512675 -0.09923127 -0.08512863
  -0.01944569  0.14224876]]
[[ 0.00909922 -0.11512483 -0.01149171 -0.0880558  -0.05416396  0.02304726
  -0.11279424  0.05170223  0.09436461  0.05324375 -0.10778379  0.08871644
  -0.04021086 -0.03004888 -0.12785237 -0.08993772  0.13326645 -0.03515851
  -0.00715194  0.03571783 -0.0568396   0.12548675  0.08020699  0.12856856
  -0.09043461 -0.07731573 -0.11442199  0.00492475 -0.01675439 -0.12130348
  -0.03284417  0.07571457  0.03508651 -0.07670294  0.1163107   0.02167762
   0.2149509  -0.09128881 -0.00609496 -0.02418912  0.13026425 -0.07028238
  -0.07266275  0.10923266  0.04860251 -0.01999426  0.03103385 -0.11098789
   0.01846698  0.09938183 -0.13602127 -0.10303722  0.02716848  0.11067399
   0.04158896  0.00877538 -0.15513134  0.0031041  -0.00244553 -0.03907825
  -0.07450197 -0.0735007   0.05645539 -0.12844253 -0.11101313 -0.07288709
   0.01711408 -0.0736547  -0.09730991  0.07766487 -0.06566495 -0.0303678
  -0.11262649 -0.05574875  0.10592827  0.18035358 -0.10207123  0.04540843
  -0.08234913  0.04012528  0.08336612  0.115041   -0.10184082  0.18283385
  -0.07266061 -0.02855251 -0.05170284 -0.03796814 -0.09791394 -0.15037562
  -0.00443714 -0.00788242  0.19236025  0.00099106  0.13596603 -0.02265437
  -0.07495384 -0.09700478 -0.11071104 -0.09979426 -0.02576839 -0.11617095
  -0.05904861 -0.04319704  0.1114479  -0.02868569 -0.09491684 -0.08533275
  -0.14068314  0.06930339 -0.15342112 -0.05307644  0.07477057 -0.00069184
  -0.03750828 -0.1234932  -0.08337405 -0.10744518 -0.08477771 -0.0841383
  -0.12708646 -0.09217124 -0.03674957 -0.07512675 -0.09923127 -0.08512863
  -0.01944569  0.14224876]]
[[ 0.00909922 -0.11512483 -0.01149171 -0.0880558  -0.05416396  0.02304726
  -0.11279424  0.05170223  0.09436461  0.05324375 -0.10778379  0.08871644
  -0.04021086 -0.03004888 -0.12785237 -0.08993772  0.13326645 -0.03515851
  -0.00715194  0.03571783 -0.0568396   0.12548675  0.08020699  0.12856856
  -0.09043461 -0.07731573 -0.11442199  0.00492475 -0.01675439 -0.12130348
  -0.03284417  0.07571457  0.03508651 -0.07670294  0.1163107   0.02167762
   0.2149509  -0.09128881 -0.00609496 -0.02418912  0.13026425 -0.07028238
  -0.07266275  0.10923266  0.04860251 -0.01999426  0.03103385 -0.11098789
   0.01846698  0.09938183 -0.13602127 -0.10303722  0.02716848  0.11067399
   0.04158896  0.00877538 -0.15513134  0.0031041  -0.00244553 -0.03907825
  -0.07450197 -0.0735007   0.05645539 -0.12844253 -0.11101313 -0.07288709
   0.01711408 -0.0736547  -0.09730991  0.07766487 -0.06566495 -0.0303678
  -0.11262649 -0.05574875  0.10592827  0.18035358 -0.10207123  0.04540843
  -0.08234913  0.04012528  0.08336612  0.115041   -0.10184082  0.18283385
  -0.07266061 -0.02855251 -0.05170284 -0.03796814 -0.09791394 -0.15037562
  -0.00443714 -0.00788242  0.19236025  0.00099106  0.13596603 -0.02265437
  -0.07495384 -0.09700478 -0.11071104 -0.09979426 -0.02576839 -0.11617095
  -0.05904861 -0.04319704  0.1114479  -0.02868569 -0.09491684 -0.08533275
  -0.14068314  0.06930339 -0.15342112 -0.05307644  0.07477057 -0.00069184
  -0.03750828 -0.1234932  -0.08337405 -0.10744518 -0.08477771 -0.0841383
  -0.12708646 -0.09217124 -0.03674957 -0.07512675 -0.09923127 -0.08512863
  -0.01944569  0.14224876]]
