[[ 7.89889917e-02 -9.66710895e-02 -4.91235964e-02 -7.39684924e-02
  -4.60037142e-02  2.25081630e-02 -8.23337212e-02  6.50172979e-02
   1.33697718e-01  4.53456379e-02 -1.10442683e-01  1.11990631e-01
  -2.61488296e-02 -2.05613188e-02 -1.49633929e-01 -9.81053486e-02
   1.84382215e-01 -2.98921745e-02  4.46834005e-02  5.87845743e-02
  -6.46076798e-02  6.80739507e-02  4.85621616e-02  1.01066150e-01
  -9.57910120e-02 -7.32093528e-02 -1.33558363e-01 -2.01084418e-03
  -3.26622627e-04 -1.30929843e-01 -3.95347252e-02  7.59814233e-02
  -1.71828680e-02 -4.06796262e-02  1.58221796e-01  2.14264710e-02
   2.27634117e-01 -8.51392150e-02 -3.59933078e-02 -2.60015670e-02
   1.05737247e-01 -7.55745992e-02 -4.75520007e-02  1.40241340e-01
   1.71921682e-02 -1.66165512e-02  6.76420480e-02 -1.16927817e-01
   1.29737621e-02  4.24131528e-02 -1.18698962e-01 -9.01893824e-02
  -1.42279817e-02  7.63015002e-02  5.13225831e-02 -4.76582535e-03
  -1.53093293e-01  3.13798524e-03  4.07910757e-02 -5.31505682e-02
  -6.47664070e-02 -7.69609511e-02  1.16365487e-02 -1.38460428e-01
  -1.00267455e-01 -2.33944822e-02 -1.54524590e-04 -8.09421614e-02
  -1.07819065e-01  1.63942408e-02 -3.82747091e-02 -5.50656468e-02
  -9.72549990e-02 -8.49993899e-02  9.03517529e-02  1.66654512e-01
  -1.04345821e-01  3.80289112e-03 -8.41737911e-02  1.90719925e-02
   1.01134978e-01  9.55931768e-02 -1.20169893e-01  1.90711439e-01
  -9.44110826e-02 -1.35483975e-02 -9.11166985e-03  1.72090717e-02
  -8.28344673e-02 -1.62436649e-01 -7.61353038e-03  3.91690508e-02
   2.11824536e-01 -2.31731571e-02  1.63490385e-01 -5.68452179e-02
  -5.60728535e-02 -8.93131346e-02 -9.54806954e-02 -5.72219566e-02
   4.25026901e-02 -1.02515504e-01 -8.51611495e-02 -5.95490336e-02
   7.37855360e-02 -3.57575379e-02 -9.76993069e-02 -1.02691561e-01
  -1.44887179e-01  6.46624789e-02 -1.31545380e-01 -1.88609455e-02
   1.00958265e-01  4.31858003e-02 -6.02210918e-03 -1.36837736e-01
  -4.07636277e-02 -9.47484374e-02 -3.34642529e-02 -8.27099830e-02
  -1.33604631e-01 -1.14518091e-01 -3.62833142e-02 -7.31171668e-02
  -1.22641899e-01 -6.57348782e-02  5.70509676e-03  1.14398219e-01]]
[[ 7.89889917e-02 -9.66710895e-02 -4.91235964e-02 -7.39684924e-02
  -4.60037142e-02  2.25081630e-02 -8.23337212e-02  6.50172979e-02
   1.33697718e-01  4.53456379e-02 -1.10442683e-01  1.11990631e-01
  -2.61488296e-02 -2.05613188e-02 -1.49633929e-01 -9.81053486e-02
   1.84382215e-01 -2.98921745e-02  4.46834005e-02  5.87845743e-02
  -6.46076798e-02  6.80739507e-02  4.85621616e-02  1.01066150e-01
  -9.57910120e-02 -7.32093528e-02 -1.33558363e-01 -2.01084418e-03
  -3.26622627e-04 -1.30929843e-01 -3.95347252e-02  7.59814233e-02
  -1.71828680e-02 -4.06796262e-02  1.58221796e-01  2.14264710e-02
   2.27634117e-01 -8.51392150e-02 -3.59933078e-02 -2.60015670e-02
   1.05737247e-01 -7.55745992e-02 -4.75520007e-02  1.40241340e-01
   1.71921682e-02 -1.66165512e-02  6.76420480e-02 -1.16927817e-01
   1.29737621e-02  4.24131528e-02 -1.18698962e-01 -9.01893824e-02
  -1.42279817e-02  7.63015002e-02  5.13225831e-02 -4.76582535e-03
  -1.53093293e-01  3.13798524e-03  4.07910757e-02 -5.31505682e-02
  -6.47664070e-02 -7.69609511e-02  1.16365487e-02 -1.38460428e-01
  -1.00267455e-01 -2.33944822e-02 -1.54524590e-04 -8.09421614e-02
  -1.07819065e-01  1.63942408e-02 -3.82747091e-02 -5.50656468e-02
  -9.72549990e-02 -8.49993899e-02  9.03517529e-02  1.66654512e-01
  -1.04345821e-01  3.80289112e-03 -8.41737911e-02  1.90719925e-02
   1.01134978e-01  9.55931768e-02 -1.20169893e-01  1.90711439e-01
  -9.44110826e-02 -1.35483975e-02 -9.11166985e-03  1.72090717e-02
  -8.28344673e-02 -1.62436649e-01 -7.61353038e-03  3.91690508e-02
   2.11824536e-01 -2.31731571e-02  1.63490385e-01 -5.68452179e-02
  -5.60728535e-02 -8.93131346e-02 -9.54806954e-02 -5.72219566e-02
   4.25026901e-02 -1.02515504e-01 -8.51611495e-02 -5.95490336e-02
   7.37855360e-02 -3.57575379e-02 -9.76993069e-02 -1.02691561e-01
  -1.44887179e-01  6.46624789e-02 -1.31545380e-01 -1.88609455e-02
   1.00958265e-01  4.31858003e-02 -6.02210918e-03 -1.36837736e-01
  -4.07636277e-02 -9.47484374e-02 -3.34642529e-02 -8.27099830e-02
  -1.33604631e-01 -1.14518091e-01 -3.62833142e-02 -7.31171668e-02
  -1.22641899e-01 -6.57348782e-02  5.70509676e-03  1.14398219e-01]]
[[ 7.89889917e-02 -9.66710895e-02 -4.91235964e-02 -7.39684924e-02
  -4.60037142e-02  2.25081630e-02 -8.23337212e-02  6.50172979e-02
   1.33697718e-01  4.53456379e-02 -1.10442683e-01  1.11990631e-01
  -2.61488296e-02 -2.05613188e-02 -1.49633929e-01 -9.81053486e-02
   1.84382215e-01 -2.98921745e-02  4.46834005e-02  5.87845743e-02
  -6.46076798e-02  6.80739507e-02  4.85621616e-02  1.01066150e-01
  -9.57910120e-02 -7.32093528e-02 -1.33558363e-01 -2.01084418e-03
  -3.26622627e-04 -1.30929843e-01 -3.95347252e-02  7.59814233e-02
  -1.71828680e-02 -4.06796262e-02  1.58221796e-01  2.14264710e-02
   2.27634117e-01 -8.51392150e-02 -3.59933078e-02 -2.60015670e-02
   1.05737247e-01 -7.55745992e-02 -4.75520007e-02  1.40241340e-01
   1.71921682e-02 -1.66165512e-02  6.76420480e-02 -1.16927817e-01
   1.29737621e-02  4.24131528e-02 -1.18698962e-01 -9.01893824e-02
  -1.42279817e-02  7.63015002e-02  5.13225831e-02 -4.76582535e-03
  -1.53093293e-01  3.13798524e-03  4.07910757e-02 -5.31505682e-02
  -6.47664070e-02 -7.69609511e-02  1.16365487e-02 -1.38460428e-01
  -1.00267455e-01 -2.33944822e-02 -1.54524590e-04 -8.09421614e-02
  -1.07819065e-01  1.63942408e-02 -3.82747091e-02 -5.50656468e-02
  -9.72549990e-02 -8.49993899e-02  9.03517529e-02  1.66654512e-01
  -1.04345821e-01  3.80289112e-03 -8.41737911e-02  1.90719925e-02
   1.01134978e-01  9.55931768e-02 -1.20169893e-01  1.90711439e-01
  -9.44110826e-02 -1.35483975e-02 -9.11166985e-03  1.72090717e-02
  -8.28344673e-02 -1.62436649e-01 -7.61353038e-03  3.91690508e-02
   2.11824536e-01 -2.31731571e-02  1.63490385e-01 -5.68452179e-02
  -5.60728535e-02 -8.93131346e-02 -9.54806954e-02 -5.72219566e-02
   4.25026901e-02 -1.02515504e-01 -8.51611495e-02 -5.95490336e-02
   7.37855360e-02 -3.57575379e-02 -9.76993069e-02 -1.02691561e-01
  -1.44887179e-01  6.46624789e-02 -1.31545380e-01 -1.88609455e-02
   1.00958265e-01  4.31858003e-02 -6.02210918e-03 -1.36837736e-01
  -4.07636277e-02 -9.47484374e-02 -3.34642529e-02 -8.27099830e-02
  -1.33604631e-01 -1.14518091e-01 -3.62833142e-02 -7.31171668e-02
  -1.22641899e-01 -6.57348782e-02  5.70509676e-03  1.14398219e-01]]
