[[ 1.19695649e-01 -9.38632265e-02 -1.00736983e-01 -5.54541536e-02
  -7.75679061e-03  1.52177110e-01  9.01406929e-02  1.99003308e-03
   7.57390559e-02 -4.19136100e-02 -5.75363040e-02 -1.58716028e-03
  -1.52515648e-02  5.61682917e-02 -1.34681612e-01 -1.50487959e-01
   1.64627686e-01  9.62805375e-02 -5.69829904e-02 -1.16421236e-02
  -7.12442445e-03  1.28684029e-01 -1.50049993e-04 -1.31298718e-03
  -9.78345349e-02 -5.88107854e-02  5.08116838e-03  1.63954273e-01
   7.33742584e-03 -6.01021908e-02 -1.10879175e-01  4.40029278e-02
  -3.98677867e-03 -3.21406163e-02  8.32033008e-02  7.50015862e-03
   1.21493623e-01 -7.84377754e-02  1.62917376e-02 -5.18726483e-02
   3.28191780e-02 -1.06394783e-01 -7.29010180e-02  1.62087113e-01
   9.64412317e-02 -2.15987526e-02  1.43642153e-03 -1.12271748e-01
  -1.82299744e-02 -8.67525339e-02 -1.02757759e-01  1.70249003e-03
   3.93071398e-02  6.84726089e-02  1.85053065e-01  1.20481580e-01
  -1.41926453e-01 -8.05086941e-02  9.86633897e-02 -6.83055520e-02
  -8.05967953e-03 -6.82287337e-03  1.46317691e-01 -2.55330615e-02
  -8.63317922e-02  1.38899103e-01  1.84614845e-02 -8.44906941e-02
  -2.98312679e-02 -7.14948922e-02  1.46693081e-01 -9.31654349e-02
  -5.49381264e-02 -1.06995195e-01  2.07635969e-01  3.24059986e-02
  -8.13795179e-02 -7.65531510e-02 -8.16630796e-02 -5.55079728e-02
   6.58324063e-02 -8.73629749e-02 -1.07886396e-01  1.85646206e-01
  -4.69983257e-02 -9.92936175e-03  1.85641050e-02  1.04905635e-01
   1.84927713e-02 -1.29677698e-01 -2.42772456e-02  1.46611661e-01
   2.27853075e-01 -7.53189698e-02  1.32957280e-01  8.53219815e-03
   1.34909183e-01 -7.70726353e-02 -5.84942140e-02  5.98813556e-02
   3.27899270e-02 -1.06291205e-01 -6.94158599e-02  5.57231978e-02
  -2.02091150e-02 -9.58429556e-03  7.54846074e-03 -9.06139538e-02
  -1.23558268e-01  5.18127233e-02  3.54449935e-02  9.93136317e-02
   4.67735454e-02  1.78318232e-01 -4.36518714e-02  3.29348519e-02
  -4.43444848e-02 -8.82927328e-02 -7.26953335e-03 -5.94344810e-02
  -3.43414359e-02 -1.11000761e-01  6.39702231e-02 -1.02866367e-01
  -2.47719735e-02 -5.05282618e-02  4.93780077e-02  1.31383359e-01]]
[[ 1.19695649e-01 -9.38632265e-02 -1.00736983e-01 -5.54541536e-02
  -7.75679061e-03  1.52177110e-01  9.01406929e-02  1.99003308e-03
   7.57390559e-02 -4.19136100e-02 -5.75363040e-02 -1.58716028e-03
  -1.52515648e-02  5.61682917e-02 -1.34681612e-01 -1.50487959e-01
   1.64627686e-01  9.62805375e-02 -5.69829904e-02 -1.16421236e-02
  -7.12442445e-03  1.28684029e-01 -1.50049993e-04 -1.31298718e-03
  -9.78345349e-02 -5.88107854e-02  5.08116838e-03  1.63954273e-01
   7.33742584e-03 -6.01021908e-02 -1.10879175e-01  4.40029278e-02
  -3.98677867e-03 -3.21406163e-02  8.32033008e-02  7.50015862e-03
   1.21493623e-01 -7.84377754e-02  1.62917376e-02 -5.18726483e-02
   3.28191780e-02 -1.06394783e-01 -7.29010180e-02  1.62087113e-01
   9.64412317e-02 -2.15987526e-02  1.43642153e-03 -1.12271748e-01
  -1.82299744e-02 -8.67525339e-02 -1.02757759e-01  1.70249003e-03
   3.93071398e-02  6.84726089e-02  1.85053065e-01  1.20481580e-01
  -1.41926453e-01 -8.05086941e-02  9.86633897e-02 -6.83055520e-02
  -8.05967953e-03 -6.82287337e-03  1.46317691e-01 -2.55330615e-02
  -8.63317922e-02  1.38899103e-01  1.84614845e-02 -8.44906941e-02
  -2.98312679e-02 -7.14948922e-02  1.46693081e-01 -9.31654349e-02
  -5.49381264e-02 -1.06995195e-01  2.07635969e-01  3.24059986e-02
  -8.13795179e-02 -7.65531510e-02 -8.16630796e-02 -5.55079728e-02
   6.58324063e-02 -8.73629749e-02 -1.07886396e-01  1.85646206e-01
  -4.69983257e-02 -9.92936175e-03  1.85641050e-02  1.04905635e-01
   1.84927713e-02 -1.29677698e-01 -2.42772456e-02  1.46611661e-01
   2.27853075e-01 -7.53189698e-02  1.32957280e-01  8.53219815e-03
   1.34909183e-01 -7.70726353e-02 -5.84942140e-02  5.98813556e-02
   3.27899270e-02 -1.06291205e-01 -6.94158599e-02  5.57231978e-02
  -2.02091150e-02 -9.58429556e-03  7.54846074e-03 -9.06139538e-02
  -1.23558268e-01  5.18127233e-02  3.54449935e-02  9.93136317e-02
   4.67735454e-02  1.78318232e-01 -4.36518714e-02  3.29348519e-02
  -4.43444848e-02 -8.82927328e-02 -7.26953335e-03 -5.94344810e-02
  -3.43414359e-02 -1.11000761e-01  6.39702231e-02 -1.02866367e-01
  -2.47719735e-02 -5.05282618e-02  4.93780077e-02  1.31383359e-01]]
[[ 1.19695649e-01 -9.38632265e-02 -1.00736983e-01 -5.54541536e-02
  -7.75679061e-03  1.52177110e-01  9.01406929e-02  1.99003308e-03
   7.57390559e-02 -4.19136100e-02 -5.75363040e-02 -1.58716028e-03
  -1.52515648e-02  5.61682917e-02 -1.34681612e-01 -1.50487959e-01
   1.64627686e-01  9.62805375e-02 -5.69829904e-02 -1.16421236e-02
  -7.12442445e-03  1.28684029e-01 -1.50049993e-04 -1.31298718e-03
  -9.78345349e-02 -5.88107854e-02  5.08116838e-03  1.63954273e-01
   7.33742584e-03 -6.01021908e-02 -1.10879175e-01  4.40029278e-02
  -3.98677867e-03 -3.21406163e-02  8.32033008e-02  7.50015862e-03
   1.21493623e-01 -7.84377754e-02  1.62917376e-02 -5.18726483e-02
   3.28191780e-02 -1.06394783e-01 -7.29010180e-02  1.62087113e-01
   9.64412317e-02 -2.15987526e-02  1.43642153e-03 -1.12271748e-01
  -1.82299744e-02 -8.67525339e-02 -1.02757759e-01  1.70249003e-03
   3.93071398e-02  6.84726089e-02  1.85053065e-01  1.20481580e-01
  -1.41926453e-01 -8.05086941e-02  9.86633897e-02 -6.83055520e-02
  -8.05967953e-03 -6.82287337e-03  1.46317691e-01 -2.55330615e-02
  -8.63317922e-02  1.38899103e-01  1.84614845e-02 -8.44906941e-02
  -2.98312679e-02 -7.14948922e-02  1.46693081e-01 -9.31654349e-02
  -5.49381264e-02 -1.06995195e-01  2.07635969e-01  3.24059986e-02
  -8.13795179e-02 -7.65531510e-02 -8.16630796e-02 -5.55079728e-02
   6.58324063e-02 -8.73629749e-02 -1.07886396e-01  1.85646206e-01
  -4.69983257e-02 -9.92936175e-03  1.85641050e-02  1.04905635e-01
   1.84927713e-02 -1.29677698e-01 -2.42772456e-02  1.46611661e-01
   2.27853075e-01 -7.53189698e-02  1.32957280e-01  8.53219815e-03
   1.34909183e-01 -7.70726353e-02 -5.84942140e-02  5.98813556e-02
   3.27899270e-02 -1.06291205e-01 -6.94158599e-02  5.57231978e-02
  -2.02091150e-02 -9.58429556e-03  7.54846074e-03 -9.06139538e-02
  -1.23558268e-01  5.18127233e-02  3.54449935e-02  9.93136317e-02
   4.67735454e-02  1.78318232e-01 -4.36518714e-02  3.29348519e-02
  -4.43444848e-02 -8.82927328e-02 -7.26953335e-03 -5.94344810e-02
  -3.43414359e-02 -1.11000761e-01  6.39702231e-02 -1.02866367e-01
  -2.47719735e-02 -5.05282618e-02  4.93780077e-02  1.31383359e-01]]
