[[ 0.08851445 -0.10428583 -0.06555752 -0.02927049 -0.00306952  0.13310218
   0.09295241 -0.05268713  0.07881561 -0.02258963 -0.08700952  0.00786877
   0.02557972  0.02392982 -0.14067405 -0.09971739  0.1509239   0.04272671
  -0.04724883  0.07421374 -0.04895934  0.15155047 -0.01950358  0.0412916
  -0.0652029  -0.03020149 -0.05771894  0.12728865 -0.00428006 -0.07410594
  -0.09966835  0.02009546 -0.01269472 -0.04130728  0.08107667 -0.02738396
   0.14628549 -0.09485234 -0.05565412 -0.04993621  0.03079055 -0.11621104
  -0.0465826   0.25170422  0.08860242 -0.01243789  0.03087007 -0.12367413
  -0.02842199 -0.05153041 -0.1016625  -0.03384972  0.00062133  0.00443858
   0.15665546  0.07760669 -0.1546928  -0.09344308  0.08584997 -0.08107014
  -0.01150025 -0.02596936  0.1252963  -0.05696135 -0.09128156  0.129836
  -0.01462033 -0.08934496 -0.04849669 -0.08591375  0.12664208 -0.08586343
  -0.01281926 -0.11653969  0.17604172  0.05824791 -0.12018249 -0.07685818
  -0.08581823 -0.03821181  0.04786889 -0.03863453 -0.11869897  0.17027539
  -0.07695888 -0.03440052  0.04751891  0.07528693 -0.04360693 -0.14868474
  -0.02487845  0.17633145  0.21581523 -0.03899726  0.17159665  0.0250432
   0.10100649 -0.07464818 -0.04610217  0.03884281  0.04622746 -0.11222688
  -0.06087474 -0.0013034  -0.01750333 -0.029693   -0.02777982 -0.0568811
  -0.13522573  0.090689   -0.01017125  0.07333455  0.04090379  0.23001876
  -0.01236514 -0.00339915 -0.00290659 -0.09496509 -0.02131881 -0.06841438
  -0.08722458 -0.09287258  0.05304943 -0.09420828 -0.08778048 -0.08055585
   0.0366246   0.11411136]]
[[ 0.08851445 -0.10428583 -0.06555752 -0.02927049 -0.00306952  0.13310218
   0.09295241 -0.05268713  0.07881561 -0.02258963 -0.08700952  0.00786877
   0.02557972  0.02392982 -0.14067405 -0.09971739  0.1509239   0.04272671
  -0.04724883  0.07421374 -0.04895934  0.15155047 -0.01950358  0.0412916
  -0.0652029  -0.03020149 -0.05771894  0.12728865 -0.00428006 -0.07410594
  -0.09966835  0.02009546 -0.01269472 -0.04130728  0.08107667 -0.02738396
   0.14628549 -0.09485234 -0.05565412 -0.04993621  0.03079055 -0.11621104
  -0.0465826   0.25170422  0.08860242 -0.01243789  0.03087007 -0.12367413
  -0.02842199 -0.05153041 -0.1016625  -0.03384972  0.00062133  0.00443858
   0.15665546  0.07760669 -0.1546928  -0.09344308  0.08584997 -0.08107014
  -0.01150025 -0.02596936  0.1252963  -0.05696135 -0.09128156  0.129836
  -0.01462033 -0.08934496 -0.04849669 -0.08591375  0.12664208 -0.08586343
  -0.01281926 -0.11653969  0.17604172  0.05824791 -0.12018249 -0.07685818
  -0.08581823 -0.03821181  0.04786889 -0.03863453 -0.11869897  0.17027539
  -0.07695888 -0.03440052  0.04751891  0.07528693 -0.04360693 -0.14868474
  -0.02487845  0.17633145  0.21581523 -0.03899726  0.17159665  0.0250432
   0.10100649 -0.07464818 -0.04610217  0.03884281  0.04622746 -0.11222688
  -0.06087474 -0.0013034  -0.01750333 -0.029693   -0.02777982 -0.0568811
  -0.13522573  0.090689   -0.01017125  0.07333455  0.04090379  0.23001876
  -0.01236514 -0.00339915 -0.00290659 -0.09496509 -0.02131881 -0.06841438
  -0.08722458 -0.09287258  0.05304943 -0.09420828 -0.08778048 -0.08055585
   0.0366246   0.11411136]]
[[ 0.08851445 -0.10428583 -0.06555752 -0.02927049 -0.00306952  0.13310218
   0.09295241 -0.05268713  0.07881561 -0.02258963 -0.08700952  0.00786877
   0.02557972  0.02392982 -0.14067405 -0.09971739  0.1509239   0.04272671
  -0.04724883  0.07421374 -0.04895934  0.15155047 -0.01950358  0.0412916
  -0.0652029  -0.03020149 -0.05771894  0.12728865 -0.00428006 -0.07410594
  -0.09966835  0.02009546 -0.01269472 -0.04130728  0.08107667 -0.02738396
   0.14628549 -0.09485234 -0.05565412 -0.04993621  0.03079055 -0.11621104
  -0.0465826   0.25170422  0.08860242 -0.01243789  0.03087007 -0.12367413
  -0.02842199 -0.05153041 -0.1016625  -0.03384972  0.00062133  0.00443858
   0.15665546  0.07760669 -0.1546928  -0.09344308  0.08584997 -0.08107014
  -0.01150025 -0.02596936  0.1252963  -0.05696135 -0.09128156  0.129836
  -0.01462033 -0.08934496 -0.04849669 -0.08591375  0.12664208 -0.08586343
  -0.01281926 -0.11653969  0.17604172  0.05824791 -0.12018249 -0.07685818
  -0.08581823 -0.03821181  0.04786889 -0.03863453 -0.11869897  0.17027539
  -0.07695888 -0.03440052  0.04751891  0.07528693 -0.04360693 -0.14868474
  -0.02487845  0.17633145  0.21581523 -0.03899726  0.17159665  0.0250432
   0.10100649 -0.07464818 -0.04610217  0.03884281  0.04622746 -0.11222688
  -0.06087474 -0.0013034  -0.01750333 -0.029693   -0.02777982 -0.0568811
  -0.13522573  0.090689   -0.01017125  0.07333455  0.04090379  0.23001876
  -0.01236514 -0.00339915 -0.00290659 -0.09496509 -0.02131881 -0.06841438
  -0.08722458 -0.09287258  0.05304943 -0.09420828 -0.08778048 -0.08055585
   0.0366246   0.11411136]]
