[[ 0.04684894 -0.11472259  0.00087374 -0.02248692 -0.00769273  0.0652219
  -0.11175182  0.0175301   0.09861121  0.05025131 -0.08748811  0.00188364
  -0.04298822 -0.00624507 -0.12385079 -0.04472384  0.16044138 -0.04884597
   0.04196768  0.01104431 -0.05141103  0.20765811  0.03883331  0.17783785
  -0.02689511 -0.03900126 -0.11708824  0.02132494 -0.00468263 -0.0947822
   0.01850981  0.10462866  0.06577209 -0.0908162   0.12358499  0.02575017
   0.24750361 -0.0597712   0.03547479 -0.01605571  0.10585111 -0.00063727
  -0.04527082  0.05577962  0.1028453  -0.03392253 -0.00142626 -0.11512943
  -0.0043348   0.20384906 -0.10652166 -0.0990983   0.11037416  0.11290133
   0.06022125  0.00165208 -0.17782097  0.00482664 -0.0396748  -0.02176988
  -0.08746141 -0.05382947  0.10307097 -0.08744641 -0.1081949  -0.03402451
  -0.02403585 -0.07372437 -0.0366909   0.05216938 -0.0492777  -0.01062775
  -0.12292125 -0.04531453  0.09429988  0.17407596 -0.12629613  0.03556454
  -0.06692332  0.09612755  0.04822013  0.11356062 -0.08421627  0.21636964
  -0.0521609  -0.03527294 -0.03869924  0.00526057 -0.06176138 -0.11847352
   0.1067867  -0.01801776  0.21690273 -0.00717565  0.1258829   0.00538014
  -0.05613737 -0.06182253 -0.08086216 -0.10648585 -0.03545879 -0.1139826
  -0.03606267 -0.03429626  0.10471829 -0.03084739 -0.0845566  -0.07752689
  -0.12897903  0.09979343 -0.12921    -0.0436664   0.02190467  0.07826845
  -0.04358031 -0.08316502 -0.08583715 -0.09194867 -0.09292185 -0.07303232
  -0.11795075 -0.03508173  0.03052305 -0.08080173 -0.07177554 -0.10278406
  -0.0749373   0.10637639]]
[[ 0.04684894 -0.11472259  0.00087374 -0.02248692 -0.00769273  0.0652219
  -0.11175182  0.0175301   0.09861121  0.05025131 -0.08748811  0.00188364
  -0.04298822 -0.00624507 -0.12385079 -0.04472384  0.16044138 -0.04884597
   0.04196768  0.01104431 -0.05141103  0.20765811  0.03883331  0.17783785
  -0.02689511 -0.03900126 -0.11708824  0.02132494 -0.00468263 -0.0947822
   0.01850981  0.10462866  0.06577209 -0.0908162   0.12358499  0.02575017
   0.24750361 -0.0597712   0.03547479 -0.01605571  0.10585111 -0.00063727
  -0.04527082  0.05577962  0.1028453  -0.03392253 -0.00142626 -0.11512943
  -0.0043348   0.20384906 -0.10652166 -0.0990983   0.11037416  0.11290133
   0.06022125  0.00165208 -0.17782097  0.00482664 -0.0396748  -0.02176988
  -0.08746141 -0.05382947  0.10307097 -0.08744641 -0.1081949  -0.03402451
  -0.02403585 -0.07372437 -0.0366909   0.05216938 -0.0492777  -0.01062775
  -0.12292125 -0.04531453  0.09429988  0.17407596 -0.12629613  0.03556454
  -0.06692332  0.09612755  0.04822013  0.11356062 -0.08421627  0.21636964
  -0.0521609  -0.03527294 -0.03869924  0.00526057 -0.06176138 -0.11847352
   0.1067867  -0.01801776  0.21690273 -0.00717565  0.1258829   0.00538014
  -0.05613737 -0.06182253 -0.08086216 -0.10648585 -0.03545879 -0.1139826
  -0.03606267 -0.03429626  0.10471829 -0.03084739 -0.0845566  -0.07752689
  -0.12897903  0.09979343 -0.12921    -0.0436664   0.02190467  0.07826845
  -0.04358031 -0.08316502 -0.08583715 -0.09194867 -0.09292185 -0.07303232
  -0.11795075 -0.03508173  0.03052305 -0.08080173 -0.07177554 -0.10278406
  -0.0749373   0.10637639]]
[[ 0.04684894 -0.11472259  0.00087374 -0.02248692 -0.00769273  0.0652219
  -0.11175182  0.0175301   0.09861121  0.05025131 -0.08748811  0.00188364
  -0.04298822 -0.00624507 -0.12385079 -0.04472384  0.16044138 -0.04884597
   0.04196768  0.01104431 -0.05141103  0.20765811  0.03883331  0.17783785
  -0.02689511 -0.03900126 -0.11708824  0.02132494 -0.00468263 -0.0947822
   0.01850981  0.10462866  0.06577209 -0.0908162   0.12358499  0.02575017
   0.24750361 -0.0597712   0.03547479 -0.01605571  0.10585111 -0.00063727
  -0.04527082  0.05577962  0.1028453  -0.03392253 -0.00142626 -0.11512943
  -0.0043348   0.20384906 -0.10652166 -0.0990983   0.11037416  0.11290133
   0.06022125  0.00165208 -0.17782097  0.00482664 -0.0396748  -0.02176988
  -0.08746141 -0.05382947  0.10307097 -0.08744641 -0.1081949  -0.03402451
  -0.02403585 -0.07372437 -0.0366909   0.05216938 -0.0492777  -0.01062775
  -0.12292125 -0.04531453  0.09429988  0.17407596 -0.12629613  0.03556454
  -0.06692332  0.09612755  0.04822013  0.11356062 -0.08421627  0.21636964
  -0.0521609  -0.03527294 -0.03869924  0.00526057 -0.06176138 -0.11847352
   0.1067867  -0.01801776  0.21690273 -0.00717565  0.1258829   0.00538014
  -0.05613737 -0.06182253 -0.08086216 -0.10648585 -0.03545879 -0.1139826
  -0.03606267 -0.03429626  0.10471829 -0.03084739 -0.0845566  -0.07752689
  -0.12897903  0.09979343 -0.12921    -0.0436664   0.02190467  0.07826845
  -0.04358031 -0.08316502 -0.08583715 -0.09194867 -0.09292185 -0.07303232
  -0.11795075 -0.03508173  0.03052305 -0.08080173 -0.07177554 -0.10278406
  -0.0749373   0.10637639]]
