[[ 0.01504685 -0.11997581 -0.02310303 -0.11186304 -0.00853306  0.05413222
  -0.10963877 -0.01722898  0.13849331  0.01632491 -0.09332512  0.12425833
   0.01485896 -0.06330272 -0.10699467 -0.08503628  0.1338287  -0.00536775
   0.03808554 -0.00401071 -0.02197812  0.12273143  0.1295191   0.04150565
  -0.09828603 -0.04113797 -0.11333702  0.06790466  0.06207306 -0.10190421
   0.07601623  0.15284482 -0.00191453 -0.0436451   0.06111146  0.06011802
   0.18727739 -0.11035428  0.09367657 -0.08640715  0.10862261  0.01326726
  -0.05799733  0.07713541  0.0228602  -0.00093719  0.08447164 -0.09208833
   0.08793417  0.02989881 -0.1440194  -0.10401454  0.07209305  0.15459764
   0.06553108 -0.01186129 -0.15135732  0.05805795  0.01034334 -0.03269882
  -0.00603515 -0.04043424 -0.02901541 -0.12283187 -0.12096533 -0.09952348
   0.04975022 -0.09559604 -0.03532955  0.2081667  -0.08790284 -0.0336886
  -0.07066086 -0.04385125  0.12151685  0.24573237 -0.00924822  0.02196142
  -0.03411795  0.02957325  0.14762366  0.05064048 -0.10096774  0.18688905
  -0.06940859 -0.07744964  0.0016333   0.0078805  -0.09038993 -0.11868959
  -0.00286099 -0.04693443  0.16052933  0.00484448  0.11272766 -0.065531
  -0.07010271 -0.01588271 -0.08151969 -0.093281    0.01736257 -0.06450678
  -0.04610388 -0.07117654  0.18107651 -0.04926733 -0.02771943 -0.13234174
  -0.10832612  0.08758397 -0.14109062 -0.10675573  0.04310131  0.00632543
  -0.02095382 -0.09580659 -0.04803613 -0.01868793 -0.08908474 -0.11773482
  -0.11018208 -0.08547849  0.00104471 -0.05708932 -0.08719119 -0.09699966
  -0.03552606 -0.02648335]]
[[ 0.01504685 -0.11997581 -0.02310303 -0.11186304 -0.00853306  0.05413222
  -0.10963877 -0.01722898  0.13849331  0.01632491 -0.09332512  0.12425833
   0.01485896 -0.06330272 -0.10699467 -0.08503628  0.1338287  -0.00536775
   0.03808554 -0.00401071 -0.02197812  0.12273143  0.1295191   0.04150565
  -0.09828603 -0.04113797 -0.11333702  0.06790466  0.06207306 -0.10190421
   0.07601623  0.15284482 -0.00191453 -0.0436451   0.06111146  0.06011802
   0.18727739 -0.11035428  0.09367657 -0.08640715  0.10862261  0.01326726
  -0.05799733  0.07713541  0.0228602  -0.00093719  0.08447164 -0.09208833
   0.08793417  0.02989881 -0.1440194  -0.10401454  0.07209305  0.15459764
   0.06553108 -0.01186129 -0.15135732  0.05805795  0.01034334 -0.03269882
  -0.00603515 -0.04043424 -0.02901541 -0.12283187 -0.12096533 -0.09952348
   0.04975022 -0.09559604 -0.03532955  0.2081667  -0.08790284 -0.0336886
  -0.07066086 -0.04385125  0.12151685  0.24573237 -0.00924822  0.02196142
  -0.03411795  0.02957325  0.14762366  0.05064048 -0.10096774  0.18688905
  -0.06940859 -0.07744964  0.0016333   0.0078805  -0.09038993 -0.11868959
  -0.00286099 -0.04693443  0.16052933  0.00484448  0.11272766 -0.065531
  -0.07010271 -0.01588271 -0.08151969 -0.093281    0.01736257 -0.06450678
  -0.04610388 -0.07117654  0.18107651 -0.04926733 -0.02771943 -0.13234174
  -0.10832612  0.08758397 -0.14109062 -0.10675573  0.04310131  0.00632543
  -0.02095382 -0.09580659 -0.04803613 -0.01868793 -0.08908474 -0.11773482
  -0.11018208 -0.08547849  0.00104471 -0.05708932 -0.08719119 -0.09699966
  -0.03552606 -0.02648335]]
[[ 0.01504685 -0.11997581 -0.02310303 -0.11186304 -0.00853306  0.05413222
  -0.10963877 -0.01722898  0.13849331  0.01632491 -0.09332512  0.12425833
   0.01485896 -0.06330272 -0.10699467 -0.08503628  0.1338287  -0.00536775
   0.03808554 -0.00401071 -0.02197812  0.12273143  0.1295191   0.04150565
  -0.09828603 -0.04113797 -0.11333702  0.06790466  0.06207306 -0.10190421
   0.07601623  0.15284482 -0.00191453 -0.0436451   0.06111146  0.06011802
   0.18727739 -0.11035428  0.09367657 -0.08640715  0.10862261  0.01326726
  -0.05799733  0.07713541  0.0228602  -0.00093719  0.08447164 -0.09208833
   0.08793417  0.02989881 -0.1440194  -0.10401454  0.07209305  0.15459764
   0.06553108 -0.01186129 -0.15135732  0.05805795  0.01034334 -0.03269882
  -0.00603515 -0.04043424 -0.02901541 -0.12283187 -0.12096533 -0.09952348
   0.04975022 -0.09559604 -0.03532955  0.2081667  -0.08790284 -0.0336886
  -0.07066086 -0.04385125  0.12151685  0.24573237 -0.00924822  0.02196142
  -0.03411795  0.02957325  0.14762366  0.05064048 -0.10096774  0.18688905
  -0.06940859 -0.07744964  0.0016333   0.0078805  -0.09038993 -0.11868959
  -0.00286099 -0.04693443  0.16052933  0.00484448  0.11272766 -0.065531
  -0.07010271 -0.01588271 -0.08151969 -0.093281    0.01736257 -0.06450678
  -0.04610388 -0.07117654  0.18107651 -0.04926733 -0.02771943 -0.13234174
  -0.10832612  0.08758397 -0.14109062 -0.10675573  0.04310131  0.00632543
  -0.02095382 -0.09580659 -0.04803613 -0.01868793 -0.08908474 -0.11773482
  -0.11018208 -0.08547849  0.00104471 -0.05708932 -0.08719119 -0.09699966
  -0.03552606 -0.02648335]]
