[[ 3.20966505e-02 -1.32659853e-01 -4.35211696e-02 -1.13017075e-01
   1.17308004e-02  4.15210165e-02 -8.66747648e-02  2.90616639e-02
   9.97830778e-02 -1.48174504e-03 -7.88882747e-02  9.64379683e-02
  -9.71116126e-02 -4.42066379e-02 -9.78019685e-02 -1.04173280e-01
   1.93299651e-01 -6.54923767e-02 -1.05909863e-02 -7.61087611e-02
   1.56520214e-02  1.87000275e-01  1.03974491e-01  3.69447470e-02
  -5.38383843e-03 -8.24700482e-03 -1.19192280e-01  4.89222705e-02
   2.57599484e-02 -8.48589987e-02  4.86960486e-02  1.19886354e-01
   1.51450923e-02  3.82496454e-02  6.94051571e-03  3.19189839e-02
   1.84540167e-01 -5.77040426e-02  8.89214426e-02 -7.97399580e-02
   1.13620579e-01 -2.17836183e-02 -5.28301150e-02  5.65383211e-03
   7.90095143e-03  2.84919105e-02  8.07360634e-02 -1.18778646e-01
   3.68475504e-02  9.31804180e-02 -1.58341661e-01 -9.04006362e-02
   3.23643982e-02  1.23013623e-01  1.02152437e-01  1.01224333e-02
  -1.70946091e-01  8.48780349e-02  5.40401489e-02 -8.28233957e-02
  -2.42345297e-04 -3.95331010e-02  8.47490504e-03 -1.50946006e-01
  -1.01965308e-01 -3.37174162e-02  3.50995213e-02 -7.27023184e-02
  -2.76322756e-02  2.20952332e-01 -3.68716605e-02 -6.51309192e-02
  -4.13550623e-02 -4.11905833e-02  1.20396048e-01  2.91496396e-01
   1.49172526e-02 -5.45038544e-02  4.28209454e-02 -1.53993638e-02
   2.15516075e-01  1.17445461e-01 -1.10266164e-01  9.54673141e-02
  -8.67568925e-02 -1.22495219e-01  8.00288394e-02  3.47750001e-02
  -1.47096310e-02 -1.47741556e-01 -3.35600674e-02 -5.75283952e-02
   1.29778281e-01 -4.63216379e-02  4.17278595e-02 -6.50976375e-02
  -5.79332896e-02 -7.07234144e-02 -1.23736329e-01 -3.75291221e-02
  -1.17282139e-03 -2.60585193e-02 -2.00949553e-02 -3.45596410e-02
   1.32208437e-01 -5.43959364e-02 -7.37538189e-02 -7.94378966e-02
  -1.02883331e-01  1.16396099e-01 -1.47111595e-01 -1.16956137e-01
   4.92897220e-02  4.69772182e-02  6.30836934e-02 -7.52329975e-02
  -3.10271373e-03 -5.07704802e-02 -1.08450249e-01 -1.20570451e-01
  -9.80808586e-02 -3.63423973e-02  1.15765370e-02 -1.48235615e-02
  -8.14416111e-02 -4.73020039e-02 -5.54531813e-02 -1.79758668e-02]]
[[ 3.20966505e-02 -1.32659853e-01 -4.35211696e-02 -1.13017075e-01
   1.17308004e-02  4.15210165e-02 -8.66747648e-02  2.90616639e-02
   9.97830778e-02 -1.48174504e-03 -7.88882747e-02  9.64379683e-02
  -9.71116126e-02 -4.42066379e-02 -9.78019685e-02 -1.04173280e-01
   1.93299651e-01 -6.54923767e-02 -1.05909863e-02 -7.61087611e-02
   1.56520214e-02  1.87000275e-01  1.03974491e-01  3.69447470e-02
  -5.38383843e-03 -8.24700482e-03 -1.19192280e-01  4.89222705e-02
   2.57599484e-02 -8.48589987e-02  4.86960486e-02  1.19886354e-01
   1.51450923e-02  3.82496454e-02  6.94051571e-03  3.19189839e-02
   1.84540167e-01 -5.77040426e-02  8.89214426e-02 -7.97399580e-02
   1.13620579e-01 -2.17836183e-02 -5.28301150e-02  5.65383211e-03
   7.90095143e-03  2.84919105e-02  8.07360634e-02 -1.18778646e-01
   3.68475504e-02  9.31804180e-02 -1.58341661e-01 -9.04006362e-02
   3.23643982e-02  1.23013623e-01  1.02152437e-01  1.01224333e-02
  -1.70946091e-01  8.48780349e-02  5.40401489e-02 -8.28233957e-02
  -2.42345297e-04 -3.95331010e-02  8.47490504e-03 -1.50946006e-01
  -1.01965308e-01 -3.37174162e-02  3.50995213e-02 -7.27023184e-02
  -2.76322756e-02  2.20952332e-01 -3.68716605e-02 -6.51309192e-02
  -4.13550623e-02 -4.11905833e-02  1.20396048e-01  2.91496396e-01
   1.49172526e-02 -5.45038544e-02  4.28209454e-02 -1.53993638e-02
   2.15516075e-01  1.17445461e-01 -1.10266164e-01  9.54673141e-02
  -8.67568925e-02 -1.22495219e-01  8.00288394e-02  3.47750001e-02
  -1.47096310e-02 -1.47741556e-01 -3.35600674e-02 -5.75283952e-02
   1.29778281e-01 -4.63216379e-02  4.17278595e-02 -6.50976375e-02
  -5.79332896e-02 -7.07234144e-02 -1.23736329e-01 -3.75291221e-02
  -1.17282139e-03 -2.60585193e-02 -2.00949553e-02 -3.45596410e-02
   1.32208437e-01 -5.43959364e-02 -7.37538189e-02 -7.94378966e-02
  -1.02883331e-01  1.16396099e-01 -1.47111595e-01 -1.16956137e-01
   4.92897220e-02  4.69772182e-02  6.30836934e-02 -7.52329975e-02
  -3.10271373e-03 -5.07704802e-02 -1.08450249e-01 -1.20570451e-01
  -9.80808586e-02 -3.63423973e-02  1.15765370e-02 -1.48235615e-02
  -8.14416111e-02 -4.73020039e-02 -5.54531813e-02 -1.79758668e-02]]
[[ 3.20966505e-02 -1.32659853e-01 -4.35211696e-02 -1.13017075e-01
   1.17308004e-02  4.15210165e-02 -8.66747648e-02  2.90616639e-02
   9.97830778e-02 -1.48174504e-03 -7.88882747e-02  9.64379683e-02
  -9.71116126e-02 -4.42066379e-02 -9.78019685e-02 -1.04173280e-01
   1.93299651e-01 -6.54923767e-02 -1.05909863e-02 -7.61087611e-02
   1.56520214e-02  1.87000275e-01  1.03974491e-01  3.69447470e-02
  -5.38383843e-03 -8.24700482e-03 -1.19192280e-01  4.89222705e-02
   2.57599484e-02 -8.48589987e-02  4.86960486e-02  1.19886354e-01
   1.51450923e-02  3.82496454e-02  6.94051571e-03  3.19189839e-02
   1.84540167e-01 -5.77040426e-02  8.89214426e-02 -7.97399580e-02
   1.13620579e-01 -2.17836183e-02 -5.28301150e-02  5.65383211e-03
   7.90095143e-03  2.84919105e-02  8.07360634e-02 -1.18778646e-01
   3.68475504e-02  9.31804180e-02 -1.58341661e-01 -9.04006362e-02
   3.23643982e-02  1.23013623e-01  1.02152437e-01  1.01224333e-02
  -1.70946091e-01  8.48780349e-02  5.40401489e-02 -8.28233957e-02
  -2.42345297e-04 -3.95331010e-02  8.47490504e-03 -1.50946006e-01
  -1.01965308e-01 -3.37174162e-02  3.50995213e-02 -7.27023184e-02
  -2.76322756e-02  2.20952332e-01 -3.68716605e-02 -6.51309192e-02
  -4.13550623e-02 -4.11905833e-02  1.20396048e-01  2.91496396e-01
   1.49172526e-02 -5.45038544e-02  4.28209454e-02 -1.53993638e-02
   2.15516075e-01  1.17445461e-01 -1.10266164e-01  9.54673141e-02
  -8.67568925e-02 -1.22495219e-01  8.00288394e-02  3.47750001e-02
  -1.47096310e-02 -1.47741556e-01 -3.35600674e-02 -5.75283952e-02
   1.29778281e-01 -4.63216379e-02  4.17278595e-02 -6.50976375e-02
  -5.79332896e-02 -7.07234144e-02 -1.23736329e-01 -3.75291221e-02
  -1.17282139e-03 -2.60585193e-02 -2.00949553e-02 -3.45596410e-02
   1.32208437e-01 -5.43959364e-02 -7.37538189e-02 -7.94378966e-02
  -1.02883331e-01  1.16396099e-01 -1.47111595e-01 -1.16956137e-01
   4.92897220e-02  4.69772182e-02  6.30836934e-02 -7.52329975e-02
  -3.10271373e-03 -5.07704802e-02 -1.08450249e-01 -1.20570451e-01
  -9.80808586e-02 -3.63423973e-02  1.15765370e-02 -1.48235615e-02
  -8.14416111e-02 -4.73020039e-02 -5.54531813e-02 -1.79758668e-02]]
