[[ 0.01002192 -0.13118693 -0.10327295 -0.20550619  0.08828331  0.05062985
   0.04172908  0.03457868  0.14023392  0.06802786 -0.08855575  0.0638966
  -0.02811653  0.03610816 -0.12052766 -0.00664534  0.19379662 -0.0240692
  -0.02939071 -0.08413735 -0.01244493  0.05926555  0.03332552  0.02398691
  -0.08874168 -0.02213729 -0.07300196 -0.03802025  0.0162611  -0.10777842
   0.04338423  0.02477466  0.04593147  0.02004232  0.02990606  0.09094295
   0.21735515 -0.09005275  0.0357264  -0.08500384 -0.01853465 -0.01462611
  -0.11797661  0.10386296 -0.07228049  0.01140868  0.04476341 -0.13422948
   0.0447857  -0.09861548 -0.15888648 -0.10724874 -0.05562364  0.13466106
   0.06590084  0.11974756 -0.14608899  0.12926328  0.144812   -0.07733259
   0.11392073  0.02598492 -0.03467773 -0.13122785 -0.06216799 -0.01556125
   0.02168398 -0.10940798 -0.12499358  0.10554167 -0.09180921 -0.08640511
  -0.08114941 -0.02555902  0.06499135  0.31495938 -0.00138106 -0.02759526
   0.11234812 -0.0664572   0.14092284  0.00961605 -0.13977236  0.04164089
  -0.08133307 -0.04191792  0.10325048  0.02871906  0.00913675 -0.16510378
  -0.02205282  0.01211892  0.04170318 -0.03629515 -0.07396982 -0.063416
  -0.07851506 -0.03892507 -0.10764813  0.06949691 -0.05022159 -0.04012295
  -0.12618868 -0.03675297  0.07782897 -0.04938318 -0.01242548 -0.05729087
  -0.11139011  0.0858424  -0.14758043 -0.09706134  0.13676833 -0.01010971
   0.00378894 -0.09501535  0.03526614 -0.01967447 -0.04270437 -0.07399909
  -0.0348197  -0.1364139  -0.05792991 -0.07960212 -0.05990409 -0.05395908
  -0.01053329  0.02084449]]
[[ 0.01002192 -0.13118693 -0.10327295 -0.20550619  0.08828331  0.05062985
   0.04172908  0.03457868  0.14023392  0.06802786 -0.08855575  0.0638966
  -0.02811653  0.03610816 -0.12052766 -0.00664534  0.19379662 -0.0240692
  -0.02939071 -0.08413735 -0.01244493  0.05926555  0.03332552  0.02398691
  -0.08874168 -0.02213729 -0.07300196 -0.03802025  0.0162611  -0.10777842
   0.04338423  0.02477466  0.04593147  0.02004232  0.02990606  0.09094295
   0.21735515 -0.09005275  0.0357264  -0.08500384 -0.01853465 -0.01462611
  -0.11797661  0.10386296 -0.07228049  0.01140868  0.04476341 -0.13422948
   0.0447857  -0.09861548 -0.15888648 -0.10724874 -0.05562364  0.13466106
   0.06590084  0.11974756 -0.14608899  0.12926328  0.144812   -0.07733259
   0.11392073  0.02598492 -0.03467773 -0.13122785 -0.06216799 -0.01556125
   0.02168398 -0.10940798 -0.12499358  0.10554167 -0.09180921 -0.08640511
  -0.08114941 -0.02555902  0.06499135  0.31495938 -0.00138106 -0.02759526
   0.11234812 -0.0664572   0.14092284  0.00961605 -0.13977236  0.04164089
  -0.08133307 -0.04191792  0.10325048  0.02871906  0.00913675 -0.16510378
  -0.02205282  0.01211892  0.04170318 -0.03629515 -0.07396982 -0.063416
  -0.07851506 -0.03892507 -0.10764813  0.06949691 -0.05022159 -0.04012295
  -0.12618868 -0.03675297  0.07782897 -0.04938318 -0.01242548 -0.05729087
  -0.11139011  0.0858424  -0.14758043 -0.09706134  0.13676833 -0.01010971
   0.00378894 -0.09501535  0.03526614 -0.01967447 -0.04270437 -0.07399909
  -0.0348197  -0.1364139  -0.05792991 -0.07960212 -0.05990409 -0.05395908
  -0.01053329  0.02084449]]
[[ 0.01002192 -0.13118693 -0.10327295 -0.20550619  0.08828331  0.05062985
   0.04172908  0.03457868  0.14023392  0.06802786 -0.08855575  0.0638966
  -0.02811653  0.03610816 -0.12052766 -0.00664534  0.19379662 -0.0240692
  -0.02939071 -0.08413735 -0.01244493  0.05926555  0.03332552  0.02398691
  -0.08874168 -0.02213729 -0.07300196 -0.03802025  0.0162611  -0.10777842
   0.04338423  0.02477466  0.04593147  0.02004232  0.02990606  0.09094295
   0.21735515 -0.09005275  0.0357264  -0.08500384 -0.01853465 -0.01462611
  -0.11797661  0.10386296 -0.07228049  0.01140868  0.04476341 -0.13422948
   0.0447857  -0.09861548 -0.15888648 -0.10724874 -0.05562364  0.13466106
   0.06590084  0.11974756 -0.14608899  0.12926328  0.144812   -0.07733259
   0.11392073  0.02598492 -0.03467773 -0.13122785 -0.06216799 -0.01556125
   0.02168398 -0.10940798 -0.12499358  0.10554167 -0.09180921 -0.08640511
  -0.08114941 -0.02555902  0.06499135  0.31495938 -0.00138106 -0.02759526
   0.11234812 -0.0664572   0.14092284  0.00961605 -0.13977236  0.04164089
  -0.08133307 -0.04191792  0.10325048  0.02871906  0.00913675 -0.16510378
  -0.02205282  0.01211892  0.04170318 -0.03629515 -0.07396982 -0.063416
  -0.07851506 -0.03892507 -0.10764813  0.06949691 -0.05022159 -0.04012295
  -0.12618868 -0.03675297  0.07782897 -0.04938318 -0.01242548 -0.05729087
  -0.11139011  0.0858424  -0.14758043 -0.09706134  0.13676833 -0.01010971
   0.00378894 -0.09501535  0.03526614 -0.01967447 -0.04270437 -0.07399909
  -0.0348197  -0.1364139  -0.05792991 -0.07960212 -0.05990409 -0.05395908
  -0.01053329  0.02084449]]
