[[ 0.06325578 -0.1321133  -0.08782181 -0.20460714  0.10170715  0.10133453
  -0.00086092  0.043647    0.12378715  0.11344898 -0.12052035  0.0704476
  -0.03535082  0.0386825  -0.14792842  0.03587605  0.1472274  -0.04982065
  -0.02454806 -0.07305402 -0.07516021  0.06764041  0.03036949 -0.03279316
  -0.10550382 -0.04268472 -0.05425274 -0.02419702  0.02590904 -0.07818233
   0.01098881  0.05076496  0.04314047 -0.07683537  0.0866825   0.1468615
   0.24877402 -0.11341954 -0.01293509 -0.02732796 -0.05214421  0.02194471
  -0.12419389  0.16682082 -0.08299877 -0.04701748  0.10578966 -0.13569696
   0.00417967 -0.07920326 -0.1392691  -0.11867551 -0.01397599  0.13424234
   0.02896671  0.10722028 -0.12481194  0.09847391  0.15284029 -0.08916474
   0.12514314  0.06244143 -0.00326547 -0.12332904  0.00885876 -0.05945035
  -0.00410061 -0.10616584 -0.12028342  0.05572383 -0.07849551 -0.05345334
  -0.08590686  0.03062635  0.02794302  0.2422595  -0.00357687  0.0275287
   0.11242362 -0.06462719  0.10746846  0.00565539 -0.14425166  0.0514931
  -0.03325613 -0.00382241  0.08441614  0.03225558  0.02393948 -0.16870943
   0.04376769  0.0079255   0.08453587 -0.00510983 -0.04952874 -0.0526857
  -0.07747357 -0.03371913 -0.09655251  0.08392757 -0.04068558  0.00381677
  -0.11233192  0.04012577  0.06136848  0.02579379  0.05596378 -0.04749047
  -0.09946536  0.12814015 -0.13635781 -0.07679554  0.15928333  0.04737029
   0.01206898 -0.10122184  0.05654874 -0.04059913  0.02722341 -0.08551746
  -0.0627092  -0.12048887 -0.06485787 -0.1004747  -0.01815554 -0.07803407
  -0.02108838  0.0068575 ]]
[[ 0.06325578 -0.1321133  -0.08782181 -0.20460714  0.10170715  0.10133453
  -0.00086092  0.043647    0.12378715  0.11344898 -0.12052035  0.0704476
  -0.03535082  0.0386825  -0.14792842  0.03587605  0.1472274  -0.04982065
  -0.02454806 -0.07305402 -0.07516021  0.06764041  0.03036949 -0.03279316
  -0.10550382 -0.04268472 -0.05425274 -0.02419702  0.02590904 -0.07818233
   0.01098881  0.05076496  0.04314047 -0.07683537  0.0866825   0.1468615
   0.24877402 -0.11341954 -0.01293509 -0.02732796 -0.05214421  0.02194471
  -0.12419389  0.16682082 -0.08299877 -0.04701748  0.10578966 -0.13569696
   0.00417967 -0.07920326 -0.1392691  -0.11867551 -0.01397599  0.13424234
   0.02896671  0.10722028 -0.12481194  0.09847391  0.15284029 -0.08916474
   0.12514314  0.06244143 -0.00326547 -0.12332904  0.00885876 -0.05945035
  -0.00410061 -0.10616584 -0.12028342  0.05572383 -0.07849551 -0.05345334
  -0.08590686  0.03062635  0.02794302  0.2422595  -0.00357687  0.0275287
   0.11242362 -0.06462719  0.10746846  0.00565539 -0.14425166  0.0514931
  -0.03325613 -0.00382241  0.08441614  0.03225558  0.02393948 -0.16870943
   0.04376769  0.0079255   0.08453587 -0.00510983 -0.04952874 -0.0526857
  -0.07747357 -0.03371913 -0.09655251  0.08392757 -0.04068558  0.00381677
  -0.11233192  0.04012577  0.06136848  0.02579379  0.05596378 -0.04749047
  -0.09946536  0.12814015 -0.13635781 -0.07679554  0.15928333  0.04737029
   0.01206898 -0.10122184  0.05654874 -0.04059913  0.02722341 -0.08551746
  -0.0627092  -0.12048887 -0.06485787 -0.1004747  -0.01815554 -0.07803407
  -0.02108838  0.0068575 ]]
[[ 0.06325578 -0.1321133  -0.08782181 -0.20460714  0.10170715  0.10133453
  -0.00086092  0.043647    0.12378715  0.11344898 -0.12052035  0.0704476
  -0.03535082  0.0386825  -0.14792842  0.03587605  0.1472274  -0.04982065
  -0.02454806 -0.07305402 -0.07516021  0.06764041  0.03036949 -0.03279316
  -0.10550382 -0.04268472 -0.05425274 -0.02419702  0.02590904 -0.07818233
   0.01098881  0.05076496  0.04314047 -0.07683537  0.0866825   0.1468615
   0.24877402 -0.11341954 -0.01293509 -0.02732796 -0.05214421  0.02194471
  -0.12419389  0.16682082 -0.08299877 -0.04701748  0.10578966 -0.13569696
   0.00417967 -0.07920326 -0.1392691  -0.11867551 -0.01397599  0.13424234
   0.02896671  0.10722028 -0.12481194  0.09847391  0.15284029 -0.08916474
   0.12514314  0.06244143 -0.00326547 -0.12332904  0.00885876 -0.05945035
  -0.00410061 -0.10616584 -0.12028342  0.05572383 -0.07849551 -0.05345334
  -0.08590686  0.03062635  0.02794302  0.2422595  -0.00357687  0.0275287
   0.11242362 -0.06462719  0.10746846  0.00565539 -0.14425166  0.0514931
  -0.03325613 -0.00382241  0.08441614  0.03225558  0.02393948 -0.16870943
   0.04376769  0.0079255   0.08453587 -0.00510983 -0.04952874 -0.0526857
  -0.07747357 -0.03371913 -0.09655251  0.08392757 -0.04068558  0.00381677
  -0.11233192  0.04012577  0.06136848  0.02579379  0.05596378 -0.04749047
  -0.09946536  0.12814015 -0.13635781 -0.07679554  0.15928333  0.04737029
   0.01206898 -0.10122184  0.05654874 -0.04059913  0.02722341 -0.08551746
  -0.0627092  -0.12048887 -0.06485787 -0.1004747  -0.01815554 -0.07803407
  -0.02108838  0.0068575 ]]
