[[ 4.97048460e-02 -1.40724838e-01 -7.05003366e-02 -1.39455169e-01
   5.29877318e-04  3.01646423e-02 -7.54490718e-02  2.67162006e-02
   1.15079619e-01  3.85601036e-02 -9.82764810e-02  9.65815932e-02
  -8.23697746e-02 -3.52460034e-02 -7.13606924e-02 -1.17926888e-01
   1.96960419e-01 -8.21565241e-02 -2.60335784e-02 -9.33165178e-02
   3.13764513e-02  1.56129465e-01  8.41318965e-02  7.05008879e-02
  -6.40936894e-03 -2.00823918e-02 -1.08673871e-01  2.67373454e-02
   6.30594464e-03 -7.32822940e-02 -2.42469553e-03  1.05693363e-01
   5.27012609e-02  4.16376404e-02 -2.17293133e-03 -5.29436534e-03
   2.18706414e-01 -6.12290427e-02  8.79942402e-02 -6.89278394e-02
   6.12419471e-02 -2.29424853e-02 -3.76056209e-02  4.82661137e-03
   1.38328224e-02  6.85079396e-02  9.32776779e-02 -1.14097401e-01
  -2.05208082e-03  7.10301623e-02 -1.67579383e-01 -8.55353847e-02
   1.08547444e-02  5.12501560e-02  8.98106545e-02  2.12828778e-02
  -1.72207639e-01  6.24136850e-02  5.36048599e-02 -8.92483741e-02
   1.90936774e-02 -2.96088476e-02  5.78845479e-03 -1.61423653e-01
  -9.53830406e-02 -1.22046890e-03 -5.84557932e-03 -7.82563016e-02
  -6.58010393e-02  2.10663125e-01 -3.41407843e-02 -7.07589984e-02
  -2.51608286e-02 -4.72099520e-02  1.05754361e-01  3.12914610e-01
   1.57258324e-02 -6.82137087e-02  6.27712831e-02 -1.62216667e-02
   2.19352141e-01  1.17997475e-01 -1.22779608e-01  7.00825155e-02
  -9.39114317e-02 -1.18160225e-01  1.03685543e-01  4.74266484e-02
   2.47893184e-02 -1.62724003e-01 -5.66509813e-02 -4.27203849e-02
   8.65949690e-02 -7.07571357e-02 -1.23720514e-02 -5.66536784e-02
  -4.17690314e-02 -7.68439919e-02 -1.23249233e-01 -5.45797721e-02
  -2.33714245e-02 -9.62843001e-03 -4.07532267e-02 -6.12990744e-02
   8.57512057e-02 -4.45486121e-02 -8.02031383e-02 -7.20681027e-02
  -1.11007035e-01  1.08363129e-01 -1.52759299e-01 -1.05102949e-01
   6.60827458e-02  6.43085763e-02  9.74318832e-02 -7.09632784e-02
   1.69092440e-03 -5.06515317e-02 -1.04534417e-01 -1.21746309e-01
  -9.40073207e-02 -1.14508020e-06 -1.34841204e-02 -1.44009460e-02
  -7.69670680e-02 -3.99241187e-02 -5.02142161e-02 -8.57769977e-03]]
[[ 4.97048460e-02 -1.40724838e-01 -7.05003366e-02 -1.39455169e-01
   5.29877318e-04  3.01646423e-02 -7.54490718e-02  2.67162006e-02
   1.15079619e-01  3.85601036e-02 -9.82764810e-02  9.65815932e-02
  -8.23697746e-02 -3.52460034e-02 -7.13606924e-02 -1.17926888e-01
   1.96960419e-01 -8.21565241e-02 -2.60335784e-02 -9.33165178e-02
   3.13764513e-02  1.56129465e-01  8.41318965e-02  7.05008879e-02
  -6.40936894e-03 -2.00823918e-02 -1.08673871e-01  2.67373454e-02
   6.30594464e-03 -7.32822940e-02 -2.42469553e-03  1.05693363e-01
   5.27012609e-02  4.16376404e-02 -2.17293133e-03 -5.29436534e-03
   2.18706414e-01 -6.12290427e-02  8.79942402e-02 -6.89278394e-02
   6.12419471e-02 -2.29424853e-02 -3.76056209e-02  4.82661137e-03
   1.38328224e-02  6.85079396e-02  9.32776779e-02 -1.14097401e-01
  -2.05208082e-03  7.10301623e-02 -1.67579383e-01 -8.55353847e-02
   1.08547444e-02  5.12501560e-02  8.98106545e-02  2.12828778e-02
  -1.72207639e-01  6.24136850e-02  5.36048599e-02 -8.92483741e-02
   1.90936774e-02 -2.96088476e-02  5.78845479e-03 -1.61423653e-01
  -9.53830406e-02 -1.22046890e-03 -5.84557932e-03 -7.82563016e-02
  -6.58010393e-02  2.10663125e-01 -3.41407843e-02 -7.07589984e-02
  -2.51608286e-02 -4.72099520e-02  1.05754361e-01  3.12914610e-01
   1.57258324e-02 -6.82137087e-02  6.27712831e-02 -1.62216667e-02
   2.19352141e-01  1.17997475e-01 -1.22779608e-01  7.00825155e-02
  -9.39114317e-02 -1.18160225e-01  1.03685543e-01  4.74266484e-02
   2.47893184e-02 -1.62724003e-01 -5.66509813e-02 -4.27203849e-02
   8.65949690e-02 -7.07571357e-02 -1.23720514e-02 -5.66536784e-02
  -4.17690314e-02 -7.68439919e-02 -1.23249233e-01 -5.45797721e-02
  -2.33714245e-02 -9.62843001e-03 -4.07532267e-02 -6.12990744e-02
   8.57512057e-02 -4.45486121e-02 -8.02031383e-02 -7.20681027e-02
  -1.11007035e-01  1.08363129e-01 -1.52759299e-01 -1.05102949e-01
   6.60827458e-02  6.43085763e-02  9.74318832e-02 -7.09632784e-02
   1.69092440e-03 -5.06515317e-02 -1.04534417e-01 -1.21746309e-01
  -9.40073207e-02 -1.14508020e-06 -1.34841204e-02 -1.44009460e-02
  -7.69670680e-02 -3.99241187e-02 -5.02142161e-02 -8.57769977e-03]]
[[ 4.97048460e-02 -1.40724838e-01 -7.05003366e-02 -1.39455169e-01
   5.29877318e-04  3.01646423e-02 -7.54490718e-02  2.67162006e-02
   1.15079619e-01  3.85601036e-02 -9.82764810e-02  9.65815932e-02
  -8.23697746e-02 -3.52460034e-02 -7.13606924e-02 -1.17926888e-01
   1.96960419e-01 -8.21565241e-02 -2.60335784e-02 -9.33165178e-02
   3.13764513e-02  1.56129465e-01  8.41318965e-02  7.05008879e-02
  -6.40936894e-03 -2.00823918e-02 -1.08673871e-01  2.67373454e-02
   6.30594464e-03 -7.32822940e-02 -2.42469553e-03  1.05693363e-01
   5.27012609e-02  4.16376404e-02 -2.17293133e-03 -5.29436534e-03
   2.18706414e-01 -6.12290427e-02  8.79942402e-02 -6.89278394e-02
   6.12419471e-02 -2.29424853e-02 -3.76056209e-02  4.82661137e-03
   1.38328224e-02  6.85079396e-02  9.32776779e-02 -1.14097401e-01
  -2.05208082e-03  7.10301623e-02 -1.67579383e-01 -8.55353847e-02
   1.08547444e-02  5.12501560e-02  8.98106545e-02  2.12828778e-02
  -1.72207639e-01  6.24136850e-02  5.36048599e-02 -8.92483741e-02
   1.90936774e-02 -2.96088476e-02  5.78845479e-03 -1.61423653e-01
  -9.53830406e-02 -1.22046890e-03 -5.84557932e-03 -7.82563016e-02
  -6.58010393e-02  2.10663125e-01 -3.41407843e-02 -7.07589984e-02
  -2.51608286e-02 -4.72099520e-02  1.05754361e-01  3.12914610e-01
   1.57258324e-02 -6.82137087e-02  6.27712831e-02 -1.62216667e-02
   2.19352141e-01  1.17997475e-01 -1.22779608e-01  7.00825155e-02
  -9.39114317e-02 -1.18160225e-01  1.03685543e-01  4.74266484e-02
   2.47893184e-02 -1.62724003e-01 -5.66509813e-02 -4.27203849e-02
   8.65949690e-02 -7.07571357e-02 -1.23720514e-02 -5.66536784e-02
  -4.17690314e-02 -7.68439919e-02 -1.23249233e-01 -5.45797721e-02
  -2.33714245e-02 -9.62843001e-03 -4.07532267e-02 -6.12990744e-02
   8.57512057e-02 -4.45486121e-02 -8.02031383e-02 -7.20681027e-02
  -1.11007035e-01  1.08363129e-01 -1.52759299e-01 -1.05102949e-01
   6.60827458e-02  6.43085763e-02  9.74318832e-02 -7.09632784e-02
   1.69092440e-03 -5.06515317e-02 -1.04534417e-01 -1.21746309e-01
  -9.40073207e-02 -1.14508020e-06 -1.34841204e-02 -1.44009460e-02
  -7.69670680e-02 -3.99241187e-02 -5.02142161e-02 -8.57769977e-03]]
