[[ 0.05226097 -0.1473493  -0.10886159 -0.24001253  0.07240278  0.05471618
  -0.02308928 -0.00678904  0.06165008  0.06140951 -0.13975817  0.05127304
  -0.00497093 -0.00151679 -0.14486922 -0.01378991  0.10547843 -0.10033641
  -0.00327724 -0.08850932 -0.08409577  0.12273131  0.02094729 -0.06683592
  -0.08904401 -0.09139352 -0.06469262  0.03947878  0.0437538  -0.08916036
  -0.07033129  0.10397039  0.05952195 -0.08738249  0.13135757  0.14977035
   0.15881921 -0.08336353 -0.02860644 -0.0178148  -0.09650651  0.02077805
  -0.11599197  0.20058502 -0.08300118 -0.04252698  0.09322704 -0.13592297
  -0.06267897 -0.09109377 -0.16073841 -0.12207659 -0.03135575  0.03670544
   0.04048761  0.10949536 -0.13125601  0.06114473  0.18231516 -0.12105403
   0.12275087  0.09757261 -0.00897539 -0.16085611 -0.0498844  -0.03998785
  -0.01312211 -0.10548431 -0.11392506  0.11388372 -0.07294184 -0.06738927
  -0.07413175 -0.00364988  0.02975289  0.17905353  0.00821273 -0.02345899
   0.04650877 -0.02958856  0.14055763 -0.05107122 -0.14985624  0.01954871
  -0.00550507 -0.03846147  0.0588925   0.09851578  0.01464183 -0.18605499
   0.00781863  0.0489701   0.01143367 -0.03833945 -0.01838209 -0.06823649
  -0.09601173 -0.04244996 -0.09030639  0.06405281 -0.05739196  0.04337326
  -0.08097193  0.00668764  0.02964849  0.00759562  0.06115125 -0.05976449
  -0.09332444  0.12508848 -0.11425562 -0.07417726  0.16523655 -0.00682806
   0.02097956 -0.11775403  0.07441861 -0.05564521  0.02321391 -0.11080908
  -0.06938253 -0.0841099  -0.0177809  -0.08559883  0.02056771 -0.06352925
  -0.01411707 -0.01519322]]
[[ 0.05226097 -0.1473493  -0.10886159 -0.24001253  0.07240278  0.05471618
  -0.02308928 -0.00678904  0.06165008  0.06140951 -0.13975817  0.05127304
  -0.00497093 -0.00151679 -0.14486922 -0.01378991  0.10547843 -0.10033641
  -0.00327724 -0.08850932 -0.08409577  0.12273131  0.02094729 -0.06683592
  -0.08904401 -0.09139352 -0.06469262  0.03947878  0.0437538  -0.08916036
  -0.07033129  0.10397039  0.05952195 -0.08738249  0.13135757  0.14977035
   0.15881921 -0.08336353 -0.02860644 -0.0178148  -0.09650651  0.02077805
  -0.11599197  0.20058502 -0.08300118 -0.04252698  0.09322704 -0.13592297
  -0.06267897 -0.09109377 -0.16073841 -0.12207659 -0.03135575  0.03670544
   0.04048761  0.10949536 -0.13125601  0.06114473  0.18231516 -0.12105403
   0.12275087  0.09757261 -0.00897539 -0.16085611 -0.0498844  -0.03998785
  -0.01312211 -0.10548431 -0.11392506  0.11388372 -0.07294184 -0.06738927
  -0.07413175 -0.00364988  0.02975289  0.17905353  0.00821273 -0.02345899
   0.04650877 -0.02958856  0.14055763 -0.05107122 -0.14985624  0.01954871
  -0.00550507 -0.03846147  0.0588925   0.09851578  0.01464183 -0.18605499
   0.00781863  0.0489701   0.01143367 -0.03833945 -0.01838209 -0.06823649
  -0.09601173 -0.04244996 -0.09030639  0.06405281 -0.05739196  0.04337326
  -0.08097193  0.00668764  0.02964849  0.00759562  0.06115125 -0.05976449
  -0.09332444  0.12508848 -0.11425562 -0.07417726  0.16523655 -0.00682806
   0.02097956 -0.11775403  0.07441861 -0.05564521  0.02321391 -0.11080908
  -0.06938253 -0.0841099  -0.0177809  -0.08559883  0.02056771 -0.06352925
  -0.01411707 -0.01519322]]
[[ 0.05226097 -0.1473493  -0.10886159 -0.24001253  0.07240278  0.05471618
  -0.02308928 -0.00678904  0.06165008  0.06140951 -0.13975817  0.05127304
  -0.00497093 -0.00151679 -0.14486922 -0.01378991  0.10547843 -0.10033641
  -0.00327724 -0.08850932 -0.08409577  0.12273131  0.02094729 -0.06683592
  -0.08904401 -0.09139352 -0.06469262  0.03947878  0.0437538  -0.08916036
  -0.07033129  0.10397039  0.05952195 -0.08738249  0.13135757  0.14977035
   0.15881921 -0.08336353 -0.02860644 -0.0178148  -0.09650651  0.02077805
  -0.11599197  0.20058502 -0.08300118 -0.04252698  0.09322704 -0.13592297
  -0.06267897 -0.09109377 -0.16073841 -0.12207659 -0.03135575  0.03670544
   0.04048761  0.10949536 -0.13125601  0.06114473  0.18231516 -0.12105403
   0.12275087  0.09757261 -0.00897539 -0.16085611 -0.0498844  -0.03998785
  -0.01312211 -0.10548431 -0.11392506  0.11388372 -0.07294184 -0.06738927
  -0.07413175 -0.00364988  0.02975289  0.17905353  0.00821273 -0.02345899
   0.04650877 -0.02958856  0.14055763 -0.05107122 -0.14985624  0.01954871
  -0.00550507 -0.03846147  0.0588925   0.09851578  0.01464183 -0.18605499
   0.00781863  0.0489701   0.01143367 -0.03833945 -0.01838209 -0.06823649
  -0.09601173 -0.04244996 -0.09030639  0.06405281 -0.05739196  0.04337326
  -0.08097193  0.00668764  0.02964849  0.00759562  0.06115125 -0.05976449
  -0.09332444  0.12508848 -0.11425562 -0.07417726  0.16523655 -0.00682806
   0.02097956 -0.11775403  0.07441861 -0.05564521  0.02321391 -0.11080908
  -0.06938253 -0.0841099  -0.0177809  -0.08559883  0.02056771 -0.06352925
  -0.01411707 -0.01519322]]
