[[-0.00494062 -0.1396483  -0.04834203 -0.1177531   0.00073441  0.01076757
  -0.1050729   0.0053935   0.11892091  0.0313329  -0.076998    0.11990087
  -0.02762962 -0.0640301  -0.10753456 -0.09772221  0.17683938 -0.0453429
   0.02363338 -0.05106874 -0.01415497  0.131392    0.1309466   0.03991268
  -0.05520332 -0.0468143  -0.11416495  0.02975414  0.03690974 -0.09685664
   0.07490522  0.138498   -0.01875436 -0.01943573  0.00601997  0.06608041
   0.16251191 -0.1081925   0.08175563 -0.09020066  0.1320726  -0.02921494
  -0.05707978  0.01408488 -0.00772683 -0.01627408  0.09462468 -0.11147414
   0.07812031  0.05621178 -0.15296873 -0.09567548  0.04288236  0.15384439
   0.07974765  0.00140373 -0.15809199  0.08924647  0.00372308 -0.05521603
  -0.01512494 -0.04404206 -0.03783073 -0.13360463 -0.11206626 -0.0806344
   0.02035928 -0.08601141 -0.03145377  0.2353301  -0.08712029 -0.04456488
  -0.06580365 -0.02772428  0.11533737  0.26993597 -0.00741348 -0.01717502
   0.00764174 -0.01444012  0.17951572  0.08155129 -0.10219612  0.13815208
  -0.08496398 -0.1028401   0.0353192   0.02600546 -0.06020544 -0.12807024
  -0.00306604 -0.04936799  0.14279446 -0.02144407  0.0839451  -0.05582057
  -0.07329107 -0.04446209 -0.10036609 -0.07656513  0.01569055 -0.0564468
  -0.02734513 -0.05805606  0.15260774 -0.05987433 -0.05604356 -0.12056223
  -0.10039436  0.12209316 -0.14303356 -0.12180491  0.01729699  0.01528865
  -0.00927544 -0.08621435 -0.03626509  0.00197016 -0.10651299 -0.12159487
  -0.09542933 -0.08261099  0.00362125 -0.04497562 -0.09852418 -0.06687203
  -0.03194552 -0.03095704]]
[[-0.00494062 -0.1396483  -0.04834203 -0.1177531   0.00073441  0.01076757
  -0.1050729   0.0053935   0.11892091  0.0313329  -0.076998    0.11990087
  -0.02762962 -0.0640301  -0.10753456 -0.09772221  0.17683938 -0.0453429
   0.02363338 -0.05106874 -0.01415497  0.131392    0.1309466   0.03991268
  -0.05520332 -0.0468143  -0.11416495  0.02975414  0.03690974 -0.09685664
   0.07490522  0.138498   -0.01875436 -0.01943573  0.00601997  0.06608041
   0.16251191 -0.1081925   0.08175563 -0.09020066  0.1320726  -0.02921494
  -0.05707978  0.01408488 -0.00772683 -0.01627408  0.09462468 -0.11147414
   0.07812031  0.05621178 -0.15296873 -0.09567548  0.04288236  0.15384439
   0.07974765  0.00140373 -0.15809199  0.08924647  0.00372308 -0.05521603
  -0.01512494 -0.04404206 -0.03783073 -0.13360463 -0.11206626 -0.0806344
   0.02035928 -0.08601141 -0.03145377  0.2353301  -0.08712029 -0.04456488
  -0.06580365 -0.02772428  0.11533737  0.26993597 -0.00741348 -0.01717502
   0.00764174 -0.01444012  0.17951572  0.08155129 -0.10219612  0.13815208
  -0.08496398 -0.1028401   0.0353192   0.02600546 -0.06020544 -0.12807024
  -0.00306604 -0.04936799  0.14279446 -0.02144407  0.0839451  -0.05582057
  -0.07329107 -0.04446209 -0.10036609 -0.07656513  0.01569055 -0.0564468
  -0.02734513 -0.05805606  0.15260774 -0.05987433 -0.05604356 -0.12056223
  -0.10039436  0.12209316 -0.14303356 -0.12180491  0.01729699  0.01528865
  -0.00927544 -0.08621435 -0.03626509  0.00197016 -0.10651299 -0.12159487
  -0.09542933 -0.08261099  0.00362125 -0.04497562 -0.09852418 -0.06687203
  -0.03194552 -0.03095704]]
[[-0.00494062 -0.1396483  -0.04834203 -0.1177531   0.00073441  0.01076757
  -0.1050729   0.0053935   0.11892091  0.0313329  -0.076998    0.11990087
  -0.02762962 -0.0640301  -0.10753456 -0.09772221  0.17683938 -0.0453429
   0.02363338 -0.05106874 -0.01415497  0.131392    0.1309466   0.03991268
  -0.05520332 -0.0468143  -0.11416495  0.02975414  0.03690974 -0.09685664
   0.07490522  0.138498   -0.01875436 -0.01943573  0.00601997  0.06608041
   0.16251191 -0.1081925   0.08175563 -0.09020066  0.1320726  -0.02921494
  -0.05707978  0.01408488 -0.00772683 -0.01627408  0.09462468 -0.11147414
   0.07812031  0.05621178 -0.15296873 -0.09567548  0.04288236  0.15384439
   0.07974765  0.00140373 -0.15809199  0.08924647  0.00372308 -0.05521603
  -0.01512494 -0.04404206 -0.03783073 -0.13360463 -0.11206626 -0.0806344
   0.02035928 -0.08601141 -0.03145377  0.2353301  -0.08712029 -0.04456488
  -0.06580365 -0.02772428  0.11533737  0.26993597 -0.00741348 -0.01717502
   0.00764174 -0.01444012  0.17951572  0.08155129 -0.10219612  0.13815208
  -0.08496398 -0.1028401   0.0353192   0.02600546 -0.06020544 -0.12807024
  -0.00306604 -0.04936799  0.14279446 -0.02144407  0.0839451  -0.05582057
  -0.07329107 -0.04446209 -0.10036609 -0.07656513  0.01569055 -0.0564468
  -0.02734513 -0.05805606  0.15260774 -0.05987433 -0.05604356 -0.12056223
  -0.10039436  0.12209316 -0.14303356 -0.12180491  0.01729699  0.01528865
  -0.00927544 -0.08621435 -0.03626509  0.00197016 -0.10651299 -0.12159487
  -0.09542933 -0.08261099  0.00362125 -0.04497562 -0.09852418 -0.06687203
  -0.03194552 -0.03095704]]
