[[ 0.07134373 -0.13691488 -0.10105339 -0.17780979 -0.00496256  0.05002357
  -0.02879697  0.02644879  0.07908468  0.02599255 -0.10778107  0.09726188
  -0.07111013 -0.0196271  -0.09270009 -0.11623023  0.19855271 -0.0697444
  -0.04252606 -0.0882199  -0.01485035  0.13044928  0.04480774  0.08867392
  -0.05789565 -0.01222699 -0.10921195  0.00723175 -0.01283421 -0.07613185
  -0.02998759  0.07388508  0.07981707  0.05379707 -0.00866643  0.00534882
   0.22609028 -0.0394332   0.02845983 -0.06321292  0.02467531 -0.04436698
  -0.06394313  0.04098423 -0.01559174  0.05695035  0.06902081 -0.10752396
  -0.00805815  0.0152158  -0.16633795 -0.09040584 -0.04121102  0.06496019
   0.11345105  0.03784169 -0.14942652  0.07034237  0.11287376 -0.10505763
   0.0494767  -0.00128501  0.01639833 -0.16679797 -0.08413018  0.02018027
   0.01204769 -0.08122221 -0.0881754   0.16217767 -0.06113017 -0.09638909
  -0.03038686 -0.04257486  0.10502374  0.34670913 -0.01750373 -0.07888614
   0.0750651  -0.02783733  0.16798842  0.11893237 -0.13309471  0.04804337
  -0.1063694  -0.08260991  0.11204088  0.0685875   0.01799341 -0.17320189
  -0.07199075 -0.00617336  0.04118969 -0.07593016 -0.04109493 -0.04018582
  -0.03637437 -0.07290412 -0.13521977 -0.01856717 -0.03908626  0.01309743
  -0.0640699  -0.06263532  0.05653125 -0.03895573 -0.05045613 -0.09220222
  -0.11459751  0.10702462 -0.1547985  -0.08611812  0.11395101  0.0372714
   0.09597147 -0.07567749  0.03813461 -0.07523272 -0.07727846 -0.09583269
  -0.09722992 -0.05342477 -0.05635204 -0.01477278 -0.05446434 -0.01293007
  -0.0589682   0.00580297]]
[[ 0.07134373 -0.13691488 -0.10105339 -0.17780979 -0.00496256  0.05002357
  -0.02879697  0.02644879  0.07908468  0.02599255 -0.10778107  0.09726188
  -0.07111013 -0.0196271  -0.09270009 -0.11623023  0.19855271 -0.0697444
  -0.04252606 -0.0882199  -0.01485035  0.13044928  0.04480774  0.08867392
  -0.05789565 -0.01222699 -0.10921195  0.00723175 -0.01283421 -0.07613185
  -0.02998759  0.07388508  0.07981707  0.05379707 -0.00866643  0.00534882
   0.22609028 -0.0394332   0.02845983 -0.06321292  0.02467531 -0.04436698
  -0.06394313  0.04098423 -0.01559174  0.05695035  0.06902081 -0.10752396
  -0.00805815  0.0152158  -0.16633795 -0.09040584 -0.04121102  0.06496019
   0.11345105  0.03784169 -0.14942652  0.07034237  0.11287376 -0.10505763
   0.0494767  -0.00128501  0.01639833 -0.16679797 -0.08413018  0.02018027
   0.01204769 -0.08122221 -0.0881754   0.16217767 -0.06113017 -0.09638909
  -0.03038686 -0.04257486  0.10502374  0.34670913 -0.01750373 -0.07888614
   0.0750651  -0.02783733  0.16798842  0.11893237 -0.13309471  0.04804337
  -0.1063694  -0.08260991  0.11204088  0.0685875   0.01799341 -0.17320189
  -0.07199075 -0.00617336  0.04118969 -0.07593016 -0.04109493 -0.04018582
  -0.03637437 -0.07290412 -0.13521977 -0.01856717 -0.03908626  0.01309743
  -0.0640699  -0.06263532  0.05653125 -0.03895573 -0.05045613 -0.09220222
  -0.11459751  0.10702462 -0.1547985  -0.08611812  0.11395101  0.0372714
   0.09597147 -0.07567749  0.03813461 -0.07523272 -0.07727846 -0.09583269
  -0.09722992 -0.05342477 -0.05635204 -0.01477278 -0.05446434 -0.01293007
  -0.0589682   0.00580297]]
[[ 0.07134373 -0.13691488 -0.10105339 -0.17780979 -0.00496256  0.05002357
  -0.02879697  0.02644879  0.07908468  0.02599255 -0.10778107  0.09726188
  -0.07111013 -0.0196271  -0.09270009 -0.11623023  0.19855271 -0.0697444
  -0.04252606 -0.0882199  -0.01485035  0.13044928  0.04480774  0.08867392
  -0.05789565 -0.01222699 -0.10921195  0.00723175 -0.01283421 -0.07613185
  -0.02998759  0.07388508  0.07981707  0.05379707 -0.00866643  0.00534882
   0.22609028 -0.0394332   0.02845983 -0.06321292  0.02467531 -0.04436698
  -0.06394313  0.04098423 -0.01559174  0.05695035  0.06902081 -0.10752396
  -0.00805815  0.0152158  -0.16633795 -0.09040584 -0.04121102  0.06496019
   0.11345105  0.03784169 -0.14942652  0.07034237  0.11287376 -0.10505763
   0.0494767  -0.00128501  0.01639833 -0.16679797 -0.08413018  0.02018027
   0.01204769 -0.08122221 -0.0881754   0.16217767 -0.06113017 -0.09638909
  -0.03038686 -0.04257486  0.10502374  0.34670913 -0.01750373 -0.07888614
   0.0750651  -0.02783733  0.16798842  0.11893237 -0.13309471  0.04804337
  -0.1063694  -0.08260991  0.11204088  0.0685875   0.01799341 -0.17320189
  -0.07199075 -0.00617336  0.04118969 -0.07593016 -0.04109493 -0.04018582
  -0.03637437 -0.07290412 -0.13521977 -0.01856717 -0.03908626  0.01309743
  -0.0640699  -0.06263532  0.05653125 -0.03895573 -0.05045613 -0.09220222
  -0.11459751  0.10702462 -0.1547985  -0.08611812  0.11395101  0.0372714
   0.09597147 -0.07567749  0.03813461 -0.07523272 -0.07727846 -0.09583269
  -0.09722992 -0.05342477 -0.05635204 -0.01477278 -0.05446434 -0.01293007
  -0.0589682   0.00580297]]
