[[ 9.55684334e-02 -1.27890125e-01 -1.60406440e-01 -2.12746114e-01
  -8.38734861e-03  5.87695315e-02 -2.54084747e-02  2.28980016e-02
   8.26676786e-02 -2.49579968e-03 -9.62193683e-02  2.59194267e-03
  -2.26883907e-02  4.13028635e-02 -1.01411052e-01 -1.00698151e-01
   1.50019020e-01 -7.04947114e-02 -3.31047885e-02 -8.37084875e-02
   2.06810553e-02  1.78749263e-01 -1.50937429e-02  8.70223045e-02
   3.79528292e-02  5.48070744e-02 -9.16003212e-02  1.23707894e-02
   4.21628542e-03 -6.94442168e-02 -4.25806418e-02  6.23825379e-02
   8.58639553e-02  9.47162211e-02  2.01671326e-04  9.72340927e-02
   1.62431285e-01 -2.19227783e-02  7.67250136e-02 -6.68865070e-02
  -1.58428829e-02 -6.97811991e-02 -9.28735882e-02  1.35388255e-01
  -5.69064461e-04  5.20626269e-02  6.56149611e-02 -1.01472780e-01
   4.06599091e-03 -3.69320065e-02 -1.59730941e-01 -7.28908181e-02
  -1.84455793e-02 -7.54690543e-03  1.75356135e-01  1.29155278e-01
  -1.56625465e-01  5.35988137e-02  1.28765449e-01 -1.13517463e-01
   9.98884439e-02  1.02472372e-01  6.32701442e-02 -1.51761279e-01
  -7.10194781e-02  7.47503713e-02 -3.38394158e-02 -6.84311837e-02
  -7.21493140e-02  1.59338221e-01 -9.03014746e-03 -8.62032026e-02
   3.04351542e-02 -4.88094836e-02  7.40009323e-02  2.62043893e-01
  -7.29779666e-03 -8.75036940e-02  5.10261990e-02  3.42893560e-04
   1.39007285e-01  7.54504800e-02 -1.38619855e-01  8.03662688e-02
  -9.54359546e-02 -1.03231639e-01  1.36758864e-01  1.18082911e-01
   8.28137919e-02 -1.67318910e-01 -7.84288943e-02  1.22266181e-01
  -3.23890103e-03 -1.04513966e-01 -2.18840130e-02 -4.80121933e-03
   5.15009183e-03 -7.56609514e-02 -1.32711112e-01  2.57479027e-02
  -5.91973774e-03  5.34550706e-03 -7.23167136e-02  4.16229665e-03
   6.96118027e-02 -7.59059116e-02 -6.47831485e-02 -6.13744184e-02
  -9.77549478e-02  1.33944601e-01 -1.26134187e-01 -5.20562492e-02
   8.46360475e-02  1.07736878e-01  3.18283774e-02 -5.53874187e-02
   6.36843517e-02 -6.33211285e-02 -5.81787080e-02 -6.77591860e-02
  -1.06416889e-01 -5.25690354e-02 -5.07499324e-03 -5.57746403e-02
   7.78748374e-03 -1.80072952e-02 -8.20903573e-03 -2.31452305e-02]]
[[ 9.55684334e-02 -1.27890125e-01 -1.60406440e-01 -2.12746114e-01
  -8.38734861e-03  5.87695315e-02 -2.54084747e-02  2.28980016e-02
   8.26676786e-02 -2.49579968e-03 -9.62193683e-02  2.59194267e-03
  -2.26883907e-02  4.13028635e-02 -1.01411052e-01 -1.00698151e-01
   1.50019020e-01 -7.04947114e-02 -3.31047885e-02 -8.37084875e-02
   2.06810553e-02  1.78749263e-01 -1.50937429e-02  8.70223045e-02
   3.79528292e-02  5.48070744e-02 -9.16003212e-02  1.23707894e-02
   4.21628542e-03 -6.94442168e-02 -4.25806418e-02  6.23825379e-02
   8.58639553e-02  9.47162211e-02  2.01671326e-04  9.72340927e-02
   1.62431285e-01 -2.19227783e-02  7.67250136e-02 -6.68865070e-02
  -1.58428829e-02 -6.97811991e-02 -9.28735882e-02  1.35388255e-01
  -5.69064461e-04  5.20626269e-02  6.56149611e-02 -1.01472780e-01
   4.06599091e-03 -3.69320065e-02 -1.59730941e-01 -7.28908181e-02
  -1.84455793e-02 -7.54690543e-03  1.75356135e-01  1.29155278e-01
  -1.56625465e-01  5.35988137e-02  1.28765449e-01 -1.13517463e-01
   9.98884439e-02  1.02472372e-01  6.32701442e-02 -1.51761279e-01
  -7.10194781e-02  7.47503713e-02 -3.38394158e-02 -6.84311837e-02
  -7.21493140e-02  1.59338221e-01 -9.03014746e-03 -8.62032026e-02
   3.04351542e-02 -4.88094836e-02  7.40009323e-02  2.62043893e-01
  -7.29779666e-03 -8.75036940e-02  5.10261990e-02  3.42893560e-04
   1.39007285e-01  7.54504800e-02 -1.38619855e-01  8.03662688e-02
  -9.54359546e-02 -1.03231639e-01  1.36758864e-01  1.18082911e-01
   8.28137919e-02 -1.67318910e-01 -7.84288943e-02  1.22266181e-01
  -3.23890103e-03 -1.04513966e-01 -2.18840130e-02 -4.80121933e-03
   5.15009183e-03 -7.56609514e-02 -1.32711112e-01  2.57479027e-02
  -5.91973774e-03  5.34550706e-03 -7.23167136e-02  4.16229665e-03
   6.96118027e-02 -7.59059116e-02 -6.47831485e-02 -6.13744184e-02
  -9.77549478e-02  1.33944601e-01 -1.26134187e-01 -5.20562492e-02
   8.46360475e-02  1.07736878e-01  3.18283774e-02 -5.53874187e-02
   6.36843517e-02 -6.33211285e-02 -5.81787080e-02 -6.77591860e-02
  -1.06416889e-01 -5.25690354e-02 -5.07499324e-03 -5.57746403e-02
   7.78748374e-03 -1.80072952e-02 -8.20903573e-03 -2.31452305e-02]]
[[ 9.55684334e-02 -1.27890125e-01 -1.60406440e-01 -2.12746114e-01
  -8.38734861e-03  5.87695315e-02 -2.54084747e-02  2.28980016e-02
   8.26676786e-02 -2.49579968e-03 -9.62193683e-02  2.59194267e-03
  -2.26883907e-02  4.13028635e-02 -1.01411052e-01 -1.00698151e-01
   1.50019020e-01 -7.04947114e-02 -3.31047885e-02 -8.37084875e-02
   2.06810553e-02  1.78749263e-01 -1.50937429e-02  8.70223045e-02
   3.79528292e-02  5.48070744e-02 -9.16003212e-02  1.23707894e-02
   4.21628542e-03 -6.94442168e-02 -4.25806418e-02  6.23825379e-02
   8.58639553e-02  9.47162211e-02  2.01671326e-04  9.72340927e-02
   1.62431285e-01 -2.19227783e-02  7.67250136e-02 -6.68865070e-02
  -1.58428829e-02 -6.97811991e-02 -9.28735882e-02  1.35388255e-01
  -5.69064461e-04  5.20626269e-02  6.56149611e-02 -1.01472780e-01
   4.06599091e-03 -3.69320065e-02 -1.59730941e-01 -7.28908181e-02
  -1.84455793e-02 -7.54690543e-03  1.75356135e-01  1.29155278e-01
  -1.56625465e-01  5.35988137e-02  1.28765449e-01 -1.13517463e-01
   9.98884439e-02  1.02472372e-01  6.32701442e-02 -1.51761279e-01
  -7.10194781e-02  7.47503713e-02 -3.38394158e-02 -6.84311837e-02
  -7.21493140e-02  1.59338221e-01 -9.03014746e-03 -8.62032026e-02
   3.04351542e-02 -4.88094836e-02  7.40009323e-02  2.62043893e-01
  -7.29779666e-03 -8.75036940e-02  5.10261990e-02  3.42893560e-04
   1.39007285e-01  7.54504800e-02 -1.38619855e-01  8.03662688e-02
  -9.54359546e-02 -1.03231639e-01  1.36758864e-01  1.18082911e-01
   8.28137919e-02 -1.67318910e-01 -7.84288943e-02  1.22266181e-01
  -3.23890103e-03 -1.04513966e-01 -2.18840130e-02 -4.80121933e-03
   5.15009183e-03 -7.56609514e-02 -1.32711112e-01  2.57479027e-02
  -5.91973774e-03  5.34550706e-03 -7.23167136e-02  4.16229665e-03
   6.96118027e-02 -7.59059116e-02 -6.47831485e-02 -6.13744184e-02
  -9.77549478e-02  1.33944601e-01 -1.26134187e-01 -5.20562492e-02
   8.46360475e-02  1.07736878e-01  3.18283774e-02 -5.53874187e-02
   6.36843517e-02 -6.33211285e-02 -5.81787080e-02 -6.77591860e-02
  -1.06416889e-01 -5.25690354e-02 -5.07499324e-03 -5.57746403e-02
   7.78748374e-03 -1.80072952e-02 -8.20903573e-03 -2.31452305e-02]]
