[[ 0.10604187 -0.12248823 -0.06433333 -0.2240392   0.04856455  0.02268515
  -0.04416604 -0.0313258   0.10671063  0.08013661 -0.12812991  0.1188762
   0.09017468  0.058183   -0.14314614 -0.05368514  0.05637959 -0.01846586
   0.00085116 -0.00326577 -0.05156896  0.05278151  0.06695415 -0.10716746
  -0.11582634 -0.10134241 -0.02231958  0.06903605  0.02065643 -0.10211274
  -0.05174204  0.11624727  0.02916525 -0.10177305  0.14036919  0.0730427
   0.05039842 -0.12299202 -0.04451178  0.02298123 -0.09356912 -0.02383268
  -0.11031324  0.2928561  -0.0870274  -0.05346698  0.09505605 -0.13671981
  -0.0611156  -0.09338484 -0.15155777 -0.11130165 -0.05307053  0.13214435
   0.06811333  0.00890144 -0.03601636  0.08688826  0.10871125 -0.09082514
   0.03566406 -0.02792338 -0.02965247 -0.14233783 -0.03951147 -0.08755025
   0.09195138 -0.10191675 -0.11665449  0.12640339 -0.08045492 -0.05664585
  -0.14017943 -0.04735133  0.08576816  0.14216428 -0.05100352 -0.01456535
  -0.06001779 -0.02907764  0.0857087  -0.09051435 -0.13488695  0.07978313
  -0.05473308 -0.00342028  0.01037246  0.0601069   0.00150501 -0.17491145
   0.0250137   0.10169419  0.15461615  0.04698268  0.04935569 -0.06181364
  -0.09477159 -0.04683119 -0.02321531  0.02576658  0.01938008  0.07616347
  -0.06872229  0.04739616  0.03215956 -0.02175773  0.08378372 -0.14698464
  -0.12315099  0.05942836 -0.07996605 -0.06043438  0.14197408 -0.00990205
  -0.02353665 -0.12992334 -0.0011341  -0.08961991  0.01918745 -0.10498145
  -0.09508945 -0.10680382  0.02402835 -0.08300514 -0.01316642 -0.09033204
  -0.00967192 -0.0004415 ]]
[[ 0.10604187 -0.12248823 -0.06433333 -0.2240392   0.04856455  0.02268515
  -0.04416604 -0.0313258   0.10671063  0.08013661 -0.12812991  0.1188762
   0.09017468  0.058183   -0.14314614 -0.05368514  0.05637959 -0.01846586
   0.00085116 -0.00326577 -0.05156896  0.05278151  0.06695415 -0.10716746
  -0.11582634 -0.10134241 -0.02231958  0.06903605  0.02065643 -0.10211274
  -0.05174204  0.11624727  0.02916525 -0.10177305  0.14036919  0.0730427
   0.05039842 -0.12299202 -0.04451178  0.02298123 -0.09356912 -0.02383268
  -0.11031324  0.2928561  -0.0870274  -0.05346698  0.09505605 -0.13671981
  -0.0611156  -0.09338484 -0.15155777 -0.11130165 -0.05307053  0.13214435
   0.06811333  0.00890144 -0.03601636  0.08688826  0.10871125 -0.09082514
   0.03566406 -0.02792338 -0.02965247 -0.14233783 -0.03951147 -0.08755025
   0.09195138 -0.10191675 -0.11665449  0.12640339 -0.08045492 -0.05664585
  -0.14017943 -0.04735133  0.08576816  0.14216428 -0.05100352 -0.01456535
  -0.06001779 -0.02907764  0.0857087  -0.09051435 -0.13488695  0.07978313
  -0.05473308 -0.00342028  0.01037246  0.0601069   0.00150501 -0.17491145
   0.0250137   0.10169419  0.15461615  0.04698268  0.04935569 -0.06181364
  -0.09477159 -0.04683119 -0.02321531  0.02576658  0.01938008  0.07616347
  -0.06872229  0.04739616  0.03215956 -0.02175773  0.08378372 -0.14698464
  -0.12315099  0.05942836 -0.07996605 -0.06043438  0.14197408 -0.00990205
  -0.02353665 -0.12992334 -0.0011341  -0.08961991  0.01918745 -0.10498145
  -0.09508945 -0.10680382  0.02402835 -0.08300514 -0.01316642 -0.09033204
  -0.00967192 -0.0004415 ]]
[[ 0.10604187 -0.12248823 -0.06433333 -0.2240392   0.04856455  0.02268515
  -0.04416604 -0.0313258   0.10671063  0.08013661 -0.12812991  0.1188762
   0.09017468  0.058183   -0.14314614 -0.05368514  0.05637959 -0.01846586
   0.00085116 -0.00326577 -0.05156896  0.05278151  0.06695415 -0.10716746
  -0.11582634 -0.10134241 -0.02231958  0.06903605  0.02065643 -0.10211274
  -0.05174204  0.11624727  0.02916525 -0.10177305  0.14036919  0.0730427
   0.05039842 -0.12299202 -0.04451178  0.02298123 -0.09356912 -0.02383268
  -0.11031324  0.2928561  -0.0870274  -0.05346698  0.09505605 -0.13671981
  -0.0611156  -0.09338484 -0.15155777 -0.11130165 -0.05307053  0.13214435
   0.06811333  0.00890144 -0.03601636  0.08688826  0.10871125 -0.09082514
   0.03566406 -0.02792338 -0.02965247 -0.14233783 -0.03951147 -0.08755025
   0.09195138 -0.10191675 -0.11665449  0.12640339 -0.08045492 -0.05664585
  -0.14017943 -0.04735133  0.08576816  0.14216428 -0.05100352 -0.01456535
  -0.06001779 -0.02907764  0.0857087  -0.09051435 -0.13488695  0.07978313
  -0.05473308 -0.00342028  0.01037246  0.0601069   0.00150501 -0.17491145
   0.0250137   0.10169419  0.15461615  0.04698268  0.04935569 -0.06181364
  -0.09477159 -0.04683119 -0.02321531  0.02576658  0.01938008  0.07616347
  -0.06872229  0.04739616  0.03215956 -0.02175773  0.08378372 -0.14698464
  -0.12315099  0.05942836 -0.07996605 -0.06043438  0.14197408 -0.00990205
  -0.02353665 -0.12992334 -0.0011341  -0.08961991  0.01918745 -0.10498145
  -0.09508945 -0.10680382  0.02402835 -0.08300514 -0.01316642 -0.09033204
  -0.00967192 -0.0004415 ]]
