[[ 1.50421947e-01 -5.68648651e-02 -9.24514756e-02 -1.91749141e-01
  -2.26828847e-02  5.41088544e-02 -3.28494497e-02 -4.53216136e-02
   1.17353596e-01  4.17654309e-03 -1.33579746e-01  4.07088138e-02
   2.82785036e-02  1.07285783e-01 -1.11308329e-01 -1.07887499e-01
   7.25143328e-02 -7.75488690e-02 -5.95557839e-02  2.84044872e-05
   5.43541797e-02  8.99437815e-02 -2.16938592e-02  3.22350375e-02
  -6.17079586e-02 -2.89538633e-02 -9.95167792e-02  6.24426454e-02
  -3.02064437e-02 -9.48333219e-02 -6.81736022e-02  7.92375579e-02
   1.15514629e-01  2.15621851e-02  1.79816514e-01  6.56169727e-02
   1.42574295e-01 -5.60968928e-02  4.60738465e-02  9.87647939e-03
   8.62280896e-04  5.27733080e-02 -1.29566550e-01  2.44791478e-01
  -4.37968373e-02  4.49351370e-02  1.71260059e-01 -1.07979432e-01
  -5.92393428e-02 -5.56852818e-02 -9.22654420e-02 -7.21492618e-02
  -4.18158732e-02  2.17759702e-02  2.50617772e-01  9.05811787e-02
  -1.09475747e-01  3.58319432e-02  7.08323196e-02 -8.92987251e-02
  -2.49502882e-02  1.45329654e-01  7.14288838e-03 -1.14134431e-01
  -3.11596110e-03 -5.21839447e-02 -6.52212882e-03 -8.10863450e-02
  -9.17668492e-02  5.52152246e-02  4.25381679e-03 -1.15469977e-01
   3.77894053e-03 -5.93403168e-02  2.93382350e-02  1.81918904e-01
   7.38738244e-03 -7.73987249e-02  7.90857989e-03 -1.78008880e-02
   1.57813728e-01  5.95088527e-02 -1.28166035e-01  1.25867710e-01
  -1.14298925e-01 -8.55488703e-02  1.04761548e-01  6.07825108e-02
   8.23218152e-02 -1.65326014e-01 -2.38983184e-02  1.87742874e-01
   1.59417391e-02 -5.21332063e-02  8.30129236e-02  2.14822614e-03
  -6.24705255e-02  3.22602615e-02 -9.42107812e-02 -9.70958453e-03
   2.36004479e-02  1.96028799e-02 -9.46877971e-02  4.09130640e-02
   3.60961817e-02 -7.08435774e-02 -8.86383355e-02 -2.67735478e-02
  -1.16869196e-01  7.02540651e-02 -1.26665339e-01  4.41801511e-02
   1.88018084e-01  4.13912050e-02  6.08271360e-02 -1.31030932e-01
   2.26868670e-02 -6.79717958e-02  2.67528556e-02 -8.30511451e-02
  -1.26997411e-01 -4.13095541e-02 -2.91763823e-02 -3.82254384e-02
  -1.63479578e-02 -9.48079228e-02 -2.59652175e-03  5.65852504e-03]]
[[ 1.50421947e-01 -5.68648651e-02 -9.24514756e-02 -1.91749141e-01
  -2.26828847e-02  5.41088544e-02 -3.28494497e-02 -4.53216136e-02
   1.17353596e-01  4.17654309e-03 -1.33579746e-01  4.07088138e-02
   2.82785036e-02  1.07285783e-01 -1.11308329e-01 -1.07887499e-01
   7.25143328e-02 -7.75488690e-02 -5.95557839e-02  2.84044872e-05
   5.43541797e-02  8.99437815e-02 -2.16938592e-02  3.22350375e-02
  -6.17079586e-02 -2.89538633e-02 -9.95167792e-02  6.24426454e-02
  -3.02064437e-02 -9.48333219e-02 -6.81736022e-02  7.92375579e-02
   1.15514629e-01  2.15621851e-02  1.79816514e-01  6.56169727e-02
   1.42574295e-01 -5.60968928e-02  4.60738465e-02  9.87647939e-03
   8.62280896e-04  5.27733080e-02 -1.29566550e-01  2.44791478e-01
  -4.37968373e-02  4.49351370e-02  1.71260059e-01 -1.07979432e-01
  -5.92393428e-02 -5.56852818e-02 -9.22654420e-02 -7.21492618e-02
  -4.18158732e-02  2.17759702e-02  2.50617772e-01  9.05811787e-02
  -1.09475747e-01  3.58319432e-02  7.08323196e-02 -8.92987251e-02
  -2.49502882e-02  1.45329654e-01  7.14288838e-03 -1.14134431e-01
  -3.11596110e-03 -5.21839447e-02 -6.52212882e-03 -8.10863450e-02
  -9.17668492e-02  5.52152246e-02  4.25381679e-03 -1.15469977e-01
   3.77894053e-03 -5.93403168e-02  2.93382350e-02  1.81918904e-01
   7.38738244e-03 -7.73987249e-02  7.90857989e-03 -1.78008880e-02
   1.57813728e-01  5.95088527e-02 -1.28166035e-01  1.25867710e-01
  -1.14298925e-01 -8.55488703e-02  1.04761548e-01  6.07825108e-02
   8.23218152e-02 -1.65326014e-01 -2.38983184e-02  1.87742874e-01
   1.59417391e-02 -5.21332063e-02  8.30129236e-02  2.14822614e-03
  -6.24705255e-02  3.22602615e-02 -9.42107812e-02 -9.70958453e-03
   2.36004479e-02  1.96028799e-02 -9.46877971e-02  4.09130640e-02
   3.60961817e-02 -7.08435774e-02 -8.86383355e-02 -2.67735478e-02
  -1.16869196e-01  7.02540651e-02 -1.26665339e-01  4.41801511e-02
   1.88018084e-01  4.13912050e-02  6.08271360e-02 -1.31030932e-01
   2.26868670e-02 -6.79717958e-02  2.67528556e-02 -8.30511451e-02
  -1.26997411e-01 -4.13095541e-02 -2.91763823e-02 -3.82254384e-02
  -1.63479578e-02 -9.48079228e-02 -2.59652175e-03  5.65852504e-03]]
[[ 1.50421947e-01 -5.68648651e-02 -9.24514756e-02 -1.91749141e-01
  -2.26828847e-02  5.41088544e-02 -3.28494497e-02 -4.53216136e-02
   1.17353596e-01  4.17654309e-03 -1.33579746e-01  4.07088138e-02
   2.82785036e-02  1.07285783e-01 -1.11308329e-01 -1.07887499e-01
   7.25143328e-02 -7.75488690e-02 -5.95557839e-02  2.84044872e-05
   5.43541797e-02  8.99437815e-02 -2.16938592e-02  3.22350375e-02
  -6.17079586e-02 -2.89538633e-02 -9.95167792e-02  6.24426454e-02
  -3.02064437e-02 -9.48333219e-02 -6.81736022e-02  7.92375579e-02
   1.15514629e-01  2.15621851e-02  1.79816514e-01  6.56169727e-02
   1.42574295e-01 -5.60968928e-02  4.60738465e-02  9.87647939e-03
   8.62280896e-04  5.27733080e-02 -1.29566550e-01  2.44791478e-01
  -4.37968373e-02  4.49351370e-02  1.71260059e-01 -1.07979432e-01
  -5.92393428e-02 -5.56852818e-02 -9.22654420e-02 -7.21492618e-02
  -4.18158732e-02  2.17759702e-02  2.50617772e-01  9.05811787e-02
  -1.09475747e-01  3.58319432e-02  7.08323196e-02 -8.92987251e-02
  -2.49502882e-02  1.45329654e-01  7.14288838e-03 -1.14134431e-01
  -3.11596110e-03 -5.21839447e-02 -6.52212882e-03 -8.10863450e-02
  -9.17668492e-02  5.52152246e-02  4.25381679e-03 -1.15469977e-01
   3.77894053e-03 -5.93403168e-02  2.93382350e-02  1.81918904e-01
   7.38738244e-03 -7.73987249e-02  7.90857989e-03 -1.78008880e-02
   1.57813728e-01  5.95088527e-02 -1.28166035e-01  1.25867710e-01
  -1.14298925e-01 -8.55488703e-02  1.04761548e-01  6.07825108e-02
   8.23218152e-02 -1.65326014e-01 -2.38983184e-02  1.87742874e-01
   1.59417391e-02 -5.21332063e-02  8.30129236e-02  2.14822614e-03
  -6.24705255e-02  3.22602615e-02 -9.42107812e-02 -9.70958453e-03
   2.36004479e-02  1.96028799e-02 -9.46877971e-02  4.09130640e-02
   3.60961817e-02 -7.08435774e-02 -8.86383355e-02 -2.67735478e-02
  -1.16869196e-01  7.02540651e-02 -1.26665339e-01  4.41801511e-02
   1.88018084e-01  4.13912050e-02  6.08271360e-02 -1.31030932e-01
   2.26868670e-02 -6.79717958e-02  2.67528556e-02 -8.30511451e-02
  -1.26997411e-01 -4.13095541e-02 -2.91763823e-02 -3.82254384e-02
  -1.63479578e-02 -9.48079228e-02 -2.59652175e-03  5.65852504e-03]]
