[[ 1.7017826e-01 -5.6850992e-02 -1.4121993e-01 -1.8440433e-01
  -4.5112569e-02  6.4936936e-02 -3.0172946e-02 -3.5262771e-02
   6.4252459e-02  2.3933052e-04 -1.2745242e-01  5.7431660e-03
   3.3731826e-03  1.4964284e-01 -1.0705632e-01 -6.3932918e-02
   4.6560701e-02 -7.1365066e-02 -1.8936472e-02  1.9432468e-04
   1.3352477e-02  1.2674698e-01 -5.0971691e-02  3.5092350e-02
  -7.1219467e-02 -3.3557724e-02 -1.0521872e-01  6.6989750e-02
  -1.1759953e-03 -8.7561667e-02 -6.3534968e-02  6.0841858e-02
   1.4808248e-01  3.8592380e-02  1.8842901e-01  1.2759830e-01
   1.7034790e-01 -3.2460507e-02  1.0750061e-01  1.6182622e-02
   1.1659656e-02  4.9556118e-02 -1.3195799e-01  1.9711572e-01
  -6.4030252e-02  4.4224009e-02  1.6219796e-01 -1.0551129e-01
  -4.7499966e-02 -5.9380397e-02 -7.8315206e-02 -3.5217889e-02
  -1.3993468e-02 -3.9737080e-03  2.4122325e-01  1.2999578e-01
  -1.3368145e-01  2.6222739e-02  8.8483699e-02 -8.7248959e-02
   3.9685462e-03  1.9258618e-01  6.3890964e-02 -1.1104589e-01
  -3.2049794e-02 -4.2626824e-02 -3.4952547e-02 -8.0427140e-02
  -8.6609311e-02  6.3094646e-02  5.3997412e-03 -1.0444399e-01
   2.7454594e-02 -4.4147868e-02  4.2521518e-02  1.7075707e-01
   1.6264614e-02 -6.9559358e-02  1.7294489e-02 -1.2999247e-02
   8.7971590e-02  4.2227548e-02 -1.2302075e-01  1.3541476e-01
  -9.7213700e-02 -9.3953818e-02  1.2331004e-01  7.8429088e-02
   5.0443634e-02 -1.4971642e-01 -3.0146413e-02  1.5131286e-01
   1.2907088e-02 -5.8249436e-02  7.7299945e-02 -1.3627631e-02
  -3.2188419e-02  4.5546245e-02 -8.6056240e-02  2.1248233e-02
   3.1273230e-03  2.9029004e-02 -9.1206275e-02  4.2244498e-02
   4.3093223e-02 -4.9113538e-02 -6.2368136e-02 -1.5442840e-02
  -1.0891656e-01  6.9792695e-02 -1.2002704e-01  7.3480330e-02
   1.9259962e-01  3.2987550e-02  2.4654819e-02 -1.1529195e-01
   4.3417659e-02 -5.8878910e-02  9.6653193e-02 -5.5974804e-02
  -1.2448095e-01 -8.3817452e-02 -2.0802664e-02 -7.8904428e-02
   1.7550275e-02 -8.0702819e-02  2.3203179e-02 -1.4118826e-02]]
[[ 1.7017826e-01 -5.6850992e-02 -1.4121993e-01 -1.8440433e-01
  -4.5112569e-02  6.4936936e-02 -3.0172946e-02 -3.5262771e-02
   6.4252459e-02  2.3933052e-04 -1.2745242e-01  5.7431660e-03
   3.3731826e-03  1.4964284e-01 -1.0705632e-01 -6.3932918e-02
   4.6560701e-02 -7.1365066e-02 -1.8936472e-02  1.9432468e-04
   1.3352477e-02  1.2674698e-01 -5.0971691e-02  3.5092350e-02
  -7.1219467e-02 -3.3557724e-02 -1.0521872e-01  6.6989750e-02
  -1.1759953e-03 -8.7561667e-02 -6.3534968e-02  6.0841858e-02
   1.4808248e-01  3.8592380e-02  1.8842901e-01  1.2759830e-01
   1.7034790e-01 -3.2460507e-02  1.0750061e-01  1.6182622e-02
   1.1659656e-02  4.9556118e-02 -1.3195799e-01  1.9711572e-01
  -6.4030252e-02  4.4224009e-02  1.6219796e-01 -1.0551129e-01
  -4.7499966e-02 -5.9380397e-02 -7.8315206e-02 -3.5217889e-02
  -1.3993468e-02 -3.9737080e-03  2.4122325e-01  1.2999578e-01
  -1.3368145e-01  2.6222739e-02  8.8483699e-02 -8.7248959e-02
   3.9685462e-03  1.9258618e-01  6.3890964e-02 -1.1104589e-01
  -3.2049794e-02 -4.2626824e-02 -3.4952547e-02 -8.0427140e-02
  -8.6609311e-02  6.3094646e-02  5.3997412e-03 -1.0444399e-01
   2.7454594e-02 -4.4147868e-02  4.2521518e-02  1.7075707e-01
   1.6264614e-02 -6.9559358e-02  1.7294489e-02 -1.2999247e-02
   8.7971590e-02  4.2227548e-02 -1.2302075e-01  1.3541476e-01
  -9.7213700e-02 -9.3953818e-02  1.2331004e-01  7.8429088e-02
   5.0443634e-02 -1.4971642e-01 -3.0146413e-02  1.5131286e-01
   1.2907088e-02 -5.8249436e-02  7.7299945e-02 -1.3627631e-02
  -3.2188419e-02  4.5546245e-02 -8.6056240e-02  2.1248233e-02
   3.1273230e-03  2.9029004e-02 -9.1206275e-02  4.2244498e-02
   4.3093223e-02 -4.9113538e-02 -6.2368136e-02 -1.5442840e-02
  -1.0891656e-01  6.9792695e-02 -1.2002704e-01  7.3480330e-02
   1.9259962e-01  3.2987550e-02  2.4654819e-02 -1.1529195e-01
   4.3417659e-02 -5.8878910e-02  9.6653193e-02 -5.5974804e-02
  -1.2448095e-01 -8.3817452e-02 -2.0802664e-02 -7.8904428e-02
   1.7550275e-02 -8.0702819e-02  2.3203179e-02 -1.4118826e-02]]
