[[ 1.03799410e-01 -1.03971250e-01 -6.51737377e-02 -2.22588047e-01
  -6.07127976e-03 -1.41589940e-02 -1.69313531e-02 -1.79106425e-02
   3.72053683e-02 -9.78975929e-03 -1.22395724e-01  3.56996246e-02
   2.64560618e-02  1.44504398e-01 -1.32393911e-01 -8.13580006e-02
   2.34321617e-02 -6.32668287e-02 -1.51767777e-02 -3.14355940e-02
  -5.66518959e-03  2.74582833e-01  2.71731801e-02 -3.30638625e-02
   1.31039196e-04 -6.35026246e-02 -4.53786403e-02  3.83165218e-02
   2.55059055e-03 -6.57615140e-02 -8.22381675e-02  2.61198841e-02
   8.80081728e-02 -3.19798887e-02  1.48062512e-01  1.28989518e-01
   5.01221940e-02 -4.89990152e-02 -1.70992911e-02 -2.81310286e-02
  -7.74648041e-02 -2.09570229e-02 -1.04860194e-01  2.83638090e-01
   7.17204809e-03 -3.42281498e-02  8.67286325e-02 -1.12472266e-01
  -3.38308401e-02 -3.75368446e-02 -1.39951676e-01 -1.03989162e-01
   2.81958655e-03  1.80698130e-02  2.14649141e-01  1.56170040e-01
  -1.31034121e-01  1.49862906e-02  1.21495873e-01 -1.26106724e-01
   4.37831059e-02  1.38481662e-01  8.44902918e-03 -1.24898650e-01
  -3.56421173e-02 -8.71713925e-03 -2.65467968e-02 -6.00135848e-02
  -8.91469494e-02  1.38408780e-01 -8.09808436e-04 -1.11675657e-01
  -5.45285363e-03 -4.54209857e-02  3.65498476e-02  1.45630464e-01
  -5.70576824e-02 -7.51218423e-02 -4.63178568e-02  1.65007375e-02
   1.86136737e-01 -1.39924819e-02 -1.20046712e-01  7.27138147e-02
  -3.86857577e-02 -2.52382327e-02 -4.90070414e-03  1.81961030e-01
   6.47623166e-02 -1.62198782e-01 -3.87402959e-02  1.63361937e-01
   7.29859108e-04 -5.90405576e-02  7.62417465e-02 -1.25354435e-02
  -7.20262229e-02 -6.15005158e-02 -1.01333737e-01  4.01261309e-03
  -5.72329499e-02  1.77521762e-02 -2.33217701e-02  1.82621125e-02
   2.31581964e-02 -6.15937039e-02  4.03032228e-02 -8.64298567e-02
  -5.97663745e-02  1.26664266e-01 -1.02500625e-01 -4.04376835e-02
   1.18572176e-01  3.09085902e-02  1.11272328e-01 -1.12955108e-01
   7.01866075e-02 -7.17569590e-02 -7.06568686e-03 -7.39516765e-02
  -1.01481795e-01 -3.50638777e-02  5.24131283e-02 -7.56926239e-02
   6.47556037e-02 -7.55639821e-02  8.89449380e-03 -5.46521321e-02]]
[[ 1.03799410e-01 -1.03971250e-01 -6.51737377e-02 -2.22588047e-01
  -6.07127976e-03 -1.41589940e-02 -1.69313531e-02 -1.79106425e-02
   3.72053683e-02 -9.78975929e-03 -1.22395724e-01  3.56996246e-02
   2.64560618e-02  1.44504398e-01 -1.32393911e-01 -8.13580006e-02
   2.34321617e-02 -6.32668287e-02 -1.51767777e-02 -3.14355940e-02
  -5.66518959e-03  2.74582833e-01  2.71731801e-02 -3.30638625e-02
   1.31039196e-04 -6.35026246e-02 -4.53786403e-02  3.83165218e-02
   2.55059055e-03 -6.57615140e-02 -8.22381675e-02  2.61198841e-02
   8.80081728e-02 -3.19798887e-02  1.48062512e-01  1.28989518e-01
   5.01221940e-02 -4.89990152e-02 -1.70992911e-02 -2.81310286e-02
  -7.74648041e-02 -2.09570229e-02 -1.04860194e-01  2.83638090e-01
   7.17204809e-03 -3.42281498e-02  8.67286325e-02 -1.12472266e-01
  -3.38308401e-02 -3.75368446e-02 -1.39951676e-01 -1.03989162e-01
   2.81958655e-03  1.80698130e-02  2.14649141e-01  1.56170040e-01
  -1.31034121e-01  1.49862906e-02  1.21495873e-01 -1.26106724e-01
   4.37831059e-02  1.38481662e-01  8.44902918e-03 -1.24898650e-01
  -3.56421173e-02 -8.71713925e-03 -2.65467968e-02 -6.00135848e-02
  -8.91469494e-02  1.38408780e-01 -8.09808436e-04 -1.11675657e-01
  -5.45285363e-03 -4.54209857e-02  3.65498476e-02  1.45630464e-01
  -5.70576824e-02 -7.51218423e-02 -4.63178568e-02  1.65007375e-02
   1.86136737e-01 -1.39924819e-02 -1.20046712e-01  7.27138147e-02
  -3.86857577e-02 -2.52382327e-02 -4.90070414e-03  1.81961030e-01
   6.47623166e-02 -1.62198782e-01 -3.87402959e-02  1.63361937e-01
   7.29859108e-04 -5.90405576e-02  7.62417465e-02 -1.25354435e-02
  -7.20262229e-02 -6.15005158e-02 -1.01333737e-01  4.01261309e-03
  -5.72329499e-02  1.77521762e-02 -2.33217701e-02  1.82621125e-02
   2.31581964e-02 -6.15937039e-02  4.03032228e-02 -8.64298567e-02
  -5.97663745e-02  1.26664266e-01 -1.02500625e-01 -4.04376835e-02
   1.18572176e-01  3.09085902e-02  1.11272328e-01 -1.12955108e-01
   7.01866075e-02 -7.17569590e-02 -7.06568686e-03 -7.39516765e-02
  -1.01481795e-01 -3.50638777e-02  5.24131283e-02 -7.56926239e-02
   6.47556037e-02 -7.55639821e-02  8.89449380e-03 -5.46521321e-02]]
[[ 1.03799410e-01 -1.03971250e-01 -6.51737377e-02 -2.22588047e-01
  -6.07127976e-03 -1.41589940e-02 -1.69313531e-02 -1.79106425e-02
   3.72053683e-02 -9.78975929e-03 -1.22395724e-01  3.56996246e-02
   2.64560618e-02  1.44504398e-01 -1.32393911e-01 -8.13580006e-02
   2.34321617e-02 -6.32668287e-02 -1.51767777e-02 -3.14355940e-02
  -5.66518959e-03  2.74582833e-01  2.71731801e-02 -3.30638625e-02
   1.31039196e-04 -6.35026246e-02 -4.53786403e-02  3.83165218e-02
   2.55059055e-03 -6.57615140e-02 -8.22381675e-02  2.61198841e-02
   8.80081728e-02 -3.19798887e-02  1.48062512e-01  1.28989518e-01
   5.01221940e-02 -4.89990152e-02 -1.70992911e-02 -2.81310286e-02
  -7.74648041e-02 -2.09570229e-02 -1.04860194e-01  2.83638090e-01
   7.17204809e-03 -3.42281498e-02  8.67286325e-02 -1.12472266e-01
  -3.38308401e-02 -3.75368446e-02 -1.39951676e-01 -1.03989162e-01
   2.81958655e-03  1.80698130e-02  2.14649141e-01  1.56170040e-01
  -1.31034121e-01  1.49862906e-02  1.21495873e-01 -1.26106724e-01
   4.37831059e-02  1.38481662e-01  8.44902918e-03 -1.24898650e-01
  -3.56421173e-02 -8.71713925e-03 -2.65467968e-02 -6.00135848e-02
  -8.91469494e-02  1.38408780e-01 -8.09808436e-04 -1.11675657e-01
  -5.45285363e-03 -4.54209857e-02  3.65498476e-02  1.45630464e-01
  -5.70576824e-02 -7.51218423e-02 -4.63178568e-02  1.65007375e-02
   1.86136737e-01 -1.39924819e-02 -1.20046712e-01  7.27138147e-02
  -3.86857577e-02 -2.52382327e-02 -4.90070414e-03  1.81961030e-01
   6.47623166e-02 -1.62198782e-01 -3.87402959e-02  1.63361937e-01
   7.29859108e-04 -5.90405576e-02  7.62417465e-02 -1.25354435e-02
  -7.20262229e-02 -6.15005158e-02 -1.01333737e-01  4.01261309e-03
  -5.72329499e-02  1.77521762e-02 -2.33217701e-02  1.82621125e-02
   2.31581964e-02 -6.15937039e-02  4.03032228e-02 -8.64298567e-02
  -5.97663745e-02  1.26664266e-01 -1.02500625e-01 -4.04376835e-02
   1.18572176e-01  3.09085902e-02  1.11272328e-01 -1.12955108e-01
   7.01866075e-02 -7.17569590e-02 -7.06568686e-03 -7.39516765e-02
  -1.01481795e-01 -3.50638777e-02  5.24131283e-02 -7.56926239e-02
   6.47556037e-02 -7.55639821e-02  8.89449380e-03 -5.46521321e-02]]
