[[ 0.16279787 -0.08574893 -0.08760088 -0.21798031 -0.03856985  0.02831076
  -0.00467154 -0.03987551  0.12822278  0.01778196 -0.12958148  0.08923679
   0.03530449  0.13891916 -0.12344804 -0.12444901  0.09151044 -0.07248192
  -0.04613152  0.00958102  0.02535058  0.1025209  -0.00656957  0.00419153
  -0.06013947 -0.0591667  -0.09102722  0.04610607 -0.04679023 -0.08546901
  -0.07663369  0.02094173  0.12979491  0.02790457  0.16662024  0.04335065
   0.09702428 -0.06719331 -0.02203502  0.0446406  -0.00542181  0.02074339
  -0.10424417  0.26263848 -0.03638581  0.02583192  0.17261566 -0.11098955
  -0.06706343 -0.02450085 -0.08432391 -0.0683966  -0.06190397  0.02603925
   0.24305771  0.07234801 -0.08987772  0.05338181  0.06406726 -0.09400924
  -0.02847     0.11232819  0.00807611 -0.12524955 -0.0108157  -0.04956463
   0.01046496 -0.06938734 -0.11952731  0.066416   -0.00126103 -0.10547721
  -0.00651244 -0.07100108  0.03707216  0.20286898  0.00151658 -0.0796516
  -0.00638392  0.00377478  0.16108558  0.03869093 -0.12615038  0.10961369
  -0.11001886 -0.03466769  0.10547613  0.07041832  0.0992492  -0.17180301
  -0.02984652  0.18229443  0.00722615 -0.0299093   0.05618684  0.00221941
  -0.06712454  0.00491046 -0.08814652 -0.01240339 -0.00989831  0.02514679
  -0.08375195  0.03368695  0.01814541 -0.05978465 -0.07283829 -0.06628267
  -0.12025478  0.08810048 -0.11816579  0.03633188  0.1775922   0.04707502
   0.10665371 -0.13175341  0.02789798 -0.0842564   0.022926   -0.07745284
  -0.12095157 -0.02389907 -0.02289189 -0.05355011  0.0099389  -0.0714801
  -0.00096475  0.01399324]]
[[ 0.16279787 -0.08574893 -0.08760088 -0.21798031 -0.03856985  0.02831076
  -0.00467154 -0.03987551  0.12822278  0.01778196 -0.12958148  0.08923679
   0.03530449  0.13891916 -0.12344804 -0.12444901  0.09151044 -0.07248192
  -0.04613152  0.00958102  0.02535058  0.1025209  -0.00656957  0.00419153
  -0.06013947 -0.0591667  -0.09102722  0.04610607 -0.04679023 -0.08546901
  -0.07663369  0.02094173  0.12979491  0.02790457  0.16662024  0.04335065
   0.09702428 -0.06719331 -0.02203502  0.0446406  -0.00542181  0.02074339
  -0.10424417  0.26263848 -0.03638581  0.02583192  0.17261566 -0.11098955
  -0.06706343 -0.02450085 -0.08432391 -0.0683966  -0.06190397  0.02603925
   0.24305771  0.07234801 -0.08987772  0.05338181  0.06406726 -0.09400924
  -0.02847     0.11232819  0.00807611 -0.12524955 -0.0108157  -0.04956463
   0.01046496 -0.06938734 -0.11952731  0.066416   -0.00126103 -0.10547721
  -0.00651244 -0.07100108  0.03707216  0.20286898  0.00151658 -0.0796516
  -0.00638392  0.00377478  0.16108558  0.03869093 -0.12615038  0.10961369
  -0.11001886 -0.03466769  0.10547613  0.07041832  0.0992492  -0.17180301
  -0.02984652  0.18229443  0.00722615 -0.0299093   0.05618684  0.00221941
  -0.06712454  0.00491046 -0.08814652 -0.01240339 -0.00989831  0.02514679
  -0.08375195  0.03368695  0.01814541 -0.05978465 -0.07283829 -0.06628267
  -0.12025478  0.08810048 -0.11816579  0.03633188  0.1775922   0.04707502
   0.10665371 -0.13175341  0.02789798 -0.0842564   0.022926   -0.07745284
  -0.12095157 -0.02389907 -0.02289189 -0.05355011  0.0099389  -0.0714801
  -0.00096475  0.01399324]]
[[ 0.16279787 -0.08574893 -0.08760088 -0.21798031 -0.03856985  0.02831076
  -0.00467154 -0.03987551  0.12822278  0.01778196 -0.12958148  0.08923679
   0.03530449  0.13891916 -0.12344804 -0.12444901  0.09151044 -0.07248192
  -0.04613152  0.00958102  0.02535058  0.1025209  -0.00656957  0.00419153
  -0.06013947 -0.0591667  -0.09102722  0.04610607 -0.04679023 -0.08546901
  -0.07663369  0.02094173  0.12979491  0.02790457  0.16662024  0.04335065
   0.09702428 -0.06719331 -0.02203502  0.0446406  -0.00542181  0.02074339
  -0.10424417  0.26263848 -0.03638581  0.02583192  0.17261566 -0.11098955
  -0.06706343 -0.02450085 -0.08432391 -0.0683966  -0.06190397  0.02603925
   0.24305771  0.07234801 -0.08987772  0.05338181  0.06406726 -0.09400924
  -0.02847     0.11232819  0.00807611 -0.12524955 -0.0108157  -0.04956463
   0.01046496 -0.06938734 -0.11952731  0.066416   -0.00126103 -0.10547721
  -0.00651244 -0.07100108  0.03707216  0.20286898  0.00151658 -0.0796516
  -0.00638392  0.00377478  0.16108558  0.03869093 -0.12615038  0.10961369
  -0.11001886 -0.03466769  0.10547613  0.07041832  0.0992492  -0.17180301
  -0.02984652  0.18229443  0.00722615 -0.0299093   0.05618684  0.00221941
  -0.06712454  0.00491046 -0.08814652 -0.01240339 -0.00989831  0.02514679
  -0.08375195  0.03368695  0.01814541 -0.05978465 -0.07283829 -0.06628267
  -0.12025478  0.08810048 -0.11816579  0.03633188  0.1775922   0.04707502
   0.10665371 -0.13175341  0.02789798 -0.0842564   0.022926   -0.07745284
  -0.12095157 -0.02389907 -0.02289189 -0.05355011  0.0099389  -0.0714801
  -0.00096475  0.01399324]]
