[[ 1.02565974e-01 -1.19320512e-01 -6.19354323e-02 -2.45107442e-01
  -6.02058088e-03  1.86699033e-02 -4.82173935e-02 -2.28152443e-02
   1.16020769e-01  8.68977048e-03 -1.29691690e-01  5.91120087e-02
   7.57319033e-02  1.35493323e-01 -1.34693295e-01 -1.10146374e-01
   6.68772981e-02 -6.45695105e-02  1.05546555e-02 -1.87240820e-02
   2.51490753e-02  1.81807384e-01  2.04181280e-02 -3.16214114e-02
  -1.92297362e-02 -6.44440800e-02 -6.73983768e-02  4.24116515e-02
   9.56355594e-03 -9.41382572e-02 -7.23314062e-02  7.73986280e-02
   1.13328941e-01 -1.60843693e-02  2.03929335e-01  6.40428737e-02
   6.10669591e-02 -8.30975547e-02 -3.28015089e-02  4.31750268e-02
  -7.53454641e-02 -1.54734654e-02 -8.44602287e-02  3.35871190e-01
  -1.89959873e-02 -1.03007620e-02  9.05078650e-02 -1.13888815e-01
  -6.07220456e-02 -3.37075889e-02 -1.15337342e-01 -9.55159813e-02
  -1.28825335e-02  1.59270577e-02  1.63004115e-01  7.16139823e-02
  -9.01811942e-02  4.55196314e-02  9.54956263e-02 -1.23482399e-01
   2.88069434e-02  7.58029446e-02  9.47757624e-03 -1.47774115e-01
  -1.91707797e-02 -4.73561250e-02 -2.18014559e-03 -7.70895928e-02
  -1.12212874e-01  1.48763046e-01 -2.40215119e-02 -8.42055827e-02
  -4.52647880e-02 -6.61068186e-02  3.56127173e-02  1.71668902e-01
  -5.49137965e-02 -7.86813349e-02 -5.38461357e-02  2.19307169e-02
   1.75430581e-01 -2.60902755e-03 -1.32058367e-01  1.03092998e-01
  -7.36726001e-02 -2.02245358e-02  7.20957667e-02  1.13260597e-01
   5.87490983e-02 -1.71893299e-01  8.80950174e-05  1.89006507e-01
   6.49519190e-02 -3.18425968e-02  2.55966466e-02  2.20696069e-03
  -5.20192906e-02 -4.77451719e-02 -8.53185207e-02  3.08799301e-03
  -6.19903440e-03  3.71943302e-02 -5.55360354e-02  6.04026169e-02
   3.35022472e-02 -4.13952209e-02  1.49340963e-03 -7.55105838e-02
  -1.01374552e-01  1.08957864e-01 -8.69444162e-02 -3.91789116e-02
   1.46278158e-01  4.32856828e-02  7.38203004e-02 -1.15783364e-01
   3.00435908e-02 -8.76751095e-02 -2.44146697e-02 -6.73805401e-02
  -1.09513856e-01 -3.83446887e-02  3.50290760e-02 -7.68786594e-02
   4.93160263e-02 -7.06655458e-02 -2.95984442e-03 -1.47633301e-02]]
[[ 1.02565974e-01 -1.19320512e-01 -6.19354323e-02 -2.45107442e-01
  -6.02058088e-03  1.86699033e-02 -4.82173935e-02 -2.28152443e-02
   1.16020769e-01  8.68977048e-03 -1.29691690e-01  5.91120087e-02
   7.57319033e-02  1.35493323e-01 -1.34693295e-01 -1.10146374e-01
   6.68772981e-02 -6.45695105e-02  1.05546555e-02 -1.87240820e-02
   2.51490753e-02  1.81807384e-01  2.04181280e-02 -3.16214114e-02
  -1.92297362e-02 -6.44440800e-02 -6.73983768e-02  4.24116515e-02
   9.56355594e-03 -9.41382572e-02 -7.23314062e-02  7.73986280e-02
   1.13328941e-01 -1.60843693e-02  2.03929335e-01  6.40428737e-02
   6.10669591e-02 -8.30975547e-02 -3.28015089e-02  4.31750268e-02
  -7.53454641e-02 -1.54734654e-02 -8.44602287e-02  3.35871190e-01
  -1.89959873e-02 -1.03007620e-02  9.05078650e-02 -1.13888815e-01
  -6.07220456e-02 -3.37075889e-02 -1.15337342e-01 -9.55159813e-02
  -1.28825335e-02  1.59270577e-02  1.63004115e-01  7.16139823e-02
  -9.01811942e-02  4.55196314e-02  9.54956263e-02 -1.23482399e-01
   2.88069434e-02  7.58029446e-02  9.47757624e-03 -1.47774115e-01
  -1.91707797e-02 -4.73561250e-02 -2.18014559e-03 -7.70895928e-02
  -1.12212874e-01  1.48763046e-01 -2.40215119e-02 -8.42055827e-02
  -4.52647880e-02 -6.61068186e-02  3.56127173e-02  1.71668902e-01
  -5.49137965e-02 -7.86813349e-02 -5.38461357e-02  2.19307169e-02
   1.75430581e-01 -2.60902755e-03 -1.32058367e-01  1.03092998e-01
  -7.36726001e-02 -2.02245358e-02  7.20957667e-02  1.13260597e-01
   5.87490983e-02 -1.71893299e-01  8.80950174e-05  1.89006507e-01
   6.49519190e-02 -3.18425968e-02  2.55966466e-02  2.20696069e-03
  -5.20192906e-02 -4.77451719e-02 -8.53185207e-02  3.08799301e-03
  -6.19903440e-03  3.71943302e-02 -5.55360354e-02  6.04026169e-02
   3.35022472e-02 -4.13952209e-02  1.49340963e-03 -7.55105838e-02
  -1.01374552e-01  1.08957864e-01 -8.69444162e-02 -3.91789116e-02
   1.46278158e-01  4.32856828e-02  7.38203004e-02 -1.15783364e-01
   3.00435908e-02 -8.76751095e-02 -2.44146697e-02 -6.73805401e-02
  -1.09513856e-01 -3.83446887e-02  3.50290760e-02 -7.68786594e-02
   4.93160263e-02 -7.06655458e-02 -2.95984442e-03 -1.47633301e-02]]
[[ 1.02565974e-01 -1.19320512e-01 -6.19354323e-02 -2.45107442e-01
  -6.02058088e-03  1.86699033e-02 -4.82173935e-02 -2.28152443e-02
   1.16020769e-01  8.68977048e-03 -1.29691690e-01  5.91120087e-02
   7.57319033e-02  1.35493323e-01 -1.34693295e-01 -1.10146374e-01
   6.68772981e-02 -6.45695105e-02  1.05546555e-02 -1.87240820e-02
   2.51490753e-02  1.81807384e-01  2.04181280e-02 -3.16214114e-02
  -1.92297362e-02 -6.44440800e-02 -6.73983768e-02  4.24116515e-02
   9.56355594e-03 -9.41382572e-02 -7.23314062e-02  7.73986280e-02
   1.13328941e-01 -1.60843693e-02  2.03929335e-01  6.40428737e-02
   6.10669591e-02 -8.30975547e-02 -3.28015089e-02  4.31750268e-02
  -7.53454641e-02 -1.54734654e-02 -8.44602287e-02  3.35871190e-01
  -1.89959873e-02 -1.03007620e-02  9.05078650e-02 -1.13888815e-01
  -6.07220456e-02 -3.37075889e-02 -1.15337342e-01 -9.55159813e-02
  -1.28825335e-02  1.59270577e-02  1.63004115e-01  7.16139823e-02
  -9.01811942e-02  4.55196314e-02  9.54956263e-02 -1.23482399e-01
   2.88069434e-02  7.58029446e-02  9.47757624e-03 -1.47774115e-01
  -1.91707797e-02 -4.73561250e-02 -2.18014559e-03 -7.70895928e-02
  -1.12212874e-01  1.48763046e-01 -2.40215119e-02 -8.42055827e-02
  -4.52647880e-02 -6.61068186e-02  3.56127173e-02  1.71668902e-01
  -5.49137965e-02 -7.86813349e-02 -5.38461357e-02  2.19307169e-02
   1.75430581e-01 -2.60902755e-03 -1.32058367e-01  1.03092998e-01
  -7.36726001e-02 -2.02245358e-02  7.20957667e-02  1.13260597e-01
   5.87490983e-02 -1.71893299e-01  8.80950174e-05  1.89006507e-01
   6.49519190e-02 -3.18425968e-02  2.55966466e-02  2.20696069e-03
  -5.20192906e-02 -4.77451719e-02 -8.53185207e-02  3.08799301e-03
  -6.19903440e-03  3.71943302e-02 -5.55360354e-02  6.04026169e-02
   3.35022472e-02 -4.13952209e-02  1.49340963e-03 -7.55105838e-02
  -1.01374552e-01  1.08957864e-01 -8.69444162e-02 -3.91789116e-02
   1.46278158e-01  4.32856828e-02  7.38203004e-02 -1.15783364e-01
   3.00435908e-02 -8.76751095e-02 -2.44146697e-02 -6.73805401e-02
  -1.09513856e-01 -3.83446887e-02  3.50290760e-02 -7.68786594e-02
   4.93160263e-02 -7.06655458e-02 -2.95984442e-03 -1.47633301e-02]]
